58015,2019-10-13 22:15:00,29.1,1012.8,86,210,8.2,0.2,1301.9
58102,2019-10-13 22:15:00,24.4,1023.4,71,356,12.6,0.2,1416.6
58118,2019-10-13 22:15:00,33.0,1013.2,95,40,12.9,1.0,1142.3
58122,2019-10-13 22:15:00,29.6,1005.5,99,177,3.2,1.1,1174.1
58203,2019-10-13 22:15:00,18.2,1001.6,33,357,10.5,0.9,1167.5
58215,2019-10-13 22:15:00,7.7,1011.4,13,40,13.6,1.5,1040.0
58221,2019-10-13 22:15:00,22.3,1016.7,42,317,1.6,0.3,1456.4
58225,2019-10-13 22:15:00,27.7,1005.2,81,268,9.7,0.3,1005.3
58236,2019-10-13 22:15:00,31.8,1026.3,96,336,10.2,1.5,1223.0
58311,2019-10-13 22:15:00,29.8,1017.8,45,258,8.0,0.1,1443.5
58314,2019-10-13 22:15:00,25.5,1003.7,28,350,5.9,1.3,1414.1
58319,2019-10-13 22:15:00,14.7,1003.3,18,242,0.0,1.4,1463.5
58321,2019-10-13 22:15:00,18.7,1025.1,49,188,4.1,1.1,1218.7
58326,2019-10-13 22:15:00,18.3,1007.0,31,4,12.5,0.7,1479.9
58336,2019-10-13 22:15:00,34.6,1007.9,34,113,7.8,0.8,1210.8
58338,2019-10-13 22:15:00,5.6,1018.8,76,84,14.2,0.4,1050.9
58414,2019-10-13 22:15:00,10.6,1019.7,30,112,12.5,0.1,1440.7
58419,2019-10-13 22:15:00,0.5,1001.9,58,242,5.1,1.2,1058.4
58424,2019-10-13 22:15:00,1.9,1006.2,74,194,5.3,0.6,1173.1
58429,2019-10-13 22:15:00,24.5,1006.6,68,20,0.4,1.4,1042.2
58436,2019-10-13 22:15:00,5.1,1021.7,23,183,12.9,0.3,1207.7
58437,2019-10-13 22:15:00,23.1,1023.2,8,324,5.9,1.3,1096.9
58520,2019-10-13 22:15:00,17.6,1008.0,58,339,12.2,1.1,1265.0
58531,2019-10-13 22:15:00,32.5,1010.1,39,66,6.2,1.3,1383.0
54406,2019-10-13 22:15:00,27.2,1005.0,63,159,8.7,0.4,1396.0
54416,2019-10-13 22:15:00,26.7,1011.8,98,253,2.2,0.1,1496.3
54511,2019-10-13 22:15:00,9.9,1001.2,89,94,12.9,1.3,1221.9
58725,2019-10-13 22:15:00,13.1,1016.3,64,58,12.2,0.1,1043.0
58730,2019-10-13 22:15:00,19.7,1008.4,63,287,10.9,0.0,1381.0
58731,2019-10-13 22:15:00,15.7,1008.2,90,134,5.2,0.3,1053.0
58734,2019-10-13 22:15:00,12.3,1023.1,38,6,12.0,1.3,1062.9
58737,2019-10-13 22:15:00,12.0,1022.3,39,260,0.3,0.5,1476.7
58744,2019-10-13 22:15:00,20.3,1015.8,15,264,11.4,0.4,1071.6
58754,2019-10-13 22:15:00,19.0,1026.4,99,291,1.8,0.4,1326.7
58818,2019-10-13 22:15:00,11.6,1025.7,78,86,7.5,1.1,1040.8
58820,2019-10-13 22:15:00,7.5,1002.9,58,294,11.7,0.7,1447.3
58834,2019-10-13 22:15:00,32.9,1020.3,77,260,0.1,0.2,1437.9
58837,2019-10-13 22:15:00,18.2,1014.0,37,210,2.6,1.0,1475.0
58843,2019-10-13 22:15:00,12.2,1021.9,52,47,0.3,0.4,1013.0
58846,2019-10-13 22:15:00,29.1,1016.0,71,213,14.0,1.1,1040.0
58847,2019-10-13 22:15:00,15.0,1024.9,66,2,7.2,1.3,1478.8
58911,2019-10-13 22:15:00,12.0,1018.5,100,203,0.7,0.7,1261.7
58918,2019-10-13 22:15:00,11.2,1008.7,100,242,14.8,1.0,1302.2
58921,2019-10-13 22:15:00,18.5,1025.6,16,350,12.6,0.9,1149.8
58926,2019-10-13 22:15:00,10.5,1014.4,76,290,9.0,1.3,1450.8
58927,2019-10-13 22:15:00,32.8,1005.1,100,70,7.4,1.5,1368.6
58931,2019-10-13 22:15:00,22.9,1003.8,25,151,11.2,0.3,1176.1
58933,2019-10-13 22:15:00,12.3,1024.6,3,263,5.9,0.9,1105.7
58936,2019-10-13 22:15:00,33.9,1000.6,50,346,7.0,0.1,1214.6
58944,2019-10-13 22:15:00,23.6,1007.5,53,97,0.8,0.4,1352.2
59113,2019-10-13 22:15:00,16.4,1019.5,58,178,9.3,0.1,1090.8
59126,2019-10-13 22:15:00,10.7,1009.2,95,347,8.5,1.2,1446.3
59133,2019-10-13 22:15:00,31.5,1001.8,76,283,7.4,0.9,1261.0
59134,2019-10-13 22:15:00,10.7,1002.1,30,19,7.6,1.0,1230.1
59321,2019-10-13 22:15:00,30.4,1025.6,61,91,9.1,1.3,1189.0
52323,2019-10-13 22:15:00,14.9,1005.1,83,292,0.8,0.8,1316.6
52418,2019-10-13 22:15:00,13.2,1012.6,94,319,14.4,0.1,1028.4
52424,2019-10-13 22:15:00,26.8,1003.5,65,258,0.6,0.1,1296.6
52436,2019-10-13 22:15:00,21.8,1021.7,19,180,6.5,1.4,1117.5
52446,2019-10-13 22:15:00,21.3,1022.2,37,325,14.8,1.0,1334.7
52447,2019-10-13 22:15:00,10.3,1019.8,2,53,7.5,1.0,1055.2
52533,2019-10-13 22:15:00,17.5,1014.5,68,92,11.7,1.5,1234.9
52546,2019-10-13 22:15:00,32.1,1018.3,93,197,0.6,1.4,1049.6
52652,2019-10-13 22:15:00,1.2,1002.7,26,152,9.1,0.6,1499.5
52661,2019-10-13 22:15:00,13.3,1022.9,15,200,3.5,1.5,1082.7
52674,2019-10-13 22:15:00,11.6,1010.2,99,163,7.9,0.1,1218.8
52679,2019-10-13 22:15:00,0.5,1013.5,39,20,3.1,1.0,1419.1
52681,2019-10-13 22:15:00,15.5,1001.1,13,122,3.8,1.3,1288.4
52787,2019-10-13 22:15:00,7.4,1013.8,72,54,4.0,1.4,1356.9
52797,2019-10-13 22:15:00,24.9,1019.5,81,57,11.7,0.7,1250.6
52884,2019-10-13 22:15:00,14.6,1016.5,49,304,10.3,0.3,1057.1
52895,2019-10-13 22:15:00,35.0,1008.8,99,343,2.0,0.2,1290.4
52983,2019-10-13 22:15:00,18.1,1009.7,33,30,0.5,0.3,1039.6
52984,2019-10-13 22:15:00,28.2,1011.8,92,142,9.9,0.7,1057.1
52986,2019-10-13 22:15:00,26.4,1017.4,33,75,5.5,0.8,1165.5
52996,2019-10-13 22:15:00,7.7,1021.1,29,74,4.5,1.4,1120.9
53821,2019-10-13 22:15:00,10.4,1003.6,55,265,14.3,0.6,1098.0
53915,2019-10-13 22:15:00,5.5,1010.7,33,156,3.5,0.7,1198.4
53923,2019-10-13 22:15:00,30.5,1001.1,31,73,5.5,0.6,1170.8
56074,2019-10-13 22:15:00,17.7,1002.4,81,252,6.8,0.8,1193.4
56080,2019-10-13 22:15:00,16.4,1012.8,36,50,2.9,1.0,1041.4
56093,2019-10-13 22:15:00,7.1,1025.5,24,253,12.4,0.0,1406.7
56096,2019-10-13 22:15:00,9.5,1007.8,92,128,8.4,1.3,1402.0
57014,2019-10-13 22:15:00,16.8,1023.0,23,136,3.2,0.6,1456.0
57996,2019-10-13 22:15:00,8.8,1025.4,48,63,0.4,1.1,1188.6
59072,2019-10-13 22:15:00,24.2,1010.4,1,340,10.9,0.8,1394.8
59082,2019-10-13 22:15:00,26.4,1021.2,59,206,1.7,1.4,1473.8
59087,2019-10-13 22:15:00,4.0,1023.6,49,226,5.9,1.4,1381.0
59088,2019-10-13 22:15:00,1.3,1016.4,36,101,14.0,1.1,1273.9
59096,2019-10-13 22:15:00,32.7,1008.0,2,162,4.9,0.9,1119.0
59097,2019-10-13 22:15:00,21.0,1019.0,81,24,0.7,0.3,1128.1
59107,2019-10-13 22:15:00,22.1,1007.9,90,351,6.2,0.5,1114.1
59116,2019-10-13 22:15:00,1.3,1000.2,84,204,3.3,1.1,1302.3
59117,2019-10-13 22:15:00,28.7,1011.4,14,47,7.6,0.2,1298.6
59271,2019-10-13 22:15:00,13.5,1001.1,46,327,9.3,0.1,1379.4
59278,2019-10-13 22:15:00,4.2,1007.6,79,200,0.5,1.1,1261.5
59280,2019-10-13 22:15:00,20.7,1020.1,41,173,6.5,0.3,1297.0
59287,2019-10-13 22:15:00,33.8,1020.4,64,83,9.8,0.9,1407.4
59289,2019-10-13 22:15:00,2.8,1010.3,46,215,5.9,1.4,1409.9
59293,2019-10-13 22:15:00,2.2,1022.2,32,28,3.6,0.5,1356.1
59294,2019-10-13 22:15:00,11.4,1018.9,100,123,8.5,0.3,1354.0
59298,2019-10-13 22:15:00,8.9,1025.9,68,31,0.9,0.6,1082.9
59303,2019-10-13 22:15:00,13.5,1002.1,19,18,5.5,1.1,1071.6
59304,2019-10-13 22:15:00,0.4,1011.7,89,71,2.6,0.7,1053.1
59306,2019-10-13 22:15:00,9.5,1025.6,68,246,6.2,1.0,1475.6
59310,2019-10-13 22:15:00,34.9,1022.9,31,132,2.4,1.3,1029.9
59316,2019-10-13 22:15:00,31.3,1008.0,32,266,9.1,1.3,1064.7
59317,2019-10-13 22:15:00,20.9,1001.3,31,185,7.5,1.4,1465.1
59324,2019-10-13 22:15:00,14.6,1013.7,69,134,2.3,1.1,1078.6
59456,2019-10-13 22:15:00,8.5,1025.6,94,216,1.5,0.8,1121.9
59462,2019-10-13 22:15:00,33.1,1007.6,46,48,5.1,0.0,1148.2
59478,2019-10-13 22:15:00,12.0,1006.9,12,131,9.7,1.3,1036.2
59485,2019-10-13 22:15:00,25.1,1021.2,46,55,5.4,0.1,1259.5
59488,2019-10-13 22:15:00,13.2,1010.0,62,206,0.8,1.5,1432.2
59493,2019-10-13 22:15:00,1.5,1025.3,92,317,5.4,0.4,1038.4
59501,2019-10-13 22:15:00,5.6,1024.9,74,203,9.5,0.0,1336.2
59658,2019-10-13 22:15:00,16.3,1004.1,56,108,14.0,0.0,1373.1
59663,2019-10-13 22:15:00,8.9,1012.7,86,113,6.9,0.3,1462.4
59664,2019-10-13 22:15:00,23.4,1011.6,94,94,13.9,0.9,1118.8
59673,2019-10-13 22:15:00,21.5,1010.3,70,35,13.8,0.2,1421.9
59754,2019-10-13 22:15:00,5.7,1001.2,58,282,5.5,0.8,1477.9
57947,2019-10-13 22:15:00,33.3,1010.3,47,231,8.5,0.4,1078.0
57957,2019-10-13 22:15:00,15.2,1019.3,8,6,9.1,1.2,1094.7
57958,2019-10-13 22:15:00,19.5,1020.7,17,167,1.1,0.1,1095.0
59021,2019-10-13 22:15:00,7.4,1012.5,94,336,5.9,1.4,1084.3
59023,2019-10-13 22:15:00,23.2,1001.6,22,331,3.4,1.1,1158.3
59027,2019-10-13 22:15:00,2.4,1011.6,71,310,3.6,0.1,1405.2
59037,2019-10-13 22:15:00,11.5,1001.4,62,49,11.7,0.1,1391.7
59046,2019-10-13 22:15:00,34.1,1008.4,25,179,4.6,1.3,1301.5
59058,2019-10-13 22:15:00,12.3,1018.7,87,301,4.0,1.5,1390.6
59065,2019-10-13 22:15:00,17.5,1006.6,91,80,3.0,0.4,1013.5
59209,2019-10-13 22:15:00,28.2,1020.4,100,216,7.1,1.2,1424.7
59211,2019-10-13 22:15:00,3.0,1002.6,47,308,10.7,0.6,1100.1
59218,2019-10-13 22:15:00,12.7,1002.7,67,131,11.4,0.0,1080.9
59228,2019-10-13 22:15:00,14.0,1026.3,22,243,9.0,0.4,1322.5
59242,2019-10-13 22:15:00,18.4,1023.4,67,268,11.4,1.3,1492.8
59254,2019-10-13 22:15:00,6.3,1009.9,95,327,2.2,0.0,1042.0
59265,2019-10-13 22:15:00,7.9,1026.0,99,276,10.9,0.4,1453.6
59417,2019-10-13 22:15:00,18.4,1015.6,85,61,3.4,1.0,1499.7
59431,2019-10-13 22:15:00,34.7,1005.5,2,18,14.4,1.5,1471.6
59446,2019-10-13 22:15:00,17.2,1011.5,76,37,1.6,0.1,1380.9
59453,2019-10-13 22:15:00,32.7,1010.6,24,251,3.3,0.9,1484.8
59626,2019-10-13 22:15:00,31.6,1023.8,59,327,5.9,0.7,1373.9
59631,2019-10-13 22:15:00,29.2,1016.3,66,262,7.3,1.0,1186.7
59632,2019-10-13 22:15:00,8.6,1013.6,12,250,12.3,1.1,1332.1
59644,2019-10-13 22:15:00,14.5,1002.0,9,290,12.8,1.1,1115.3
59647,2019-10-13 22:15:00,19.1,1018.5,13,235,9.5,1.1,1376.3
56691,2019-10-13 22:15:00,13.7,1007.3,24,141,12.1,0.4,1043.3
56693,2019-10-13 22:15:00,23.1,1018.7,97,207,9.3,1.1,1248.0
56792,2019-10-13 22:15:00,15.9,1018.6,30,77,10.9,1.3,1103.7
56793,2019-10-13 22:15:00,6.6,1025.0,42,249,12.7,0.2,1249.4
57606,2019-10-13 22:15:00,11.4,1014.2,80,278,4.7,0.6,1214.9
57614,2019-10-13 22:15:00,12.4,1000.2,8,76,10.1,0.3,1336.5
57625,2019-10-13 22:15:00,17.6,1008.8,86,162,6.1,1.4,1400.5
57647,2019-10-13 22:15:00,1.1,1010.3,61,258,2.5,1.3,1248.5
57707,2019-10-13 22:15:00,27.9,1012.7,64,337,3.6,0.6,1491.3
57710,2019-10-13 22:15:00,19.1,1014.3,41,333,9.1,0.3,1284.0
57712,2019-10-13 22:15:00,12.3,1020.8,58,19,11.8,1.0,1223.0
57718,2019-10-13 22:15:00,35.0,1009.8,74,252,6.3,1.3,1147.6
57722,2019-10-13 22:15:00,7.6,1021.2,70,263,9.6,0.8,1227.9
57729,2019-10-13 22:15:00,9.1,1017.9,82,66,2.9,1.3,1254.6
57731,2019-10-13 22:15:00,1.8,1002.0,94,275,7.5,1.4,1049.5
57741,2019-10-13 22:15:00,14.3,1007.4,8,177,0.4,0.1,1456.0
57803,2019-10-13 22:15:00,34.0,1007.6,92,298,0.5,1.2,1284.2
57805,2019-10-13 22:15:00,7.5,1014.6,27,227,7.7,1.1,1450.8
57806,2019-10-13 22:15:00,2.3,1014.5,26,129,10.3,1.5,1149.9
57816,2019-10-13 22:15:00,11.9,1022.6,51,326,6.8,0.6,1285.6
57825,2019-10-13 22:15:00,0.6,1013.6,85,50,0.9,1.5,1276.4
57827,2019-10-13 22:15:00,1.2,1016.4,54,139,13.5,0.0,1380.7
57832,2019-10-13 22:15:00,19.0,1005.2,60,274,12.0,0.9,1282.8
57839,2019-10-13 22:15:00,7.0,1004.3,1,333,13.1,0.2,1189.3
57840,2019-10-13 22:15:00,1.0,1024.5,87,242,10.3,0.6,1071.3
57902,2019-10-13 22:15:00,23.6,1001.9,65,68,3.8,0.5,1373.8
57906,2019-10-13 22:15:00,0.7,1009.9,54,123,3.9,0.0,1250.4
57907,2019-10-13 22:15:00,24.6,1016.8,25,82,1.3,0.0,1355.1
57910,2019-10-13 22:15:00,11.8,1018.9,72,306,14.1,1.3,1428.4
57912,2019-10-13 22:15:00,25.7,1010.7,37,88,8.3,0.0,1497.2
57916,2019-10-13 22:15:00,33.9,1017.0,88,2,7.1,0.0,1444.0
57922,2019-10-13 22:15:00,13.1,1019.8,67,89,6.2,1.0,1116.8
57926,2019-10-13 22:15:00,20.1,1012.4,92,2,9.8,1.4,1139.6
57932,2019-10-13 22:15:00,2.0,1025.8,42,356,10.5,1.0,1120.3
59758,2019-10-13 22:15:00,4.9,1012.0,85,235,0.2,0.3,1346.0
59838,2019-10-13 22:15:00,14.0,1026.0,67,296,12.4,1.2,1251.9
59845,2019-10-13 22:15:00,27.3,1020.1,10,193,9.5,0.0,1412.4
59849,2019-10-13 22:15:00,18.5,1005.6,10,177,4.2,1.0,1128.3
59855,2019-10-13 22:15:00,19.3,1012.5,71,170,6.3,1.0,1231.4
59948,2019-10-13 22:15:00,32.4,1006.3,27,3,14.3,1.2,1234.0
59954,2019-10-13 22:15:00,3.6,1018.3,87,235,5.7,1.1,1454.9
59981,2019-10-13 22:15:00,17.9,1012.7,10,120,7.0,1.0,1209.4
53399,2019-10-13 22:15:00,19.9,1001.0,63,222,5.3,0.8,1145.2
53593,2019-10-13 22:15:00,5.3,1014.7,63,143,6.5,0.8,1365.7
53698,2019-10-13 22:15:00,8.8,1020.2,60,168,1.7,0.5,1314.0
53798,2019-10-13 22:15:00,2.6,1019.1,57,69,4.8,0.1,1494.1
54308,2019-10-13 22:15:00,34.8,1018.0,19,275,10.6,1.2,1045.0
54311,2019-10-13 22:15:00,31.3,1006.8,55,177,5.0,0.0,1377.4
54401,2019-10-13 22:15:00,32.6,1011.5,92,187,4.9,0.2,1101.5
54405,2019-10-13 22:15:00,13.3,1022.2,92,231,14.4,0.7,1461.5
54423,2019-10-13 22:15:00,2.5,1025.5,2,227,0.2,0.7,1126.8
54429,2019-10-13 22:15:00,13.2,1010.7,53,101,11.7,1.0,1226.1
54436,2019-10-13 22:15:00,32.4,1015.8,64,146,14.1,0.2,1175.9
54449,2019-10-13 22:15:00,8.5,1019.5,22,99,5.4,0.8,1022.6
54518,2019-10-13 22:15:00,7.0,1011.1,24,105,2.8,0.9,1212.0
54534,2019-10-13 22:15:00,0.4,1005.8,68,161,0.2,1.2,1237.8
54535,2019-10-13 22:15:00,13.8,1018.7,14,262,11.1,0.4,1394.8
54539,2019-10-13 22:15:00,16.0,1003.6,95,36,13.8,0.7,1274.0
54602,2019-10-13 22:15:00,32.8,1017.1,8,165,14.4,1.0,1184.9
54606,2019-10-13 22:15:00,28.7,1022.6,7,316,1.2,0.6,1289.9
54618,2019-10-13 22:15:00,19.2,1007.1,13,358,7.8,0.2,1190.7
54624,2019-10-13 22:15:00,29.8,1012.9,62,357,8.5,1.1,1445.0
54705,2019-10-13 22:15:00,2.9,1013.4,51,250,0.7,0.5,1221.6
53898,2019-10-13 22:15:00,31.9,1012.3,62,46,0.5,1.5,1285.6
53986,2019-10-13 22:15:00,16.1,1021.1,85,263,8.9,0.4,1075.4
57051,2019-10-13 22:15:00,34.9,1000.9,7,33,2.9,0.7,1107.8
57067,2019-10-13 22:15:00,6.1,1020.1,58,44,5.2,1.1,1489.7
57071,2019-10-13 22:15:00,6.8,1016.8,34,52,11.3,1.0,1457.5
57077,2019-10-13 22:15:00,31.6,1025.8,26,97,0.5,0.5,1233.0
57083,2019-10-13 22:15:00,19.4,1008.8,99,118,8.2,0.8,1042.6
57084,2019-10-13 22:15:00,14.8,1002.1,96,120,9.9,0.0,1150.9
57089,2019-10-13 22:15:00,10.6,1003.3,43,210,8.3,0.7,1101.9
57091,2019-10-13 22:15:00,17.5,1008.1,15,157,3.4,1.5,1149.0
57156,2019-10-13 22:15:00,19.0,1019.1,80,320,10.9,1.4,1160.2
57178,2019-10-13 22:15:00,6.9,1012.7,43,317,0.6,1.3,1262.2
57181,2019-10-13 22:15:00,27.0,1015.5,66,69,5.8,0.3,1143.4
57193,2019-10-13 22:15:00,8.1,1024.4,95,30,0.7,0.0,1233.8
57285,2019-10-13 22:15:00,16.4,1014.2,14,335,10.3,0.1,1286.3
57290,2019-10-13 22:15:00,13.8,1001.3,34,27,5.5,1.2,1371.3
57297,2019-10-13 22:15:00,17.3,1010.4,6,91,1.5,0.6,1057.4
58005,2019-10-13 22:15:00,10.7,1000.9,52,259,1.5,1.4,1477.4
58111,2019-10-13 22:15:00,0.7,1009.6,69,244,6.0,1.3,1114.6
58208,2019-10-13 22:15:00,4.0,1009.6,75,7,9.9,0.7,1295.1
50136,2019-10-13 22:15:00,29.3,1006.4,52,230,5.9,0.1,1431.1
50246,2019-10-13 22:15:00,16.2,1003.9,74,251,1.1,0.9,1411.4
50247,2019-10-13 22:15:00,29.9,1007.8,32,19,7.9,0.3,1373.2
50349,2019-10-13 22:15:00,21.0,1009.3,67,295,5.9,1.2,1168.4
50353,2019-10-13 22:15:00,29.4,1004.3,23,216,9.3,0.5,1294.5
50442,2019-10-13 22:15:00,3.9,1005.4,81,352,11.6,0.1,1437.1
50468,2019-10-13 22:15:00,11.2,1011.0,7,355,0.3,0.9,1241.4
50557,2019-10-13 22:15:00,25.2,1003.1,22,147,7.4,0.7,1362.9
50564,2019-10-13 22:15:00,21.7,1019.9,22,322,3.3,1.1,1069.2
50656,2019-10-13 22:15:00,19.3,1013.1,98,194,5.5,0.9,1056.4
50658,2019-10-13 22:15:00,3.0,1018.4,50,140,1.5,0.7,1216.7
50674,2019-10-13 22:15:00,16.8,1020.9,63,85,4.0,1.2,1398.8
50739,2019-10-13 22:15:00,30.9,1004.3,68,209,5.5,1.2,1011.9
50742,2019-10-13 22:15:00,30.7,1001.9,55,228,5.7,0.7,1076.1
50745,2019-10-13 22:15:00,31.9,1016.2,69,6,1.7,1.3,1135.8
50756,2019-10-13 22:15:00,9.0,1021.9,95,222,7.8,0.1,1214.5
50758,2019-10-13 22:15:00,4.9,1018.8,93,104,1.6,0.7,1209.5
50774,2019-10-13 22:15:00,6.2,1022.2,30,61,3.8,1.2,1188.0
50778,2019-10-13 22:15:00,10.4,1022.4,84,117,2.4,0.7,1493.9
50788,2019-10-13 22:15:00,14.7,1012.8,35,327,5.2,0.8,1173.5
50844,2019-10-13 22:15:00,13.3,1025.7,42,180,13.0,0.6,1222.8
50853,2019-10-13 22:15:00,22.3,1019.2,70,150,14.9,1.1,1252.0
50854,2019-10-13 22:15:00,5.9,1002.5,66,154,7.6,0.5,1497.1
50862,2019-10-13 22:15:00,3.5,1008.9,40,245,7.7,0.9,1378.2
50873,2019-10-13 22:15:00,5.7,1013.4,7,251,4.3,1.1,1083.0
50877,2019-10-13 22:15:00,24.3,1005.3,96,185,13.3,0.1,1170.1
50888,2019-10-13 22:15:00,16.9,1004.1,32,94,0.3,0.1,1150.8
50950,2019-10-13 22:15:00,21.2,1006.5,5,284,5.4,1.2,1175.6
50953,2019-10-13 22:15:00,2.4,1021.6,55,223,12.7,0.8,1028.9
50955,2019-10-13 22:15:00,4.8,1016.4,39,37,9.5,1.4,1465.1
50963,2019-10-13 22:15:00,26.7,1022.6,22,292,6.9,0.1,1185.3
50968,2019-10-13 22:15:00,0.4,1024.9,48,187,0.4,1.1,1399.9
50973,2019-10-13 22:15:00,12.4,1007.9,74,182,7.3,0.7,1091.4
50978,2019-10-13 22:15:00,32.6,1013.9,34,183,10.0,0.3,1432.2
50983,2019-10-13 22:15:00,17.1,1019.2,47,123,1.0,0.0,1275.7
54094,2019-10-13 22:15:00,19.1,1012.8,27,337,2.7,0.5,1188.1
54096,2019-10-13 22:15:00,21.8,1015.9,9,133,8.0,1.3,1181.6
57251,2019-10-13 22:15:00,31.2,1000.5,95,106,5.1,1.1,1285.5
57256,2019-10-13 22:15:00,30.6,1018.7,7,189,6.0,0.8,1405.8
57259,2019-10-13 22:15:00,22.7,1004.7,14,284,14.7,1.1,1141.3
57265,2019-10-13 22:15:00,12.7,1019.7,79,39,4.8,0.7,1402.8
57278,2019-10-13 22:15:00,21.8,1006.3,42,304,3.1,0.3,1228.2
57279,2019-10-13 22:15:00,4.4,1021.1,24,330,7.0,0.9,1189.4
57355,2019-10-13 22:15:00,13.1,1005.7,18,125,10.6,0.2,1167.3
57358,2019-10-13 22:15:00,26.9,1004.3,75,0,14.2,0.9,1308.2
57359,2019-10-13 22:15:00,11.8,1012.5,46,139,1.0,0.6,1283.2
57363,2019-10-13 22:15:00,18.0,1002.5,46,18,9.3,0.0,1255.3
57378,2019-10-13 22:15:00,27.7,1018.5,61,256,8.4,0.5,1163.0
57381,2019-10-13 22:15:00,23.5,1001.6,15,106,13.7,0.4,1080.9
57395,2019-10-13 22:15:00,21.6,1020.8,20,252,8.3,0.8,1240.2
57399,2019-10-13 22:15:00,19.0,1007.4,99,127,2.9,1.5,1490.7
57439,2019-10-13 22:15:00,22.7,1003.5,39,225,1.5,0.2,1269.9
57445,2019-10-13 22:15:00,5.1,1018.5,87,132,4.1,0.4,1034.9
57447,2019-10-13 22:15:00,9.8,1012.6,18,0,13.4,0.4,1106.9
57458,2019-10-13 22:15:00,28.4,1018.9,28,94,10.8,0.5,1296.4
57461,2019-10-13 22:15:00,27.6,1024.0,72,71,3.5,0.5,1405.4
57476,2019-10-13 22:15:00,8.8,1004.1,83,202,14.1,0.1,1136.7
57482,2019-10-13 22:15:00,23.2,1023.1,38,195,11.2,0.6,1369.7
57483,2019-10-13 22:15:00,17.9,1002.3,12,209,14.9,0.2,1289.8
57493,2019-10-13 22:15:00,28.3,1004.5,37,19,13.5,0.3,1035.8
57494,2019-10-13 22:15:00,10.6,1007.5,13,356,8.2,0.6,1127.3
57545,2019-10-13 22:15:00,22.7,1024.5,78,270,3.9,0.2,1155.6
57573,2019-10-13 22:15:00,31.7,1009.0,6,352,1.5,0.5,1063.3
57581,2019-10-13 22:15:00,25.9,1017.2,57,317,2.5,1.3,1153.0
57583,2019-10-13 22:15:00,29.2,1001.4,40,225,2.7,0.7,1466.1
57595,2019-10-13 22:15:00,24.2,1022.3,93,136,11.5,0.1,1119.1
58402,2019-10-13 22:15:00,0.7,1017.2,78,118,0.9,0.6,1154.2
58407,2019-10-13 22:15:00,31.4,1011.8,85,346,6.3,0.0,1195.9
58500,2019-10-13 22:15:00,4.6,1023.5,100,300,9.2,1.1,1429.4
57554,2019-10-13 22:15:00,28.7,1007.7,48,160,9.2,1.5,1432.3
57562,2019-10-13 22:15:00,1.3,1000.4,68,144,5.3,0.8,1047.3
57574,2019-10-13 22:15:00,1.0,1023.6,38,342,13.4,1.3,1082.3
57584,2019-10-13 22:15:00,23.7,1014.8,64,247,10.1,0.6,1177.8
57642,2019-10-13 22:15:00,18.7,1023.8,27,184,9.8,1.3,1176.3
57649,2019-10-13 22:15:00,5.5,1015.7,65,210,3.3,0.8,1311.2
57655,2019-10-13 22:15:00,6.9,1020.3,90,232,11.1,1.4,1354.8
57662,2019-10-13 22:15:00,26.5,1000.9,87,7,6.5,0.5,1465.0
57669,2019-10-13 22:15:00,33.2,1009.3,76,141,11.9,0.5,1119.8
57671,2019-10-13 22:15:00,1.9,1011.8,22,189,4.5,0.5,1479.9
57673,2019-10-13 22:15:00,5.5,1008.4,28,158,0.0,1.2,1267.0
57679,2019-10-13 22:15:00,26.1,1024.2,69,319,4.8,0.2,1423.0
57682,2019-10-13 22:15:00,15.5,1024.5,95,91,12.0,0.9,1272.9
57687,2019-10-13 22:15:00,34.4,1006.4,22,208,0.2,1.0,1387.6
57745,2019-10-13 22:15:00,16.9,1016.7,83,141,5.1,0.9,1449.0
57749,2019-10-13 22:15:00,34.5,1010.9,22,65,7.6,0.5,1038.1
57752,2019-10-13 22:15:00,29.6,1009.7,84,350,0.2,0.5,1311.9
57758,2019-10-13 22:15:00,9.8,1004.2,71,144,7.6,0.8,1092.5
57761,2019-10-13 22:15:00,25.1,1002.1,43,13,11.8,1.2,1079.9
57766,2019-10-13 22:15:00,0.9,1013.7,66,3,11.7,1.4,1335.1
57774,2019-10-13 22:15:00,23.9,1009.9,18,2,12.6,0.4,1069.5
57776,2019-10-13 22:15:00,2.4,1018.2,40,32,13.4,1.3,1327.8
57779,2019-10-13 22:15:00,9.5,1001.3,42,146,14.0,1.5,1434.4
57780,2019-10-13 22:15:00,14.2,1021.7,46,194,4.9,1.4,1319.2
57841,2019-10-13 22:15:00,0.7,1020.0,51,344,3.1,1.5,1256.0
57845,2019-10-13 22:15:00,1.1,1026.0,52,89,5.2,0.6,1254.6
57853,2019-10-13 22:15:00,8.5,1025.5,63,43,5.3,1.1,1330.0
57857,2019-10-13 22:15:00,20.6,1017.0,81,68,5.2,0.5,1094.0
57860,2019-10-13 22:15:00,18.4,1026.2,53,20,8.9,0.7,1072.1
57866,2019-10-13 22:15:00,3.9,1018.2,24,111,14.2,1.0,1104.9
57872,2019-10-13 22:15:00,12.9,1017.5,15,215,11.7,0.4,1066.9
57874,2019-10-13 22:15:00,1.8,1004.6,41,160,2.1,0.4,1378.4
57889,2019-10-13 22:15:00,33.9,1023.3,23,280,3.7,1.5,1145.6
57965,2019-10-13 22:15:00,22.4,1019.2,90,171,0.4,0.0,1457.6
57972,2019-10-13 22:15:00,18.3,1005.1,4,303,5.3,1.3,1480.3
57974,2019-10-13 22:15:00,19.5,1021.7,22,167,12.8,0.1,1221.2
50936,2019-10-13 22:15:00,23.2,1010.3,100,58,8.3,1.3,1244.8
50945,2019-10-13 22:15:00,21.7,1009.7,63,322,13.4,0.7,1425.5
50948,2019-10-13 22:15:00,20.5,1018.5,37,278,10.4,0.4,1223.4
50949,2019-10-13 22:15:00,25.1,1017.1,65,222,5.9,1.3,1199.8
54041,2019-10-13 22:15:00,4.4,1016.3,53,13,3.1,0.7,1385.4
54049,2019-10-13 22:15:00,11.6,1012.8,82,288,8.1,0.8,1346.4
54063,2019-10-13 22:15:00,29.6,1013.4,96,346,6.5,0.8,1254.1
54064,2019-10-13 22:15:00,4.0,1002.6,79,318,13.9,0.2,1201.4
54142,2019-10-13 22:15:00,22.0,1003.4,46,92,7.7,1.3,1206.4
54157,2019-10-13 22:15:00,21.4,1000.5,10,267,12.9,0.2,1137.2
54161,2019-10-13 22:15:00,29.8,1000.3,10,117,13.8,1.3,1354.6
54165,2019-10-13 22:15:00,5.0,1020.6,33,34,6.9,0.6,1298.0
54171,2019-10-13 22:15:00,16.4,1005.1,18,151,13.5,0.6,1076.9
54181,2019-10-13 22:15:00,0.0,1004.7,41,125,6.4,1.3,1162.9
54186,2019-10-13 22:15:00,24.4,1003.7,73,155,3.2,0.9,1268.3
54195,2019-10-13 22:15:00,24.8,1005.5,22,125,3.3,0.1,1002.1
54260,2019-10-13 22:15:00,26.1,1023.8,5,3,12.4,0.5,1470.6
54263,2019-10-13 22:15:00,21.0,1020.7,82,156,9.9,0.1,1153.3
54266,2019-10-13 22:15:00,32.3,1010.3,59,169,1.5,0.6,1269.6
54273,2019-10-13 22:15:00,32.0,1014.5,3,270,0.8,0.7,1336.0
54276,2019-10-13 22:15:00,1.7,1005.0,48,54,10.0,0.3,1489.1
54284,2019-10-13 22:15:00,4.2,1025.8,88,169,6.5,0.0,1478.3
54285,2019-10-13 22:15:00,14.7,1011.1,72,299,6.6,0.1,1020.5
54286,2019-10-13 22:15:00,26.4,1022.3,58,241,8.0,0.7,1155.0
54292,2019-10-13 22:15:00,11.2,1005.1,51,182,1.9,1.3,1419.7
54363,2019-10-13 22:15:00,31.2,1015.2,90,208,8.0,0.8,1141.8
54374,2019-10-13 22:15:00,20.1,1019.6,56,303,13.7,1.4,1018.0
54377,2019-10-13 22:15:00,3.9,1000.2,35,337,12.2,0.8,1099.3
54386,2019-10-13 22:15:00,4.6,1008.5,74,193,14.4,0.4,1160.9
58026,2019-10-13 22:15:00,9.4,1006.0,56,116,3.0,0.8,1458.2
58027,2019-10-13 22:15:00,16.5,1017.0,23,150,11.6,1.3,1425.4
58038,2019-10-13 22:15:00,27.8,1008.3,20,171,1.2,1.4,1040.8
58040,2019-10-13 22:15:00,2.6,1022.8,24,269,10.3,0.1,1218.5
58047,2019-10-13 22:15:00,9.7,1014.8,62,72,0.0,0.0,1067.0
58130,2019-10-13 22:15:00,17.7,1016.7,87,163,13.4,0.0,1151.0
58135,2019-10-13 22:15:00,26.6,1022.1,80,337,9.1,1.4,1379.8
58138,2019-10-13 22:15:00,23.6,1011.2,75,260,0.2,0.9,1314.9
58141,2019-10-13 22:15:00,17.0,1016.9,68,67,11.9,0.4,1309.0
58143,2019-10-13 22:15:00,22.3,1014.6,74,22,6.0,0.3,1081.2
58150,2019-10-13 22:15:00,29.3,1001.7,52,316,0.5,1.0,1268.6
58158,2019-10-13 22:15:00,11.6,1004.8,80,215,3.3,0.5,1064.9
58238,2019-10-13 22:15:00,23.4,1015.0,30,215,9.7,1.2,1398.2
58241,2019-10-13 22:15:00,2.8,1003.2,28,350,2.5,0.8,1366.7
58251,2019-10-13 22:15:00,2.6,1015.4,91,182,7.8,0.9,1127.4
58252,2019-10-13 22:15:00,19.6,1005.8,90,195,5.2,0.4,1414.5
58255,2019-10-13 22:15:00,29.6,1009.3,38,224,2.5,0.2,1211.7
58259,2019-10-13 22:15:00,17.9,1024.5,76,233,14.2,0.2,1147.4
58265,2019-10-13 22:15:00,29.3,1017.9,29,335,1.3,0.3,1006.5
58343,2019-10-13 22:15:00,8.9,1003.2,22,339,13.6,1.0,1403.6
58345,2019-10-13 22:15:00,28.5,1021.5,57,309,10.5,0.6,1377.0
58354,2019-10-13 22:15:00,6.7,1014.2,26,335,7.7,0.0,1407.5
58356,2019-10-13 22:15:00,15.4,1012.4,32,221,0.8,0.4,1098.2
58358,2019-10-13 22:15:00,3.7,1004.1,87,269,9.3,1.1,1290.3
57598,2019-10-13 22:15:00,31.4,1008.4,68,183,14.9,1.5,1449.4
57696,2019-10-13 22:15:00,15.8,1023.4,59,17,3.4,1.5,1046.6
57789,2019-10-13 22:15:00,10.3,1022.6,41,285,14.2,1.5,1314.0
57793,2019-10-13 22:15:00,16.4,1013.8,75,208,1.4,0.1,1188.7
57799,2019-10-13 22:15:00,32.2,1008.3,99,193,3.8,0.5,1363.0
57894,2019-10-13 22:15:00,32.6,1002.3,74,96,6.0,1.5,1338.6
57896,2019-10-13 22:15:00,24.8,1000.7,78,189,0.3,0.1,1268.3
57993,2019-10-13 22:15:00,30.2,1002.5,25,160,7.4,0.3,1284.7
58506,2019-10-13 22:15:00,19.7,1008.2,79,292,3.2,0.4,1359.1
58507,2019-10-13 22:15:00,4.1,1011.6,68,152,13.2,1.2,1384.3
58519,2019-10-13 22:15:00,30.7,1001.7,46,240,3.9,0.2,1228.7
58527,2019-10-13 22:15:00,10.6,1004.9,1,163,3.1,1.2,1088.8
58600,2019-10-13 22:15:00,10.5,1008.2,26,238,8.9,0.3,1384.8
58606,2019-10-13 22:15:00,24.2,1005.2,49,94,7.5,1.5,1054.7
58608,2019-10-13 22:15:00,21.4,1017.1,19,143,13.0,0.7,1489.0
58622,2019-10-13 22:15:00,17.2,1003.2,50,285,12.8,1.3,1237.1
58626,2019-10-13 22:15:00,5.2,1006.5,5,47,0.3,0.1,1072.6
58634,2019-10-13 22:15:00,10.5,1015.7,69,176,2.1,0.0,1007.1
58637,2019-10-13 22:15:00,11.2,1025.7,22,318,14.0,1.2,1416.0
58705,2019-10-13 22:15:00,10.8,1004.7,10,71,9.7,0.2,1329.6
58715,2019-10-13 22:15:00,12.3,1009.4,17,265,3.4,0.1,1088.3
58718,2019-10-13 22:15:00,17.3,1019.9,71,54,9.3,1.4,1120.9
58806,2019-10-13 22:15:00,1.8,1024.2,66,203,9.1,1.1,1198.6
58813,2019-10-13 22:15:00,4.2,1019.3,35,103,4.0,0.3,1453.9
59092,2019-10-13 22:15:00,5.9,1005.8,3,145,6.2,0.6,1247.7
59102,2019-10-13 22:15:00,3.8,1000.6,56,110,9.8,1.0,1349.5
54236,2019-10-13 22:15:00,27.8,1008.1,80,358,2.3,0.0,1336.7
54237,2019-10-13 22:15:00,29.1,1002.0,47,97,2.0,0.0,1018.2
54243,2019-10-13 22:15:00,15.4,1014.3,95,220,3.3,0.0,1476.0
54254,2019-10-13 22:15:00,33.4,1005.9,69,19,11.2,1.1,1265.2
54259,2019-10-13 22:15:00,27.6,1019.8,67,274,7.0,0.1,1238.4
54324,2019-10-13 22:15:00,22.0,1023.8,86,132,13.1,0.3,1434.2
54326,2019-10-13 22:15:00,21.7,1020.5,11,324,9.3,0.4,1290.9
54333,2019-10-13 22:15:00,12.2,1018.2,83,87,12.6,0.6,1424.1
54334,2019-10-13 22:15:00,4.0,1009.3,68,299,3.1,0.9,1064.3
54335,2019-10-13 22:15:00,28.7,1024.2,18,299,12.6,0.6,1202.1
54337,2019-10-13 22:15:00,19.4,1013.7,21,168,0.4,0.2,1134.5
54339,2019-10-13 22:15:00,11.4,1022.1,91,29,9.8,1.2,1372.3
54342,2019-10-13 22:15:00,13.1,1004.7,87,34,0.5,0.1,1105.7
54346,2019-10-13 22:15:00,30.6,1025.1,71,250,2.3,1.5,1173.4
54349,2019-10-13 22:15:00,1.7,1025.3,53,218,3.2,0.8,1265.3
54351,2019-10-13 22:15:00,4.3,1005.2,45,247,4.8,1.4,1188.7
54353,2019-10-13 22:15:00,28.2,1013.3,77,294,13.7,0.6,1083.2
54365,2019-10-13 22:15:00,18.7,1014.2,55,231,10.8,0.0,1289.0
54452,2019-10-13 22:15:00,33.6,1016.6,63,153,11.1,0.2,1026.1
54454,2019-10-13 22:15:00,30.0,1007.8,64,271,4.7,1.5,1072.3
54455,2019-10-13 22:15:00,21.5,1017.6,87,45,5.1,1.0,1231.0
54470,2019-10-13 22:15:00,26.2,1007.1,9,143,4.3,0.2,1260.3
54471,2019-10-13 22:15:00,14.3,1001.7,88,306,0.8,0.5,1194.7
54472,2019-10-13 22:15:00,25.2,1012.2,64,316,10.8,0.6,1205.5
54476,2019-10-13 22:15:00,17.3,1004.8,70,63,12.6,1.1,1386.7
54486,2019-10-13 22:15:00,21.8,1018.6,69,111,4.7,0.4,1092.7
54493,2019-10-13 22:15:00,26.5,1014.7,22,46,3.6,0.4,1229.6
54497,2019-10-13 22:15:00,19.8,1009.9,5,187,8.1,0.3,1119.1
54563,2019-10-13 22:15:00,29.8,1015.9,35,67,2.9,0.3,1195.4
54579,2019-10-13 22:15:00,21.4,1016.0,99,108,3.1,1.4,1149.5
54584,2019-10-13 22:15:00,34.3,1021.4,18,212,3.8,1.4,1249.4
54660,2019-10-13 22:15:00,29.1,1001.1,4,172,1.7,0.7,1154.8
54662,2019-10-13 22:15:00,3.3,1022.5,27,242,7.1,0.8,1111.9
50425,2019-10-13 22:15:00,32.3,1017.0,40,150,12.5,0.5,1428.5
50434,2019-10-13 22:15:00,17.8,1010.3,62,188,10.4,1.5,1190.1
50514,2019-10-13 22:15:00,14.1,1021.4,84,0,7.2,0.7,1210.5
50527,2019-10-13 22:15:00,3.2,1022.9,88,300,7.1,0.9,1119.0
50548,2019-10-13 22:15:00,4.1,1020.0,72,347,4.2,0.2,1161.7
50603,2019-10-13 22:15:00,29.6,1002.8,61,337,11.1,0.9,1024.4
50618,2019-10-13 22:15:00,14.4,1014.5,30,321,12.0,0.1,1074.5
50632,2019-10-13 22:15:00,4.6,1014.2,30,124,9.8,0.8,1216.4
50639,2019-10-13 22:15:00,18.3,1005.8,7,206,11.0,0.9,1279.4
50727,2019-10-13 22:15:00,24.2,1022.8,24,259,4.6,0.7,1384.9
50834,2019-10-13 22:15:00,24.8,1001.1,66,336,10.9,0.6,1360.7
50838,2019-10-13 22:15:00,34.1,1018.1,23,45,6.5,1.5,1065.8
50915,2019-10-13 22:15:00,11.0,1024.1,86,86,5.4,0.7,1069.5
50924,2019-10-13 22:15:00,2.6,1012.7,71,16,6.7,0.1,1133.5
52267,2019-10-13 22:15:00,28.2,1020.5,36,204,13.6,0.8,1238.0
52495,2019-10-13 22:15:00,27.3,1008.1,42,128,1.0,1.5,1385.8
52576,2019-10-13 22:15:00,12.0,1020.3,16,291,3.9,0.9,1118.8
53068,2019-10-13 22:15:00,23.2,1025.9,35,159,1.9,1.2,1308.0
53083,2019-10-13 22:15:00,13.1,1000.1,15,170,8.1,0.9,1129.6
53149,2019-10-13 22:15:00,23.9,1005.8,79,207,5.1,1.5,1042.3
53192,2019-10-13 22:15:00,8.2,1006.6,2,219,5.4,0.5,1065.2
53195,2019-10-13 22:15:00,0.4,1001.0,13,342,1.4,1.4,1046.8
53276,2019-10-13 22:15:00,11.7,1013.4,81,60,5.7,1.4,1042.3
53336,2019-10-13 22:15:00,16.5,1018.7,2,249,10.2,1.5,1094.6
53352,2019-10-13 22:15:00,10.6,1004.6,77,357,3.9,1.3,1151.9
53362,2019-10-13 22:15:00,8.6,1003.8,92,171,12.0,0.7,1298.6
53367,2019-10-13 22:15:00,34.8,1003.8,88,310,10.9,0.4,1303.5
53391,2019-10-13 22:15:00,33.1,1016.1,18,26,6.6,1.4,1362.1
53446,2019-10-13 22:15:00,18.0,1009.4,97,194,5.2,1.2,1335.1
53463,2019-10-13 22:15:00,28.1,1008.5,1,268,10.4,1.5,1202.4
53480,2019-10-13 22:15:00,7.1,1021.3,66,291,10.1,0.9,1165.0
53502,2019-10-13 22:15:00,23.7,1007.5,77,8,14.1,0.5,1484.6
53513,2019-10-13 22:15:00,25.9,1015.3,3,188,6.3,0.2,1397.1
53529,2019-10-13 22:15:00,5.8,1021.4,47,319,7.9,1.5,1239.3
53543,2019-10-13 22:15:00,30.7,1008.9,80,152,14.3,0.4,1005.4
53547,2019-10-13 22:15:00,13.6,1018.6,10,147,2.8,1.0,1461.7
53602,2019-10-13 22:15:00,3.3,1025.1,75,211,9.7,1.2,1161.5
54012,2019-10-13 22:15:00,28.0,1020.3,67,57,0.4,0.4,1149.0
54026,2019-10-13 22:15:00,1.8,1019.0,85,191,1.0,1.5,1495.5
54027,2019-10-13 22:15:00,0.0,1016.7,63,359,11.5,0.8,1466.4
54102,2019-10-13 22:15:00,13.5,1010.5,47,6,4.3,1.2,1246.5
54115,2019-10-13 22:15:00,13.4,1013.3,62,232,12.6,1.5,1351.2
54134,2019-10-13 22:15:00,10.3,1008.6,68,85,10.7,0.7,1327.7
54135,2019-10-13 22:15:00,16.5,1017.7,24,352,3.1,0.6,1310.5
54208,2019-10-13 22:15:00,18.5,1012.0,31,192,7.2,0.8,1454.9
54213,2019-10-13 22:15:00,14.0,1010.6,61,30,14.6,0.1,1383.5
54218,2019-10-13 22:15:00,27.2,1022.5,93,132,9.3,1.1,1266.9
54226,2019-10-13 22:15:00,21.5,1011.8,59,99,8.2,0.9,1089.3
53519,2019-10-13 22:15:00,30.2,1022.6,16,161,8.3,0.5,1191.4
53612,2019-10-13 22:15:00,18.9,1011.3,17,15,7.1,0.0,1118.5
53614,2019-10-13 22:15:00,1.0,1007.4,100,271,14.9,1.2,1440.6
53615,2019-10-13 22:15:00,13.5,1016.0,65,15,6.8,0.2,1284.3
53704,2019-10-13 22:15:00,22.6,1008.3,11,337,13.1,0.1,1247.0
53705,2019-10-13 22:15:00,19.1,1002.9,86,182,9.9,1.3,1470.4
53723,2019-10-13 22:15:00,18.6,1010.0,87,41,12.9,1.4,1207.6
53806,2019-10-13 22:15:00,3.4,1012.5,28,86,3.5,0.0,1195.9
53810,2019-10-13 22:15:00,8.7,1006.3,93,88,2.6,1.5,1419.5
53817,2019-10-13 22:15:00,6.3,1018.7,58,155,5.9,1.0,1243.5
53903,2019-10-13 22:15:00,34.1,1023.5,100,103,12.7,0.9,1116.1
53910,2019-10-13 22:15:00,5.9,1000.8,10,190,10.5,0.4,1077.2
51886,2019-10-13 22:15:00,16.2,1020.2,42,319,0.1,1.0,1055.2
52602,2019-10-13 22:15:00,10.8,1009.6,38,207,2.3,1.4,1169.8
52633,2019-10-13 22:15:00,0.1,1020.0,17,323,3.8,1.1,1379.6
52645,2019-10-13 22:15:00,11.4,1025.2,55,234,12.8,1.1,1076.1
52657,2019-10-13 22:15:00,34.1,1024.2,85,96,13.4,1.4,1281.8
52707,2019-10-13 22:15:00,9.6,1018.2,36,185,5.3,0.8,1446.4
52713,2019-10-13 22:15:00,11.6,1002.6,72,323,11.1,1.5,1129.2
52737,2019-10-13 22:15:00,19.2,1025.9,37,37,10.8,1.0,1138.4
52754,2019-10-13 22:15:00,16.4,1015.1,9,72,10.8,1.2,1204.9
52765,2019-10-13 22:15:00,3.6,1011.2,77,70,8.6,0.7,1193.3
52818,2019-10-13 22:15:00,2.6,1007.7,52,350,5.8,1.0,1385.4
52825,2019-10-13 22:15:00,1.2,1020.9,44,213,1.5,1.5,1381.4
52833,2019-10-13 22:15:00,23.8,1007.8,35,60,13.1,1.0,1003.4
52836,2019-10-13 22:15:00,16.7,1005.3,34,256,1.1,0.5,1190.4
52842,2019-10-13 22:15:00,32.5,1026.2,14,71,0.9,0.4,1150.4
52856,2019-10-13 22:15:00,33.0,1022.1,99,72,10.0,1.3,1110.4
52866,2019-10-13 22:15:00,26.1,1019.4,9,22,14.9,0.2,1355.4
52868,2019-10-13 22:15:00,24.2,1000.8,40,2,12.8,1.2,1076.8
52876,2019-10-13 22:15:00,2.8,1000.3,77,199,5.7,1.3,1408.0
52908,2019-10-13 22:15:00,27.0,1020.8,44,58,14.9,0.1,1368.2
52943,2019-10-13 22:15:00,24.7,1013.4,49,229,0.8,0.8,1059.3
52955,2019-10-13 22:15:00,11.0,1002.5,67,100,14.0,1.3,1418.9
52974,2019-10-13 22:15:00,25.9,1007.9,22,340,11.2,1.0,1089.4
56004,2019-10-13 22:15:00,21.4,1012.4,34,167,14.9,0.4,1158.6
56018,2019-10-13 22:15:00,23.8,1015.9,61,180,0.5,1.2,1201.4
56021,2019-10-13 22:15:00,35.0,1005.6,34,244,6.8,1.1,1406.5
56029,2019-10-13 22:15:00,1.4,1024.1,81,229,3.7,0.9,1032.9
56033,2019-10-13 22:15:00,26.0,1022.1,93,130,14.3,1.3,1147.4
56034,2019-10-13 22:15:00,7.9,1001.8,88,343,7.2,0.8,1303.7
56043,2019-10-13 22:15:00,18.2,1015.8,65,262,7.7,0.9,1452.1
56046,2019-10-13 22:15:00,24.4,1012.0,84,196,10.6,0.3,1432.3
56065,2019-10-13 22:15:00,20.9,1025.7,79,224,2.0,1.4,1172.0
56067,2019-10-13 22:15:00,25.6,1002.5,77,208,4.8,0.7,1145.1
56125,2019-10-13 22:15:00,4.3,1011.3,47,331,2.4,1.4,1057.9
56151,2019-10-13 22:15:00,35.0,1010.2,64,268,6.2,0.7,1170.6
54715,2019-10-13 22:15:00,26.3,1012.2,94,326,2.9,1.1,1118.1
54725,2019-10-13 22:15:00,21.5,1009.8,30,235,3.8,0.5,1249.9
54727,2019-10-13 22:15:00,14.4,1007.6,27,122,13.6,0.4,1455.7
54744,2019-10-13 22:15:00,13.3,1015.7,59,13,4.9,0.2,1244.8
54751,2019-10-13 22:15:00,11.7,1011.1,19,144,3.5,1.2,1028.8
54753,2019-10-13 22:15:00,28.4,1015.5,15,227,7.9,1.5,1190.9
54764,2019-10-13 22:15:00,20.2,1001.9,11,30,2.2,1.2,1402.2
54774,2019-10-13 22:15:00,1.5,1020.3,39,311,10.2,0.4,1259.0
54776,2019-10-13 22:15:00,25.0,1009.2,99,14,9.5,0.1,1384.9
54808,2019-10-13 22:15:00,12.8,1003.4,3,158,1.4,0.4,1081.5
54823,2019-10-13 22:15:00,22.6,1022.9,52,195,6.0,0.1,1243.3
54826,2019-10-13 22:15:00,28.0,1008.4,50,233,1.7,1.5,1154.4
54836,2019-10-13 22:15:00,20.6,1023.1,53,202,6.0,0.3,1473.8
54842,2019-10-13 22:15:00,15.3,1023.0,40,317,14.9,1.3,1222.8
54843,2019-10-13 22:15:00,20.6,1023.7,5,91,6.7,0.3,1499.4
54857,2019-10-13 22:15:00,20.5,1008.3,56,232,7.7,0.0,1424.0
54863,2019-10-13 22:15:00,1.7,1008.7,26,77,13.0,1.3,1006.7
54909,2019-10-13 22:15:00,27.4,1007.0,80,256,5.2,1.5,1421.9
54916,2019-10-13 22:15:00,0.0,1012.5,25,259,2.0,1.2,1378.3
54929,2019-10-13 22:15:00,22.0,1022.8,13,56,11.3,0.3,1306.1
54936,2019-10-13 22:15:00,24.4,1005.1,38,178,1.5,0.2,1266.1
54945,2019-10-13 22:15:00,13.0,1003.7,99,126,7.4,0.5,1326.9
58034,2019-10-13 22:15:00,7.6,1018.8,21,290,10.9,0.4,1373.2
53478,2019-10-13 22:15:00,25.0,1001.7,84,290,11.5,0.7,1104.3
53487,2019-10-13 22:15:00,17.5,1018.7,20,102,3.6,0.4,1330.7
53490,2019-10-13 22:15:00,15.3,1009.1,68,257,1.5,1.3,1014.4
53564,2019-10-13 22:15:00,18.8,1024.4,70,28,14.3,0.1,1392.5
53578,2019-10-13 22:15:00,24.0,1019.8,1,335,1.5,0.8,1140.5
53579,2019-10-13 22:15:00,11.6,1021.1,44,334,9.6,0.6,1290.8
53588,2019-10-13 22:15:00,7.6,1011.6,97,265,14.4,1.1,1351.1
53594,2019-10-13 22:15:00,30.7,1001.7,70,232,7.6,1.5,1023.1
53663,2019-10-13 22:15:00,25.5,1019.4,21,313,12.4,0.0,1409.8
53664,2019-10-13 22:15:00,34.6,1002.3,14,253,9.2,0.5,1405.3
53673,2019-10-13 22:15:00,11.1,1010.1,76,34,4.4,0.3,1378.3
53687,2019-10-13 22:15:00,22.7,1012.8,99,1,7.0,0.7,1213.9
53764,2019-10-13 22:15:00,22.9,1020.5,76,178,4.5,0.3,1059.8
53772,2019-10-13 22:15:00,16.6,1015.6,53,331,8.0,0.6,1284.4
53775,2019-10-13 22:15:00,17.3,1004.5,77,246,9.8,0.3,1066.1
53787,2019-10-13 22:15:00,11.9,1006.7,4,173,11.7,0.9,1001.9
53853,2019-10-13 22:15:00,9.8,1023.1,90,109,13.3,0.8,1063.5
53859,2019-10-13 22:15:00,34.0,1022.5,52,100,3.6,0.8,1379.8
53863,2019-10-13 22:15:00,31.7,1009.9,52,182,4.9,1.1,1216.2
53868,2019-10-13 22:15:00,12.6,1007.8,1,252,6.0,0.8,1264.6
53877,2019-10-13 22:15:00,24.9,1010.2,14,327,7.8,0.2,1237.7
53882,2019-10-13 22:15:00,1.1,1019.0,17,232,3.5,1.5,1108.0
53884,2019-10-13 22:15:00,17.0,1001.0,60,270,4.9,0.3,1482.9
53959,2019-10-13 22:15:00,26.7,1017.5,94,230,7.3,0.5,1166.1
53963,2019-10-13 22:15:00,2.0,1020.9,21,63,10.7,0.5,1301.6
53968,2019-10-13 22:15:00,19.8,1011.2,92,299,5.7,1.5,1263.9
53975,2019-10-13 22:15:00,2.9,1007.1,89,306,5.2,0.4,1007.0
57052,2019-10-13 22:15:00,5.0,1020.1,93,154,10.1,0.5,1119.4
53646,2019-10-13 22:15:00,34.7,1002.1,47,142,13.0,1.5,1437.9
53651,2019-10-13 22:15:00,20.5,1015.0,13,17,4.0,0.7,1306.8
53725,2019-10-13 22:15:00,16.3,1022.0,73,92,3.6,0.1,1342.6
53735,2019-10-13 22:15:00,19.4,1016.3,19,54,2.4,1.0,1440.5
53738,2019-10-13 22:15:00,0.3,1016.1,53,44,12.9,1.0,1272.6
53740,2019-10-13 22:15:00,5.5,1004.7,49,331,2.0,1.2,1082.8
53754,2019-10-13 22:15:00,30.6,1008.8,9,359,12.5,0.1,1136.0
53845,2019-10-13 22:15:00,3.3,1020.6,62,144,6.1,1.5,1284.7
53854,2019-10-13 22:15:00,22.0,1018.2,47,284,14.0,0.6,1248.3
53929,2019-10-13 22:15:00,14.9,1024.1,41,40,1.8,0.4,1332.3
53942,2019-10-13 22:15:00,16.2,1021.6,12,90,1.4,0.0,1279.7
53948,2019-10-13 22:15:00,17.6,1002.0,14,324,5.3,1.5,1228.9
53955,2019-10-13 22:15:00,6.0,1010.8,60,341,5.0,0.1,1469.9
57003,2019-10-13 22:15:00,3.7,1020.8,87,31,10.9,1.4,1104.4
57025,2019-10-13 22:15:00,28.3,1007.2,76,300,11.8,1.1,1330.7
57028,2019-10-13 22:15:00,4.5,1001.6,85,174,6.6,1.4,1029.5
57030,2019-10-13 22:15:00,18.9,1009.7,40,105,8.5,1.0,1115.8
57034,2019-10-13 22:15:00,30.5,1017.5,4,70,6.5,0.2,1106.8
57037,2019-10-13 22:15:00,17.4,1016.1,87,24,8.5,0.1,1325.5
57046,2019-10-13 22:15:00,17.9,1012.7,47,216,1.5,0.3,1417.1
57048,2019-10-13 22:15:00,10.6,1021.1,94,34,10.8,0.0,1035.0
57049,2019-10-13 22:15:00,11.0,1012.9,30,253,4.1,0.9,1404.2
57106,2019-10-13 22:15:00,26.3,1021.5,59,221,9.3,0.0,1405.5
57124,2019-10-13 22:15:00,31.1,1011.9,10,22,1.4,1.2,1053.0
57127,2019-10-13 22:15:00,25.1,1025.6,34,185,12.2,0.6,1168.0
57131,2019-10-13 22:15:00,18.9,1014.7,64,47,9.8,0.8,1418.7
57134,2019-10-13 22:15:00,25.9,1013.7,30,126,5.2,1.1,1438.7
57140,2019-10-13 22:15:00,11.0,1012.2,66,167,4.8,1.1,1145.5
57143,2019-10-13 22:15:00,31.8,1003.5,33,136,12.8,0.1,1051.3
57144,2019-10-13 22:15:00,16.9,1008.5,33,284,5.9,1.1,1098.5
57154,2019-10-13 22:15:00,29.2,1004.3,77,146,6.5,0.9,1044.8
57211,2019-10-13 22:15:00,18.5,1011.3,26,338,3.5,1.4,1104.8
57232,2019-10-13 22:15:00,7.3,1020.1,55,310,10.8,0.2,1212.0
57238,2019-10-13 22:15:00,29.9,1003.0,8,36,5.0,0.4,1431.3
57245,2019-10-13 22:15:00,13.1,1019.5,85,108,2.5,1.2,1075.7
57343,2019-10-13 22:15:00,10.7,1009.0,13,283,7.0,1.3,1111.9
58362,2019-10-13 22:15:00,9.4,1012.3,79,174,10.5,0.4,1496.9
56038,2019-10-13 22:15:00,30.0,1003.3,92,292,12.8,0.2,1076.1
56079,2019-10-13 22:15:00,32.7,1015.5,14,332,2.8,0.5,1134.4
56144,2019-10-13 22:15:00,28.8,1020.1,29,98,3.3,0.0,1447.9
56146,2019-10-13 22:15:00,11.0,1003.3,95,292,1.6,0.8,1291.7
56152,2019-10-13 22:15:00,9.5,1006.2,51,259,3.2,0.1,1390.5
56167,2019-10-13 22:15:00,10.6,1014.1,32,91,8.8,0.0,1381.1
56172,2019-10-13 22:15:00,34.4,1012.8,46,282,10.5,0.9,1033.0
56173,2019-10-13 22:15:00,27.0,1017.4,35,144,10.2,1.2,1478.9
56178,2019-10-13 22:15:00,17.0,1010.5,15,284,1.4,1.3,1420.6
56182,2019-10-13 22:15:00,4.0,1020.0,75,236,0.6,0.5,1180.8
56187,2019-10-13 22:15:00,20.4,1020.7,85,53,4.7,0.9,1025.8
56188,2019-10-13 22:15:00,16.1,1003.8,61,313,7.7,1.4,1005.8
56196,2019-10-13 22:15:00,12.6,1020.8,47,71,3.3,1.2,1304.1
56247,2019-10-13 22:15:00,22.8,1014.2,83,295,9.0,0.8,1387.2
56251,2019-10-13 22:15:00,16.0,1023.6,5,175,12.0,1.2,1200.0
56257,2019-10-13 22:15:00,16.1,1000.1,49,170,13.1,0.0,1025.3
56287,2019-10-13 22:15:00,5.3,1006.3,5,251,3.7,0.2,1465.5
56357,2019-10-13 22:15:00,16.4,1014.8,43,42,9.0,0.8,1235.3
56374,2019-10-13 22:15:00,9.1,1000.0,74,171,5.1,0.1,1428.3
56385,2019-10-13 22:15:00,10.5,1018.9,40,338,14.2,0.4,1267.5
56386,2019-10-13 22:15:00,6.9,1004.7,76,203,6.1,1.2,1088.4
56459,2019-10-13 22:15:00,31.8,1004.7,22,212,4.7,1.5,1118.1
56462,2019-10-13 22:15:00,19.0,1006.6,65,182,2.8,1.3,1496.5
56475,2019-10-13 22:15:00,3.1,1014.4,85,242,8.8,1.1,1103.5
56479,2019-10-13 22:15:00,14.7,1005.0,54,144,1.8,0.9,1420.7
56485,2019-10-13 22:15:00,8.3,1004.3,19,131,9.7,0.3,1395.8
56492,2019-10-13 22:15:00,5.0,1007.1,51,87,10.0,0.6,1236.4
56565,2019-10-13 22:15:00,19.8,1008.0,68,50,7.4,0.3,1491.9
56571,2019-10-13 22:15:00,13.9,1013.8,58,86,14.4,0.3,1211.2
56666,2019-10-13 22:15:00,3.7,1016.6,43,345,11.1,1.3,1210.8
56671,2019-10-13 22:15:00,5.8,1000.2,32,277,11.1,0.9,1163.0
57206,2019-10-13 22:15:00,27.8,1024.9,7,143,5.5,0.9,1392.6
57237,2019-10-13 22:15:00,16.9,1013.6,23,36,5.4,1.5,1294.5
57306,2019-10-13 22:15:00,10.6,1022.9,46,314,4.2,0.3,1004.4
57313,2019-10-13 22:15:00,16.8,1006.7,88,324,5.7,0.3,1481.3
57314,2019-10-13 22:15:00,28.6,1025.2,67,33,10.2,0.0,1441.6
57328,2019-10-13 22:15:00,3.8,1019.7,87,180,7.5,0.8,1455.2
57405,2019-10-13 22:15:00,3.7,1005.4,32,72,3.6,0.4,1458.7
57411,2019-10-13 22:15:00,12.9,1003.8,59,352,2.0,0.5,1054.4
57503,2019-10-13 22:15:00,22.8,1020.6,18,109,1.9,1.1,1169.4
57604,2019-10-13 22:15:00,10.0,1000.2,64,352,0.6,0.9,1328.6
57608,2019-10-13 22:15:00,1.3,1025.4,62,105,5.0,0.9,1204.1
54525,2019-10-13 22:15:00,30.8,1020.3,48,67,9.1,0.9,1447.3
54527,2019-10-13 22:15:00,6.2,1019.5,48,263,12.1,0.4,1156.4
54623,2019-10-13 22:15:00,13.7,1011.2,28,253,1.1,0.2,1006.8
55228,2019-10-13 22:15:00,14.5,1020.3,71,113,10.2,1.5,1325.8
55248,2019-10-13 22:15:00,3.7,1017.8,20,343,0.4,0.7,1328.1
55279,2019-10-13 22:15:00,21.8,1012.1,62,161,13.3,0.4,1439.7
55294,2019-10-13 22:15:00,3.6,1024.2,51,27,8.1,0.9,1402.8
55299,2019-10-13 22:15:00,31.4,1013.5,59,252,11.5,0.0,1035.5
55437,2019-10-13 22:15:00,10.1,1007.4,89,145,4.2,0.4,1142.1
55472,2019-10-13 22:15:00,29.2,1014.9,80,194,5.7,0.8,1234.1
55493,2019-10-13 22:15:00,20.0,1017.3,13,18,3.2,1.0,1320.1
55569,2019-10-13 22:15:00,9.2,1000.0,59,107,6.2,0.5,1474.9
55578,2019-10-13 22:15:00,27.6,1007.2,91,267,6.3,0.6,1118.0
55585,2019-10-13 22:15:00,10.1,1003.3,94,76,1.9,0.8,1042.6
55591,2019-10-13 22:15:00,11.4,1015.6,59,132,2.1,1.4,1386.1
55598,2019-10-13 22:15:00,31.1,1015.8,68,106,7.5,1.0,1170.2
55655,2019-10-13 22:15:00,1.2,1004.7,47,36,4.6,0.4,1447.8
55664,2019-10-13 22:15:00,22.1,1004.6,41,88,10.7,0.9,1206.0
55680,2019-10-13 22:15:00,15.3,1020.7,76,67,12.4,0.5,1242.8
55681,2019-10-13 22:15:00,32.8,1002.5,2,251,4.0,0.9,1076.8
55690,2019-10-13 22:15:00,15.1,1025.9,44,334,9.6,0.9,1398.4
55696,2019-10-13 22:15:00,16.6,1005.2,40,72,4.6,1.5,1281.8
55773,2019-10-13 22:15:00,27.9,1022.0,98,151,7.4,0.8,1003.3
56106,2019-10-13 22:15:00,34.6,1001.7,19,268,11.4,0.0,1493.5
56116,2019-10-13 22:15:00,30.2,1004.6,69,262,14.0,0.0,1221.7
56137,2019-10-13 22:15:00,29.6,1007.0,53,100,8.3,0.3,1330.0
56202,2019-10-13 22:15:00,1.3,1010.4,6,4,4.1,1.0,1457.4
56223,2019-10-13 22:15:00,20.9,1003.1,55,186,8.5,0.1,1202.7
56227,2019-10-13 22:15:00,25.8,1023.0,66,189,3.6,0.2,1074.2
56312,2019-10-13 22:15:00,27.0,1020.3,61,44,10.3,0.8,1263.5
56331,2019-10-13 22:15:00,9.1,1006.2,82,329,8.4,1.1,1405.6
56434,2019-10-13 22:15:00,4.1,1006.8,22,23,12.0,0.7,1164.8
51053,2019-10-13 22:15:00,9.5,1000.2,29,119,4.9,1.4,1301.8
51059,2019-10-13 22:15:00,26.9,1016.0,53,305,12.8,0.8,1072.8
51060,2019-10-13 22:15:00,0.6,1023.2,79,312,13.4,0.3,1467.0
51068,2019-10-13 22:15:00,16.7,1022.0,48,36,9.4,0.0,1262.7
51076,2019-10-13 22:15:00,15.2,1000.2,54,283,10.2,0.6,1241.1
51087,2019-10-13 22:15:00,29.5,1008.8,56,349,0.8,0.7,1274.6
51133,2019-10-13 22:15:00,11.3,1017.2,89,299,10.1,1.0,1174.9
51156,2019-10-13 22:15:00,17.8,1015.2,86,56,2.8,0.4,1203.3
51186,2019-10-13 22:15:00,28.2,1014.4,44,20,10.3,0.5,1248.8
51232,2019-10-13 22:15:00,18.7,1026.4,51,229,5.7,1.0,1163.2
51238,2019-10-13 22:15:00,19.8,1008.7,57,185,4.1,1.2,1383.6
51241,2019-10-13 22:15:00,16.6,1021.7,21,280,4.2,0.5,1205.2
51243,2019-10-13 22:15:00,33.5,1015.6,41,176,14.7,0.3,1186.2
51288,2019-10-13 22:15:00,7.0,1007.2,4,148,6.1,0.6,1145.4
51330,2019-10-13 22:15:00,26.6,1026.4,68,309,13.3,0.3,1084.8
51334,2019-10-13 22:15:00,9.1,1014.2,72,309,8.6,1.1,1008.2
51346,2019-10-13 22:15:00,16.7,1017.5,38,122,14.3,0.1,1374.0
51358,2019-10-13 22:15:00,12.6,1014.8,39,14,14.5,0.2,1302.1
51365,2019-10-13 22:15:00,29.8,1005.8,72,211,1.4,0.6,1462.5
51367,2019-10-13 22:15:00,3.3,1004.6,16,52,8.8,0.2,1114.2
51379,2019-10-13 22:15:00,0.1,1003.3,44,115,8.5,0.5,1048.4
51431,2019-10-13 22:15:00,26.7,1009.5,13,292,7.3,0.6,1333.4
51433,2019-10-13 22:15:00,14.4,1009.4,22,298,4.4,0.9,1306.3
51437,2019-10-13 22:15:00,31.9,1020.5,83,146,10.3,1.4,1121.9
51463,2019-10-13 22:15:00,26.3,1003.3,25,148,7.2,0.8,1230.4
51467,2019-10-13 22:15:00,29.3,1015.1,37,10,11.1,0.4,1093.5
51469,2019-10-13 22:15:00,14.9,1015.1,30,336,4.5,0.7,1440.9
51470,2019-10-13 22:15:00,9.6,1002.8,48,28,3.3,0.6,1141.7
51477,2019-10-13 22:15:00,24.2,1008.0,38,260,2.0,1.3,1110.2
51495,2019-10-13 22:15:00,26.1,1003.6,76,294,8.2,0.4,1122.5
51526,2019-10-13 22:15:00,11.7,1020.2,59,221,6.3,0.8,1389.7
51542,2019-10-13 22:15:00,6.5,1007.3,76,123,14.1,1.4,1415.3
51567,2019-10-13 22:15:00,17.7,1020.4,11,311,3.6,0.3,1428.7
51573,2019-10-13 22:15:00,10.2,1015.2,45,111,14.6,0.4,1358.6
51581,2019-10-13 22:15:00,29.5,1022.1,2,286,10.0,1.2,1349.3
51628,2019-10-13 22:15:00,30.0,1010.5,49,347,4.5,1.5,1138.8
51633,2019-10-13 22:15:00,26.4,1005.8,34,232,10.4,0.3,1110.8
51639,2019-10-13 22:15:00,8.7,1017.4,69,288,0.7,0.0,1244.3
51642,2019-10-13 22:15:00,27.0,1006.6,62,133,2.2,0.2,1472.0
51644,2019-10-13 22:15:00,21.1,1020.1,72,241,12.8,0.8,1471.4
51655,2019-10-13 22:15:00,11.9,1000.0,3,239,4.5,1.5,1131.2
51656,2019-10-13 22:15:00,20.4,1012.3,49,163,2.7,1.2,1495.2
51701,2019-10-13 22:15:00,18.8,1002.2,47,141,7.1,0.7,1425.6
51704,2019-10-13 22:15:00,0.3,1023.7,40,50,14.8,1.4,1497.4
51705,2019-10-13 22:15:00,26.5,1009.2,84,112,12.8,0.9,1090.4
51709,2019-10-13 22:15:00,25.2,1011.3,37,67,5.6,0.0,1442.4
51711,2019-10-13 22:15:00,20.0,1026.1,14,110,13.8,1.2,1404.9
51716,2019-10-13 22:15:00,3.2,1010.4,39,295,9.1,1.3,1364.3
51720,2019-10-13 22:15:00,25.9,1021.0,42,81,2.2,0.4,1085.9
51730,2019-10-13 22:15:00,26.2,1011.5,38,308,13.3,0.9,1459.7
51747,2019-10-13 22:15:00,24.6,1006.1,79,264,11.7,0.7,1215.1
51765,2019-10-13 22:15:00,0.8,1002.0,11,119,2.7,0.8,1362.5
51777,2019-10-13 22:15:00,2.0,1000.8,5,162,2.0,1.3,1301.5
51804,2019-10-13 22:15:00,6.3,1006.4,58,117,2.9,0.6,1233.4
51810,2019-10-13 22:15:00,22.3,1007.5,85,305,13.3,0.6,1223.2
51811,2019-10-13 22:15:00,21.2,1010.0,77,101,6.7,0.2,1180.1
51818,2019-10-13 22:15:00,14.2,1006.7,8,325,11.7,0.3,1135.4
51828,2019-10-13 22:15:00,30.8,1000.6,64,351,2.7,0.0,1026.1
51839,2019-10-13 22:15:00,8.2,1009.3,58,143,14.0,1.4,1420.5
51855,2019-10-13 22:15:00,26.8,1020.6,12,127,1.8,0.3,1107.4
51931,2019-10-13 22:15:00,34.1,1019.8,69,60,11.5,0.3,1039.8
52101,2019-10-13 22:15:00,17.9,1007.5,78,181,9.6,0.4,1181.7
52112,2019-10-13 22:15:00,4.4,1010.9,86,225,13.2,1.4,1464.4
52118,2019-10-13 22:15:00,17.1,1004.6,42,329,9.5,0.4,1280.5
52203,2019-10-13 22:15:00,21.8,1011.4,17,199,2.2,1.2,1497.4
52313,2019-10-13 22:15:00,33.9,1017.9,30,113,5.4,1.4,1255.1
56444,2019-10-13 22:15:00,3.5,1014.1,3,221,6.0,1.1,1260.9
56533,2019-10-13 22:15:00,14.0,1014.2,79,338,1.8,0.0,1404.6
56543,2019-10-13 22:15:00,14.6,1009.4,96,347,12.0,1.5,1026.7
56548,2019-10-13 22:15:00,4.3,1022.9,59,121,6.5,0.4,1429.7
56586,2019-10-13 22:15:00,27.9,1021.1,5,15,14.5,0.3,1419.9
56643,2019-10-13 22:15:00,13.7,1006.9,75,52,7.6,0.0,1044.8
56651,2019-10-13 22:15:00,20.3,1007.9,42,230,10.1,0.4,1240.1
56664,2019-10-13 22:15:00,32.6,1020.3,17,116,10.3,1.0,1054.4
56684,2019-10-13 22:15:00,31.8,1004.9,9,100,6.1,0.0,1106.7
56739,2019-10-13 22:15:00,31.5,1022.4,76,65,1.4,0.1,1028.9
56748,2019-10-13 22:15:00,10.3,1005.4,93,297,13.0,1.4,1246.1
56751,2019-10-13 22:15:00,1.2,1004.4,38,265,12.8,0.5,1376.6
56763,2019-10-13 22:15:00,15.4,1013.0,23,263,9.6,1.0,1477.8
56768,2019-10-13 22:15:00,18.8,1014.8,16,197,6.2,0.7,1490.4
56778,2019-10-13 22:15:00,11.6,1011.7,54,211,14.8,0.1,1125.6
56786,2019-10-13 22:15:00,1.5,1007.1,61,52,5.8,0.6,1394.7
56838,2019-10-13 22:15:00,18.4,1021.3,91,93,13.3,1.3,1097.2
56856,2019-10-13 22:15:00,1.7,1014.0,25,41,4.0,0.0,1250.7
56872,2019-10-13 22:15:00,30.5,1007.3,43,313,7.5,1.1,1253.1
56875,2019-10-13 22:15:00,31.2,1020.7,18,255,12.6,0.5,1136.3
56886,2019-10-13 22:15:00,7.7,1000.7,38,286,3.3,1.1,1101.9
56946,2019-10-13 22:15:00,2.5,1018.4,80,148,14.2,0.8,1429.7
56950,2019-10-13 22:15:00,2.9,1011.6,2,307,13.1,1.1,1252.1
56951,2019-10-13 22:15:00,19.8,1022.7,30,24,8.6,0.2,1071.1
56954,2019-10-13 22:15:00,12.5,1011.1,60,20,10.3,0.4,1195.4
56959,2019-10-13 22:15:00,11.2,1002.5,30,325,7.0,0.5,1192.6
56964,2019-10-13 22:15:00,30.0,1010.0,48,266,6.3,0.4,1430.4
56966,2019-10-13 22:15:00,6.3,1023.3,12,234,13.5,0.4,1199.4
56969,2019-10-13 22:15:00,9.6,1013.2,31,246,1.3,0.5,1334.3
56977,2019-10-13 22:15:00,0.0,1004.2,18,237,1.5,1.1,1059.3
56985,2019-10-13 22:15:00,30.8,1016.3,72,41,7.3,0.3,1382.4
56986,2019-10-13 22:15:00,20.3,1024.4,38,14,11.3,0.4,1143.1
56991,2019-10-13 22:15:00,7.4,1001.4,32,132,12.8,1.4,1104.2
59007,2019-10-13 22:15:00,1.0,1017.0,99,233,14.5,0.3,1047.1
58448,2019-10-13 22:15:00,9.1,1014.9,37,199,7.2,1.2,1369.9
58450,2019-10-13 22:15:00,31.1,1007.9,52,197,9.8,0.5,1156.1
58457,2019-10-13 22:15:00,3.7,1021.4,13,2,2.8,1.5,1275.9
58464,2019-10-13 22:15:00,30.7,1018.4,46,281,6.7,0.7,1356.4
58467,2019-10-13 22:15:00,18.5,1015.6,90,4,12.5,1.0,1194.9
58472,2019-10-13 22:15:00,17.8,1011.6,76,19,11.7,1.4,1328.9
58477,2019-10-13 22:15:00,9.8,1016.2,61,89,5.7,0.0,1426.5
58543,2019-10-13 22:15:00,30.2,1019.5,30,106,2.9,1.1,1010.6
58549,2019-10-13 22:15:00,24.1,1017.3,67,300,13.1,0.8,1397.4
58553,2019-10-13 22:15:00,15.3,1007.9,12,79,12.2,0.6,1093.0
58556,2019-10-13 22:15:00,5.6,1020.5,48,296,8.4,0.8,1460.4
58557,2019-10-13 22:15:00,27.3,1009.9,81,61,5.4,0.6,1341.3
58562,2019-10-13 22:15:00,25.3,1025.5,79,44,5.5,0.1,1469.9
58569,2019-10-13 22:15:00,4.1,1006.3,34,248,13.9,1.3,1125.2
58633,2019-10-13 22:15:00,34.2,1012.8,70,200,14.8,1.3,1088.1
58646,2019-10-13 22:15:00,24.5,1001.4,47,246,1.3,1.4,1132.4
58652,2019-10-13 22:15:00,27.9,1005.3,87,316,12.5,1.3,1019.2
58665,2019-10-13 22:15:00,23.6,1019.7,90,322,1.7,0.3,1023.4
58666,2019-10-13 22:15:00,6.6,1012.0,82,109,10.3,0.2,1440.5
58667,2019-10-13 22:15:00,7.2,1009.6,30,117,0.0,0.7,1237.3
58742,2019-10-13 22:15:00,13.5,1014.6,72,216,14.6,0.1,1147.1
58752,2019-10-13 22:15:00,22.5,1007.9,85,137,13.8,0.6,1147.9
58760,2019-10-13 22:15:00,9.3,1009.4,2,85,1.9,1.4,1009.8
57348,2019-10-13 22:15:00,11.6,1006.4,8,96,10.6,1.3,1436.5
57426,2019-10-13 22:15:00,34.3,1007.1,78,262,12.2,0.8,1033.5
57432,2019-10-13 22:15:00,22.2,1014.4,3,285,8.6,0.7,1075.8
57502,2019-10-13 22:15:00,12.6,1007.3,34,184,6.4,0.6,1024.9
57512,2019-10-13 22:15:00,7.4,1006.3,37,235,0.4,0.7,1035.0
57516,2019-10-13 22:15:00,28.1,1025.4,98,209,5.1,0.2,1381.7
57517,2019-10-13 22:15:00,3.9,1003.6,55,216,3.6,0.0,1115.2
57520,2019-10-13 22:15:00,20.3,1023.7,44,248,11.2,1.2,1103.9
57523,2019-10-13 22:15:00,7.1,1021.9,87,289,13.4,1.4,1282.7
57536,2019-10-13 22:15:00,11.8,1021.4,2,271,0.6,0.2,1278.8
57612,2019-10-13 22:15:00,11.4,1021.8,17,342,9.9,0.6,1455.9
57633,2019-10-13 22:15:00,11.8,1010.5,73,159,12.8,0.8,1307.6
