58015,2019-10-12 14:52:00,4.4,1011.6,54,36,1.2,1.1,1244.8
58102,2019-10-12 14:52:00,12.9,1011.6,87,130,5.7,0.5,1474.3
58118,2019-10-12 14:52:00,26.2,1024.2,4,284,8.0,0.8,1347.4
58122,2019-10-12 14:52:00,26.7,1010.1,58,41,14.0,0.5,1130.8
58203,2019-10-12 14:52:00,13.1,1006.7,93,173,2.0,0.5,1059.4
58215,2019-10-12 14:52:00,5.7,1003.6,79,330,6.4,0.9,1079.7
58221,2019-10-12 14:52:00,28.9,1013.0,37,126,3.3,1.5,1480.5
58225,2019-10-12 14:52:00,16.1,1009.7,4,183,5.8,0.9,1029.9
58236,2019-10-12 14:52:00,6.7,1022.5,27,97,0.9,0.6,1092.8
58311,2019-10-12 14:52:00,5.4,1017.5,45,93,14.3,0.6,1490.9
58314,2019-10-12 14:52:00,5.7,1016.1,88,20,10.4,0.3,1196.4
58319,2019-10-12 14:52:00,25.2,1025.6,49,24,3.8,0.3,1213.5
58321,2019-10-12 14:52:00,23.6,1014.9,45,249,11.7,1.5,1225.3
58326,2019-10-12 14:52:00,12.4,1011.0,2,268,6.5,0.9,1273.2
58336,2019-10-12 14:52:00,5.9,1017.2,61,339,1.5,0.3,1030.8
58338,2019-10-12 14:52:00,9.3,1019.4,78,352,9.1,0.5,1395.0
58414,2019-10-12 14:52:00,31.6,1011.1,30,210,14.7,0.9,1089.9
58419,2019-10-12 14:52:00,20.4,1007.3,32,75,4.4,0.8,1022.7
58424,2019-10-12 14:52:00,8.3,1025.7,30,294,0.6,0.1,1083.1
58429,2019-10-12 14:52:00,34.9,1012.1,46,335,1.5,1.0,1127.9
58436,2019-10-12 14:52:00,23.2,1020.7,29,288,3.5,0.9,1312.7
58437,2019-10-12 14:52:00,17.3,1010.1,3,79,13.1,1.3,1048.7
58520,2019-10-12 14:52:00,26.3,1017.0,50,201,5.4,0.2,1192.9
58531,2019-10-12 14:52:00,11.2,1001.4,61,155,11.5,0.9,1444.2
54406,2019-10-12 14:52:00,17.3,1025.7,43,289,13.6,0.2,1117.2
54416,2019-10-12 14:52:00,34.2,1025.8,52,315,1.1,0.2,1452.5
54511,2019-10-12 14:52:00,30.1,1026.1,1,212,1.1,1.4,1070.4
58725,2019-10-12 14:52:00,29.4,1004.7,29,199,5.6,1.2,1023.8
58730,2019-10-12 14:52:00,29.2,1000.1,50,106,7.8,0.7,1098.1
58731,2019-10-12 14:52:00,6.1,1018.4,29,115,4.2,1.5,1216.1
58734,2019-10-12 14:52:00,9.6,1004.8,98,359,2.5,1.3,1212.5
58737,2019-10-12 14:52:00,16.6,1008.1,85,108,8.6,0.4,1133.9
58744,2019-10-12 14:52:00,20.9,1020.3,55,358,14.9,1.2,1137.4
58754,2019-10-12 14:52:00,25.4,1005.7,24,223,1.1,0.7,1367.7
58818,2019-10-12 14:52:00,16.2,1019.0,21,112,6.6,0.1,1175.0
58820,2019-10-12 14:52:00,32.3,1010.4,84,111,12.2,1.2,1204.7
58834,2019-10-12 14:52:00,11.8,1006.9,80,103,13.7,1.3,1127.2
58837,2019-10-12 14:52:00,6.5,1023.6,50,265,4.1,0.0,1490.5
58843,2019-10-12 14:52:00,17.0,1023.5,39,142,5.7,0.3,1212.0
58846,2019-10-12 14:52:00,32.4,1018.7,87,206,10.3,1.0,1370.3
58847,2019-10-12 14:52:00,30.1,1026.2,42,156,12.6,0.0,1083.6
58911,2019-10-12 14:52:00,30.4,1005.5,65,144,5.3,0.5,1432.9
58918,2019-10-12 14:52:00,29.8,1019.4,83,71,6.6,0.5,1150.9
58921,2019-10-12 14:52:00,25.9,1002.1,88,7,11.8,0.2,1280.4
58926,2019-10-12 14:52:00,9.4,1015.0,69,350,9.2,1.3,1340.5
58927,2019-10-12 14:52:00,31.2,1005.9,31,128,9.6,1.4,1424.8
58931,2019-10-12 14:52:00,25.1,1024.5,68,64,10.1,1.3,1259.0
58933,2019-10-12 14:52:00,30.3,1017.4,61,344,1.0,0.7,1009.6
58936,2019-10-12 14:52:00,30.7,1013.7,10,95,2.7,0.9,1068.0
58944,2019-10-12 14:52:00,29.0,1003.4,96,232,7.5,0.5,1444.0
59113,2019-10-12 14:52:00,11.1,1012.2,26,20,3.4,1.2,1404.5
59126,2019-10-12 14:52:00,13.8,1018.9,64,295,6.8,0.7,1058.2
59133,2019-10-12 14:52:00,8.9,1022.0,44,342,10.2,0.4,1090.6
59134,2019-10-12 14:52:00,20.5,1006.2,27,61,12.3,0.1,1086.7
59321,2019-10-12 14:52:00,31.5,1021.9,79,219,7.1,0.7,1322.5
52323,2019-10-12 14:52:00,31.8,1010.8,61,292,4.2,1.5,1072.0
52418,2019-10-12 14:52:00,13.8,1003.1,48,353,7.8,1.0,1147.9
52424,2019-10-12 14:52:00,7.9,1002.5,77,84,12.9,1.4,1186.3
52436,2019-10-12 14:52:00,21.6,1012.3,64,180,7.7,1.3,1281.2
52446,2019-10-12 14:52:00,12.8,1001.7,15,5,9.5,0.2,1114.9
52447,2019-10-12 14:52:00,1.4,1022.7,46,321,0.3,0.9,1406.5
52533,2019-10-12 14:52:00,4.3,1022.7,55,5,3.2,0.7,1156.0
52546,2019-10-12 14:52:00,12.5,1011.2,49,105,1.5,0.3,1130.8
52652,2019-10-12 14:52:00,21.3,1010.5,89,134,0.2,1.1,1407.8
52661,2019-10-12 14:52:00,19.7,1022.1,50,166,13.3,0.2,1491.0
52674,2019-10-12 14:52:00,19.7,1008.6,35,231,12.9,1.3,1223.9
52679,2019-10-12 14:52:00,2.1,1009.9,72,217,1.1,1.1,1123.4
52681,2019-10-12 14:52:00,3.7,1019.4,61,43,14.1,0.4,1253.7
52787,2019-10-12 14:52:00,24.9,1022.0,22,284,3.7,1.0,1122.8
52797,2019-10-12 14:52:00,22.2,1009.7,23,141,1.0,1.2,1195.4
52884,2019-10-12 14:52:00,0.1,1016.9,74,345,2.3,0.0,1268.0
52895,2019-10-12 14:52:00,22.2,1021.0,25,286,5.2,1.2,1227.1
52983,2019-10-12 14:52:00,20.3,1009.5,64,111,14.2,0.9,1169.8
52984,2019-10-12 14:52:00,17.0,1010.7,23,42,12.4,0.0,1481.9
52986,2019-10-12 14:52:00,8.5,1016.4,100,176,5.6,1.3,1408.3
52996,2019-10-12 14:52:00,17.8,1005.4,16,218,3.7,0.0,1460.9
53821,2019-10-12 14:52:00,4.1,1025.6,31,116,11.3,1.3,1078.2
53915,2019-10-12 14:52:00,11.2,1022.8,68,307,13.6,1.3,1022.7
53923,2019-10-12 14:52:00,17.7,1023.0,57,19,3.9,0.0,1440.6
56074,2019-10-12 14:52:00,11.3,1023.6,62,227,0.2,0.1,1139.7
56080,2019-10-12 14:52:00,9.6,1003.4,35,270,4.7,0.0,1222.3
56093,2019-10-12 14:52:00,11.9,1012.9,47,49,9.0,1.3,1458.7
56096,2019-10-12 14:52:00,30.8,1006.9,3,312,3.9,1.4,1057.8
57014,2019-10-12 14:52:00,32.3,1025.6,73,128,9.9,1.3,1132.4
57996,2019-10-12 14:52:00,32.4,1005.4,6,321,3.5,1.5,1356.3
59072,2019-10-12 14:52:00,14.4,1006.0,92,288,6.4,0.1,1417.7
59082,2019-10-12 14:52:00,26.6,1001.5,78,214,0.9,1.5,1275.9
59087,2019-10-12 14:52:00,2.9,1009.0,72,314,10.8,0.3,1440.2
59088,2019-10-12 14:52:00,19.9,1005.5,71,62,9.7,0.7,1262.5
59096,2019-10-12 14:52:00,20.2,1004.1,80,139,2.1,1.0,1472.9
59097,2019-10-12 14:52:00,17.0,1015.2,85,194,1.9,1.0,1439.6
59107,2019-10-12 14:52:00,33.2,1008.8,8,53,3.3,1.0,1054.1
59116,2019-10-12 14:52:00,17.9,1001.5,83,252,10.6,0.0,1175.5
59117,2019-10-12 14:52:00,16.2,1018.4,22,139,14.5,0.9,1490.2
59271,2019-10-12 14:52:00,27.2,1017.0,79,107,13.9,1.5,1347.5
59278,2019-10-12 14:52:00,35.0,1019.9,35,231,7.2,1.3,1301.7
59280,2019-10-12 14:52:00,26.3,1025.2,93,262,9.7,0.6,1282.2
59287,2019-10-12 14:52:00,2.7,1007.8,73,232,0.9,0.5,1028.0
59289,2019-10-12 14:52:00,12.1,1014.3,16,4,7.4,1.3,1310.5
59293,2019-10-12 14:52:00,4.2,1012.3,86,4,3.7,1.1,1454.0
59294,2019-10-12 14:52:00,11.1,1023.0,40,282,13.4,1.1,1291.4
59298,2019-10-12 14:52:00,1.4,1011.4,83,201,8.9,1.4,1401.4
59303,2019-10-12 14:52:00,17.0,1006.6,11,102,0.0,0.9,1275.5
59304,2019-10-12 14:52:00,16.2,1016.3,11,301,2.7,1.5,1153.0
59306,2019-10-12 14:52:00,2.5,1016.9,33,136,7.6,1.2,1016.1
59310,2019-10-12 14:52:00,10.4,1013.4,75,217,6.9,1.2,1254.3
59316,2019-10-12 14:52:00,32.1,1012.6,97,69,1.8,0.2,1102.4
59317,2019-10-12 14:52:00,5.8,1024.3,43,308,0.4,0.8,1433.2
59324,2019-10-12 14:52:00,3.1,1026.2,8,117,1.1,0.7,1087.9
59456,2019-10-12 14:52:00,15.9,1011.2,77,110,7.7,0.3,1193.9
59462,2019-10-12 14:52:00,34.2,1015.6,43,348,3.0,1.4,1453.9
59478,2019-10-12 14:52:00,1.5,1017.9,34,80,3.2,1.1,1488.3
59485,2019-10-12 14:52:00,10.5,1002.7,10,179,2.4,0.0,1466.5
59488,2019-10-12 14:52:00,12.3,1019.7,44,46,7.9,1.5,1239.5
59493,2019-10-12 14:52:00,25.0,1019.2,29,106,8.6,0.6,1225.9
59501,2019-10-12 14:52:00,12.8,1018.6,37,276,11.2,0.5,1329.7
59658,2019-10-12 14:52:00,18.4,1001.4,9,353,2.3,1.3,1373.4
59663,2019-10-12 14:52:00,24.6,1002.3,22,216,0.2,0.4,1476.9
59664,2019-10-12 14:52:00,11.4,1000.8,93,320,6.2,0.0,1207.4
59673,2019-10-12 14:52:00,29.3,1018.5,66,68,10.8,1.0,1009.8
59754,2019-10-12 14:52:00,23.2,1001.3,25,236,12.0,1.2,1164.0
57947,2019-10-12 14:52:00,24.8,1004.9,7,153,4.4,1.5,1431.5
57957,2019-10-12 14:52:00,24.4,1002.3,97,239,13.8,1.2,1174.5
57958,2019-10-12 14:52:00,14.9,1005.5,71,191,1.0,1.1,1414.7
59021,2019-10-12 14:52:00,4.6,1023.6,57,98,11.5,0.8,1472.7
59023,2019-10-12 14:52:00,10.3,1024.7,9,160,12.1,0.6,1138.2
59027,2019-10-12 14:52:00,24.0,1025.7,8,293,9.7,0.3,1313.0
59037,2019-10-12 14:52:00,23.5,1019.3,65,16,6.3,0.6,1379.0
59046,2019-10-12 14:52:00,30.4,1008.0,11,33,11.7,0.6,1263.7
59058,2019-10-12 14:52:00,34.7,1000.4,90,241,6.8,0.5,1104.9
59065,2019-10-12 14:52:00,14.4,1022.7,80,346,6.5,0.6,1387.6
59209,2019-10-12 14:52:00,11.1,1010.8,64,68,9.1,1.5,1473.2
59211,2019-10-12 14:52:00,17.5,1019.7,76,279,4.3,0.5,1160.5
59218,2019-10-12 14:52:00,22.4,1005.9,56,346,5.5,0.5,1431.9
59228,2019-10-12 14:52:00,5.4,1019.6,21,34,11.4,0.7,1374.3
59242,2019-10-12 14:52:00,3.3,1022.7,92,25,8.3,1.4,1209.5
59254,2019-10-12 14:52:00,29.7,1006.1,82,111,10.3,1.2,1093.0
59265,2019-10-12 14:52:00,17.7,1004.6,36,320,0.0,0.2,1050.1
59417,2019-10-12 14:52:00,31.1,1024.7,26,192,3.4,0.2,1288.7
59431,2019-10-12 14:52:00,22.4,1005.7,67,311,8.7,0.1,1392.1
59446,2019-10-12 14:52:00,8.6,1008.5,23,246,5.1,0.7,1353.7
59453,2019-10-12 14:52:00,2.1,1026.4,41,315,11.0,1.1,1186.6
59626,2019-10-12 14:52:00,32.1,1021.5,23,29,0.5,0.4,1488.3
59631,2019-10-12 14:52:00,10.8,1005.3,48,231,4.5,0.5,1451.1
59632,2019-10-12 14:52:00,2.2,1006.4,51,324,3.9,1.2,1280.3
59644,2019-10-12 14:52:00,23.3,1003.7,81,20,9.6,1.2,1025.4
59647,2019-10-12 14:52:00,28.8,1015.5,72,330,1.3,1.0,1294.8
56691,2019-10-12 14:52:00,32.1,1014.6,93,49,4.6,0.3,1011.8
56693,2019-10-12 14:52:00,5.0,1003.3,75,298,8.2,1.2,1249.1
56792,2019-10-12 14:52:00,29.3,1025.8,86,166,3.5,1.0,1157.9
56793,2019-10-12 14:52:00,31.8,1008.8,75,291,3.6,1.3,1283.2
57606,2019-10-12 14:52:00,11.2,1020.0,53,269,4.3,0.8,1022.3
57614,2019-10-12 14:52:00,19.1,1017.2,83,53,9.5,1.2,1098.7
57625,2019-10-12 14:52:00,17.5,1025.4,46,252,3.9,0.7,1066.0
57647,2019-10-12 14:52:00,17.6,1011.9,90,107,13.9,1.5,1473.7
57707,2019-10-12 14:52:00,30.1,1008.5,12,96,6.0,1.5,1196.5
57710,2019-10-12 14:52:00,2.6,1021.1,28,35,14.8,0.1,1466.0
57712,2019-10-12 14:52:00,18.7,1010.2,92,254,5.4,1.3,1135.4
57718,2019-10-12 14:52:00,27.9,1022.7,3,310,12.3,1.1,1487.9
57722,2019-10-12 14:52:00,16.0,1003.4,81,10,7.4,1.1,1400.3
57729,2019-10-12 14:52:00,2.7,1012.7,65,350,6.8,0.3,1286.4
57731,2019-10-12 14:52:00,5.6,1015.3,67,234,2.2,0.2,1018.7
57741,2019-10-12 14:52:00,16.6,1016.2,21,192,2.1,0.2,1057.4
57803,2019-10-12 14:52:00,26.4,1022.0,72,316,2.6,1.5,1480.9
57805,2019-10-12 14:52:00,2.8,1021.5,66,317,0.4,0.1,1013.4
57806,2019-10-12 14:52:00,17.5,1023.4,18,213,7.9,0.8,1055.7
57816,2019-10-12 14:52:00,7.5,1001.4,2,268,14.3,0.5,1096.7
57825,2019-10-12 14:52:00,34.1,1020.0,95,180,11.2,1.0,1252.5
57827,2019-10-12 14:52:00,1.3,1014.4,68,21,6.4,0.0,1375.9
57832,2019-10-12 14:52:00,20.3,1018.5,11,35,8.9,1.1,1017.4
57839,2019-10-12 14:52:00,10.9,1015.0,1,83,11.1,0.1,1022.3
57840,2019-10-12 14:52:00,4.1,1009.6,57,290,2.3,1.4,1462.8
57902,2019-10-12 14:52:00,16.3,1010.6,100,95,3.8,1.4,1419.0
57906,2019-10-12 14:52:00,0.3,1005.0,100,313,1.7,0.5,1377.4
57907,2019-10-12 14:52:00,26.2,1008.0,61,27,5.6,1.3,1268.7
57910,2019-10-12 14:52:00,18.8,1012.4,55,264,9.3,0.2,1124.8
57912,2019-10-12 14:52:00,11.6,1012.2,78,252,3.1,0.0,1087.0
57916,2019-10-12 14:52:00,17.7,1003.8,49,313,10.0,0.7,1391.1
57922,2019-10-12 14:52:00,32.7,1017.8,67,103,10.0,1.1,1046.8
57926,2019-10-12 14:52:00,19.3,1021.5,6,346,0.6,1.5,1462.5
57932,2019-10-12 14:52:00,17.4,1008.8,49,246,13.6,0.5,1321.4
59758,2019-10-12 14:52:00,25.4,1005.7,51,206,0.5,0.6,1254.1
59838,2019-10-12 14:52:00,19.2,1014.7,59,42,10.7,0.0,1423.9
59845,2019-10-12 14:52:00,18.9,1010.5,2,86,4.5,1.4,1102.7
59849,2019-10-12 14:52:00,18.4,1023.0,47,293,9.3,0.6,1424.5
59855,2019-10-12 14:52:00,29.5,1018.6,43,268,3.3,1.2,1461.4
59948,2019-10-12 14:52:00,34.3,1019.4,47,76,14.1,0.4,1024.0
59954,2019-10-12 14:52:00,5.6,1013.2,22,117,13.8,0.6,1066.5
59981,2019-10-12 14:52:00,27.4,1010.7,68,69,5.2,1.3,1121.5
53399,2019-10-12 14:52:00,26.0,1021.4,15,67,14.0,1.2,1115.5
53593,2019-10-12 14:52:00,1.2,1000.2,11,166,14.6,1.2,1020.5
53698,2019-10-12 14:52:00,20.6,1016.6,39,17,9.9,0.3,1207.9
53798,2019-10-12 14:52:00,12.1,1025.8,71,96,11.7,1.4,1215.5
54308,2019-10-12 14:52:00,22.1,1021.2,10,218,12.1,1.5,1445.5
54311,2019-10-12 14:52:00,1.3,1024.9,22,321,8.6,0.8,1044.9
54401,2019-10-12 14:52:00,5.3,1011.7,27,32,5.9,1.2,1183.9
54405,2019-10-12 14:52:00,6.0,1018.5,10,71,1.0,1.1,1024.5
54423,2019-10-12 14:52:00,31.1,1022.1,94,350,12.9,0.6,1475.6
54429,2019-10-12 14:52:00,32.0,1019.2,14,188,6.6,0.3,1004.4
54436,2019-10-12 14:52:00,30.9,1020.9,69,189,1.3,1.5,1105.1
54449,2019-10-12 14:52:00,30.7,1013.6,77,86,8.7,0.1,1491.5
54518,2019-10-12 14:52:00,20.6,1000.3,18,209,4.0,0.2,1182.5
54534,2019-10-12 14:52:00,30.8,1016.2,48,95,0.1,0.5,1066.7
54535,2019-10-12 14:52:00,31.9,1024.3,53,23,6.9,0.5,1353.4
54539,2019-10-12 14:52:00,2.5,1005.3,28,207,13.1,0.3,1159.2
54602,2019-10-12 14:52:00,9.6,1016.2,84,150,11.0,0.8,1468.8
54606,2019-10-12 14:52:00,9.7,1016.7,80,25,13.1,1.4,1098.3
54618,2019-10-12 14:52:00,21.3,1024.6,97,251,4.1,1.3,1048.5
54624,2019-10-12 14:52:00,1.7,1007.1,41,313,4.6,0.3,1198.2
54705,2019-10-12 14:52:00,7.8,1002.7,98,328,11.6,0.0,1152.9
53898,2019-10-12 14:52:00,34.1,1012.9,70,113,14.7,1.2,1314.8
53986,2019-10-12 14:52:00,6.3,1018.1,64,185,12.4,0.8,1259.1
57051,2019-10-12 14:52:00,20.8,1022.0,96,88,4.1,1.5,1426.8
57067,2019-10-12 14:52:00,7.6,1007.2,26,226,2.6,1.5,1001.5
57071,2019-10-12 14:52:00,26.9,1012.7,37,53,14.2,0.6,1370.9
57077,2019-10-12 14:52:00,4.4,1017.0,69,33,14.1,0.4,1467.0
57083,2019-10-12 14:52:00,18.5,1009.1,60,94,11.1,1.4,1198.2
57084,2019-10-12 14:52:00,9.3,1021.0,37,133,14.4,0.9,1282.3
57089,2019-10-12 14:52:00,16.3,1004.3,79,27,9.6,1.0,1497.9
57091,2019-10-12 14:52:00,24.8,1017.6,99,83,13.7,0.7,1283.7
57156,2019-10-12 14:52:00,30.8,1013.1,48,356,4.7,1.4,1178.8
57178,2019-10-12 14:52:00,12.8,1004.5,94,264,0.2,0.9,1450.4
57181,2019-10-12 14:52:00,26.7,1007.2,69,340,8.3,0.6,1412.1
57193,2019-10-12 14:52:00,9.3,1016.2,81,251,4.3,1.4,1220.3
57285,2019-10-12 14:52:00,34.8,1013.2,63,61,5.0,0.1,1136.8
57290,2019-10-12 14:52:00,15.7,1024.7,41,247,3.0,0.5,1467.2
57297,2019-10-12 14:52:00,34.7,1018.9,81,81,5.8,0.1,1457.1
58005,2019-10-12 14:52:00,15.0,1019.9,94,214,6.6,1.3,1326.1
58111,2019-10-12 14:52:00,10.8,1021.0,52,222,0.5,1.0,1439.7
58208,2019-10-12 14:52:00,8.8,1017.5,14,145,9.3,0.9,1210.5
50136,2019-10-12 14:52:00,9.0,1010.0,37,237,10.6,1.2,1208.0
50246,2019-10-12 14:52:00,0.5,1019.2,93,208,11.7,0.9,1396.8
50247,2019-10-12 14:52:00,16.9,1014.2,81,7,1.8,0.7,1088.8
50349,2019-10-12 14:52:00,6.8,1019.2,98,228,2.5,1.4,1211.9
50353,2019-10-12 14:52:00,15.4,1004.7,99,143,5.7,1.4,1042.9
50442,2019-10-12 14:52:00,5.2,1026.0,44,110,1.8,0.0,1007.6
50468,2019-10-12 14:52:00,29.2,1021.5,25,2,8.8,0.4,1132.8
50557,2019-10-12 14:52:00,14.8,1008.8,65,189,3.7,0.1,1152.5
50564,2019-10-12 14:52:00,23.6,1017.8,96,82,4.7,1.3,1076.0
50656,2019-10-12 14:52:00,6.9,1016.7,31,110,12.7,0.9,1188.3
50658,2019-10-12 14:52:00,23.9,1016.3,43,234,8.9,1.5,1065.7
50674,2019-10-12 14:52:00,5.4,1009.3,32,245,1.3,1.5,1037.7
50739,2019-10-12 14:52:00,12.9,1004.0,76,255,13.8,1.0,1394.1
50742,2019-10-12 14:52:00,0.9,1008.3,28,13,14.2,0.9,1106.6
50745,2019-10-12 14:52:00,15.0,1018.0,69,317,14.8,0.2,1395.2
50756,2019-10-12 14:52:00,0.0,1002.6,62,106,5.7,1.2,1003.3
50758,2019-10-12 14:52:00,28.7,1026.4,18,353,0.1,0.5,1446.8
50774,2019-10-12 14:52:00,14.1,1006.0,92,220,2.9,1.4,1233.9
50778,2019-10-12 14:52:00,34.8,1018.3,41,73,11.3,1.2,1415.7
50788,2019-10-12 14:52:00,10.0,1014.8,68,191,0.6,1.2,1140.7
50844,2019-10-12 14:52:00,28.0,1005.4,22,298,1.5,0.2,1058.6
50853,2019-10-12 14:52:00,15.1,1006.8,5,58,5.1,0.7,1033.0
50854,2019-10-12 14:52:00,0.6,1012.6,64,55,9.6,0.4,1149.4
50862,2019-10-12 14:52:00,9.0,1025.6,65,64,8.9,0.7,1290.2
50873,2019-10-12 14:52:00,8.2,1023.0,98,45,8.9,0.2,1212.2
50877,2019-10-12 14:52:00,30.9,1023.3,20,44,14.4,1.5,1305.8
50888,2019-10-12 14:52:00,24.9,1003.3,26,57,4.1,1.3,1225.4
50950,2019-10-12 14:52:00,30.6,1007.5,34,180,11.1,0.1,1338.9
50953,2019-10-12 14:52:00,29.8,1024.7,5,153,4.7,1.3,1339.9
50955,2019-10-12 14:52:00,29.0,1008.1,75,156,12.9,0.1,1282.6
50963,2019-10-12 14:52:00,21.1,1001.8,57,10,9.3,1.3,1295.4
50968,2019-10-12 14:52:00,5.0,1001.5,85,23,1.7,1.3,1309.0
50973,2019-10-12 14:52:00,24.4,1019.4,53,126,0.1,0.4,1167.7
50978,2019-10-12 14:52:00,0.5,1024.9,10,41,13.0,1.1,1276.0
50983,2019-10-12 14:52:00,14.6,1022.8,60,187,4.9,0.7,1491.6
54094,2019-10-12 14:52:00,2.8,1010.6,10,97,11.9,0.5,1261.4
54096,2019-10-12 14:52:00,11.6,1002.2,29,279,3.1,0.4,1310.3
57251,2019-10-12 14:52:00,10.6,1009.3,49,28,9.7,1.0,1365.4
57256,2019-10-12 14:52:00,20.1,1022.8,20,140,7.4,0.2,1415.5
57259,2019-10-12 14:52:00,15.0,1025.5,38,115,14.4,1.4,1266.4
57265,2019-10-12 14:52:00,12.3,1018.9,98,23,0.1,0.1,1086.8
57278,2019-10-12 14:52:00,16.5,1003.7,33,208,14.7,0.9,1449.3
57279,2019-10-12 14:52:00,16.1,1006.1,38,335,3.4,0.5,1399.1
57355,2019-10-12 14:52:00,22.2,1000.9,96,73,13.7,0.0,1110.7
57358,2019-10-12 14:52:00,8.6,1019.3,46,236,1.7,1.4,1058.7
57359,2019-10-12 14:52:00,27.7,1002.4,27,253,2.8,0.7,1054.3
57363,2019-10-12 14:52:00,1.6,1003.7,82,231,13.3,1.1,1163.8
57378,2019-10-12 14:52:00,26.1,1023.8,67,230,11.7,1.3,1286.5
57381,2019-10-12 14:52:00,14.6,1012.8,65,167,7.3,0.6,1491.9
57395,2019-10-12 14:52:00,7.3,1018.2,40,242,12.4,0.9,1141.2
57399,2019-10-12 14:52:00,2.6,1006.8,42,50,2.0,0.7,1425.1
57439,2019-10-12 14:52:00,27.7,1010.4,53,87,12.4,1.0,1170.3
57445,2019-10-12 14:52:00,17.3,1007.6,73,210,2.4,0.1,1458.1
57447,2019-10-12 14:52:00,17.9,1025.7,26,171,5.1,0.4,1120.8
57458,2019-10-12 14:52:00,29.3,1007.6,22,192,1.0,1.1,1480.5
57461,2019-10-12 14:52:00,15.1,1007.0,68,130,3.6,1.1,1263.8
57476,2019-10-12 14:52:00,28.4,1012.4,27,295,2.0,1.0,1094.4
57482,2019-10-12 14:52:00,33.3,1026.2,48,215,13.6,0.8,1436.8
57483,2019-10-12 14:52:00,8.4,1020.8,93,197,11.9,0.5,1237.8
57493,2019-10-12 14:52:00,17.2,1025.2,64,286,2.4,1.1,1066.8
57494,2019-10-12 14:52:00,32.7,1003.2,26,204,9.4,1.5,1479.9
57545,2019-10-12 14:52:00,6.0,1000.8,90,241,14.3,0.8,1223.9
57573,2019-10-12 14:52:00,19.5,1013.5,48,61,14.8,1.1,1420.4
57581,2019-10-12 14:52:00,4.4,1006.8,41,133,14.1,0.0,1354.5
57583,2019-10-12 14:52:00,12.4,1018.9,76,90,9.3,0.4,1387.0
57595,2019-10-12 14:52:00,33.1,1003.5,87,174,6.1,0.0,1099.4
58402,2019-10-12 14:52:00,1.2,1024.7,76,25,2.5,1.0,1087.0
58407,2019-10-12 14:52:00,8.4,1020.0,99,27,2.6,1.0,1059.6
58500,2019-10-12 14:52:00,10.5,1014.6,73,346,3.7,0.8,1084.1
57554,2019-10-12 14:52:00,12.3,1025.2,72,220,10.8,1.3,1390.1
57562,2019-10-12 14:52:00,1.1,1010.0,42,95,4.8,0.1,1362.2
57574,2019-10-12 14:52:00,20.0,1014.8,20,140,0.9,0.9,1118.2
57584,2019-10-12 14:52:00,26.0,1000.5,2,246,5.8,0.5,1022.0
57642,2019-10-12 14:52:00,27.7,1019.8,10,211,7.6,0.8,1154.1
57649,2019-10-12 14:52:00,3.8,1009.1,79,247,12.7,0.3,1376.6
57655,2019-10-12 14:52:00,28.1,1021.8,47,112,8.2,0.6,1152.2
57662,2019-10-12 14:52:00,27.5,1018.2,53,200,4.9,0.5,1133.4
57669,2019-10-12 14:52:00,31.2,1015.9,31,166,10.2,1.1,1052.5
57671,2019-10-12 14:52:00,14.9,1024.3,41,196,1.5,1.0,1289.8
57673,2019-10-12 14:52:00,14.2,1001.7,10,61,3.2,0.8,1497.6
57679,2019-10-12 14:52:00,1.9,1016.9,78,339,11.1,0.6,1170.7
57682,2019-10-12 14:52:00,14.7,1006.7,30,171,6.8,0.0,1400.1
57687,2019-10-12 14:52:00,31.0,1006.1,71,153,7.7,1.0,1296.1
57745,2019-10-12 14:52:00,32.1,1011.3,98,308,7.5,1.1,1175.5
57749,2019-10-12 14:52:00,35.0,1024.5,83,64,4.1,1.5,1422.9
57752,2019-10-12 14:52:00,33.2,1024.3,28,207,13.3,0.8,1348.4
57758,2019-10-12 14:52:00,27.0,1003.5,20,326,12.4,0.5,1286.5
57761,2019-10-12 14:52:00,33.6,1024.2,55,187,13.7,0.7,1020.4
57766,2019-10-12 14:52:00,5.9,1014.2,45,101,2.7,1.4,1491.4
57774,2019-10-12 14:52:00,8.0,1004.9,82,213,3.5,0.8,1128.1
57776,2019-10-12 14:52:00,22.6,1013.0,32,323,4.1,0.2,1460.4
57779,2019-10-12 14:52:00,4.0,1011.4,83,320,14.8,0.0,1000.3
57780,2019-10-12 14:52:00,0.9,1020.4,3,309,10.2,0.2,1225.8
57841,2019-10-12 14:52:00,10.3,1008.6,69,310,1.7,0.9,1308.3
57845,2019-10-12 14:52:00,5.5,1002.3,16,324,13.3,0.6,1135.6
57853,2019-10-12 14:52:00,16.6,1008.6,51,143,14.7,1.2,1001.3
57857,2019-10-12 14:52:00,22.9,1001.0,31,182,11.1,1.2,1155.0
57860,2019-10-12 14:52:00,16.5,1018.0,54,357,5.8,0.5,1144.4
57866,2019-10-12 14:52:00,18.1,1021.2,23,308,13.5,1.3,1349.3
57872,2019-10-12 14:52:00,9.9,1008.5,6,67,9.1,0.3,1013.7
57874,2019-10-12 14:52:00,19.1,1025.9,7,247,11.1,1.3,1453.6
57889,2019-10-12 14:52:00,21.0,1002.8,53,68,0.6,0.5,1198.8
57965,2019-10-12 14:52:00,4.9,1010.7,33,50,5.1,1.0,1338.4
57972,2019-10-12 14:52:00,27.2,1023.7,29,290,8.7,0.1,1158.4
57974,2019-10-12 14:52:00,31.1,1001.0,53,70,7.9,0.3,1096.2
50936,2019-10-12 14:52:00,27.1,1017.5,79,292,12.5,0.2,1143.5
50945,2019-10-12 14:52:00,8.9,1013.3,38,128,1.7,1.3,1149.0
50948,2019-10-12 14:52:00,32.9,1009.2,14,277,12.5,0.9,1403.0
50949,2019-10-12 14:52:00,31.4,1021.1,78,75,11.6,1.3,1169.6
54041,2019-10-12 14:52:00,17.1,1002.0,76,287,14.2,0.1,1068.6
54049,2019-10-12 14:52:00,12.1,1021.6,5,91,12.6,0.6,1367.9
54063,2019-10-12 14:52:00,14.0,1005.3,95,323,9.3,0.7,1169.7
54064,2019-10-12 14:52:00,7.1,1024.1,93,212,12.7,0.5,1050.6
54142,2019-10-12 14:52:00,4.3,1011.3,46,131,14.3,0.8,1359.7
54157,2019-10-12 14:52:00,18.8,1000.7,84,118,6.3,1.1,1211.5
54161,2019-10-12 14:52:00,15.7,1009.3,14,144,4.7,1.1,1144.0
54165,2019-10-12 14:52:00,31.4,1026.1,74,50,6.7,0.5,1480.4
54171,2019-10-12 14:52:00,13.3,1008.7,23,273,14.0,0.7,1168.0
54181,2019-10-12 14:52:00,15.5,1026.1,68,253,1.8,0.6,1064.5
54186,2019-10-12 14:52:00,5.3,1018.2,46,255,12.7,1.0,1482.3
54195,2019-10-12 14:52:00,10.2,1002.2,13,216,8.5,0.1,1440.6
54260,2019-10-12 14:52:00,1.8,1003.0,22,122,3.7,0.7,1021.2
54263,2019-10-12 14:52:00,17.5,1019.4,32,25,5.7,0.7,1313.2
54266,2019-10-12 14:52:00,32.4,1009.8,75,51,14.7,0.7,1481.4
54273,2019-10-12 14:52:00,28.1,1025.4,4,59,4.8,1.5,1336.1
54276,2019-10-12 14:52:00,22.9,1008.2,95,128,0.4,0.7,1441.7
54284,2019-10-12 14:52:00,5.5,1004.7,38,23,12.6,1.3,1084.3
54285,2019-10-12 14:52:00,19.9,1014.0,80,63,12.3,0.9,1271.5
54286,2019-10-12 14:52:00,10.4,1014.6,66,268,10.5,0.8,1130.6
54292,2019-10-12 14:52:00,4.3,1017.0,68,180,13.7,1.0,1495.4
54363,2019-10-12 14:52:00,12.4,1010.9,72,206,4.2,0.5,1406.3
54374,2019-10-12 14:52:00,16.0,1020.5,51,126,5.0,0.5,1331.9
54377,2019-10-12 14:52:00,27.0,1004.1,96,248,6.2,0.5,1271.0
54386,2019-10-12 14:52:00,20.4,1000.6,49,94,1.7,1.5,1240.8
58026,2019-10-12 14:52:00,15.1,1012.9,48,138,1.1,0.7,1443.1
58027,2019-10-12 14:52:00,14.1,1013.7,47,47,1.2,0.4,1118.7
58038,2019-10-12 14:52:00,9.3,1016.4,55,91,1.7,0.2,1137.6
58040,2019-10-12 14:52:00,32.5,1014.0,41,140,4.8,1.2,1071.8
58047,2019-10-12 14:52:00,0.5,1022.6,93,182,8.5,1.2,1353.7
58130,2019-10-12 14:52:00,17.4,1008.1,10,171,14.3,1.5,1384.3
58135,2019-10-12 14:52:00,30.0,1025.0,65,321,13.6,0.3,1058.4
58138,2019-10-12 14:52:00,24.9,1004.0,57,104,14.2,0.1,1146.8
58141,2019-10-12 14:52:00,20.5,1000.2,11,218,4.3,1.0,1328.1
58143,2019-10-12 14:52:00,12.1,1023.4,5,7,0.7,0.1,1498.9
58150,2019-10-12 14:52:00,29.8,1014.0,63,101,2.7,1.4,1337.2
58158,2019-10-12 14:52:00,4.0,1020.1,100,226,7.8,0.3,1020.1
58238,2019-10-12 14:52:00,34.3,1001.4,87,43,9.2,1.2,1264.9
58241,2019-10-12 14:52:00,29.1,1023.6,54,106,9.7,1.3,1415.0
58251,2019-10-12 14:52:00,8.5,1008.5,30,239,9.5,0.3,1232.5
58252,2019-10-12 14:52:00,26.7,1006.1,8,98,2.5,1.4,1133.3
58255,2019-10-12 14:52:00,12.7,1024.9,8,84,11.8,0.6,1400.4
58259,2019-10-12 14:52:00,19.8,1000.2,61,308,14.5,0.9,1105.1
58265,2019-10-12 14:52:00,6.7,1018.9,65,62,14.9,1.3,1133.7
58343,2019-10-12 14:52:00,12.6,1015.1,87,112,11.0,1.4,1439.2
58345,2019-10-12 14:52:00,25.8,1010.2,68,358,1.6,1.5,1032.3
58354,2019-10-12 14:52:00,32.4,1001.3,54,277,1.7,0.5,1016.5
58356,2019-10-12 14:52:00,33.7,1008.5,65,8,5.7,0.8,1300.8
58358,2019-10-12 14:52:00,28.2,1016.2,28,255,1.0,0.6,1235.1
57598,2019-10-12 14:52:00,3.9,1021.0,43,45,11.2,0.1,1358.8
57696,2019-10-12 14:52:00,10.9,1006.3,11,316,6.1,0.0,1331.1
57789,2019-10-12 14:52:00,24.4,1015.6,12,174,11.2,0.3,1207.3
57793,2019-10-12 14:52:00,0.5,1009.5,17,179,7.7,1.5,1152.8
57799,2019-10-12 14:52:00,13.7,1008.6,67,320,7.1,1.2,1232.0
57894,2019-10-12 14:52:00,13.7,1011.5,15,57,11.0,0.0,1078.8
57896,2019-10-12 14:52:00,20.5,1008.7,51,33,12.4,0.1,1005.4
57993,2019-10-12 14:52:00,21.0,1009.3,2,51,4.4,0.1,1062.0
58506,2019-10-12 14:52:00,23.6,1016.6,30,193,7.8,0.4,1060.2
58507,2019-10-12 14:52:00,0.9,1015.3,45,9,3.0,0.2,1495.7
58519,2019-10-12 14:52:00,29.7,1005.6,44,185,13.1,1.4,1068.0
58527,2019-10-12 14:52:00,13.0,1020.9,18,115,9.8,0.6,1123.5
58600,2019-10-12 14:52:00,20.0,1022.1,49,157,10.7,0.6,1103.0
58606,2019-10-12 14:52:00,23.6,1016.1,10,237,3.6,0.1,1389.2
58608,2019-10-12 14:52:00,1.6,1021.0,38,358,10.3,0.8,1130.8
58622,2019-10-12 14:52:00,30.3,1008.3,42,1,3.8,1.0,1222.9
58626,2019-10-12 14:52:00,10.4,1024.5,47,142,2.1,0.7,1046.5
58634,2019-10-12 14:52:00,15.2,1001.7,87,36,5.5,1.1,1154.8
58637,2019-10-12 14:52:00,29.8,1020.7,84,98,11.9,0.8,1404.7
58705,2019-10-12 14:52:00,22.6,1021.8,92,149,13.3,0.0,1155.5
58715,2019-10-12 14:52:00,16.8,1017.2,92,119,2.2,1.4,1276.4
58718,2019-10-12 14:52:00,6.8,1009.2,46,104,6.6,1.1,1133.4
58806,2019-10-12 14:52:00,10.6,1018.6,46,242,3.5,0.4,1201.3
58813,2019-10-12 14:52:00,6.8,1008.6,42,40,5.6,1.3,1311.4
59092,2019-10-12 14:52:00,17.7,1013.0,93,83,11.0,0.8,1321.7
59102,2019-10-12 14:52:00,33.7,1004.1,69,100,1.5,0.9,1246.0
54236,2019-10-12 14:52:00,7.2,1018.3,97,142,12.9,0.5,1443.8
54237,2019-10-12 14:52:00,29.1,1015.1,90,42,7.2,1.1,1207.4
54243,2019-10-12 14:52:00,11.6,1023.4,44,130,3.1,0.4,1311.7
54254,2019-10-12 14:52:00,4.6,1007.9,8,168,0.0,0.7,1401.9
54259,2019-10-12 14:52:00,15.0,1010.5,17,58,14.1,0.8,1493.7
54324,2019-10-12 14:52:00,24.3,1024.5,17,127,12.8,0.6,1305.8
54326,2019-10-12 14:52:00,24.6,1011.6,64,81,10.7,1.1,1364.6
54333,2019-10-12 14:52:00,33.6,1024.5,37,84,12.1,0.0,1393.1
54334,2019-10-12 14:52:00,2.0,1003.1,25,330,11.4,0.8,1475.0
54335,2019-10-12 14:52:00,3.6,1009.1,89,45,11.1,0.4,1336.3
54337,2019-10-12 14:52:00,15.2,1012.6,75,72,5.7,1.0,1279.5
54339,2019-10-12 14:52:00,30.5,1005.7,78,235,9.4,0.6,1185.0
54342,2019-10-12 14:52:00,17.4,1025.5,56,140,8.1,1.1,1373.2
54346,2019-10-12 14:52:00,18.7,1020.3,71,322,7.9,1.4,1364.8
54349,2019-10-12 14:52:00,7.4,1003.8,46,323,8.5,1.1,1028.6
54351,2019-10-12 14:52:00,2.6,1017.1,55,269,6.0,0.3,1316.0
54353,2019-10-12 14:52:00,1.9,1012.4,8,173,11.1,1.0,1034.0
54365,2019-10-12 14:52:00,15.5,1008.0,96,162,2.0,0.9,1414.2
54452,2019-10-12 14:52:00,15.1,1021.7,26,243,9.8,0.2,1107.1
54454,2019-10-12 14:52:00,12.3,1009.8,7,167,0.5,0.8,1083.3
54455,2019-10-12 14:52:00,29.7,1003.6,57,92,9.7,1.1,1059.9
54470,2019-10-12 14:52:00,20.0,1019.2,12,274,7.4,0.2,1496.1
54471,2019-10-12 14:52:00,32.5,1005.8,94,125,5.5,1.4,1405.3
54472,2019-10-12 14:52:00,29.2,1024.7,20,28,13.6,0.9,1478.4
54476,2019-10-12 14:52:00,17.5,1017.2,9,310,3.8,1.3,1062.8
54486,2019-10-12 14:52:00,4.0,1015.0,33,328,1.0,0.7,1446.1
54493,2019-10-12 14:52:00,4.2,1005.5,4,51,3.3,0.8,1033.2
54497,2019-10-12 14:52:00,23.9,1020.9,18,286,1.1,0.8,1289.6
54563,2019-10-12 14:52:00,1.3,1004.5,8,62,10.9,1.5,1189.5
54579,2019-10-12 14:52:00,5.1,1024.2,40,117,11.5,0.3,1451.0
54584,2019-10-12 14:52:00,26.1,1003.8,41,283,12.4,0.7,1427.0
54660,2019-10-12 14:52:00,5.8,1022.3,24,178,1.2,0.0,1096.3
54662,2019-10-12 14:52:00,26.4,1012.5,85,43,4.7,0.3,1481.4
50425,2019-10-12 14:52:00,26.8,1007.1,24,326,9.1,1.4,1390.6
50434,2019-10-12 14:52:00,13.8,1001.3,82,127,0.8,0.9,1095.3
50514,2019-10-12 14:52:00,22.6,1006.3,98,274,6.1,0.8,1155.4
50527,2019-10-12 14:52:00,21.5,1010.4,42,180,9.4,0.9,1182.8
50548,2019-10-12 14:52:00,33.1,1012.6,42,230,12.5,0.0,1104.1
50603,2019-10-12 14:52:00,34.6,1013.1,5,106,7.1,0.9,1144.9
50618,2019-10-12 14:52:00,0.7,1014.5,68,286,8.0,0.4,1062.3
50632,2019-10-12 14:52:00,7.4,1000.1,57,208,5.2,1.0,1037.9
50639,2019-10-12 14:52:00,30.2,1004.3,44,182,9.0,0.5,1161.6
50727,2019-10-12 14:52:00,9.0,1010.3,54,85,8.4,0.2,1296.1
50834,2019-10-12 14:52:00,14.9,1008.0,29,227,5.8,0.3,1482.2
50838,2019-10-12 14:52:00,24.6,1006.7,66,354,0.0,1.3,1067.3
50915,2019-10-12 14:52:00,32.6,1017.6,23,221,4.5,1.0,1006.1
50924,2019-10-12 14:52:00,34.0,1023.0,89,34,6.0,0.9,1198.2
52267,2019-10-12 14:52:00,24.5,1024.3,3,14,0.1,1.4,1007.0
52495,2019-10-12 14:52:00,32.9,1021.7,47,69,4.1,1.1,1429.4
52576,2019-10-12 14:52:00,15.0,1026.2,39,87,0.8,0.9,1338.0
53068,2019-10-12 14:52:00,1.8,1021.3,45,142,13.8,0.0,1198.5
53083,2019-10-12 14:52:00,16.3,1024.7,88,327,13.1,1.3,1225.0
53149,2019-10-12 14:52:00,28.8,1001.8,96,273,10.3,0.2,1499.0
53192,2019-10-12 14:52:00,5.1,1017.2,79,156,9.6,0.1,1077.4
53195,2019-10-12 14:52:00,28.6,1023.9,85,322,11.7,0.0,1003.7
53276,2019-10-12 14:52:00,16.6,1016.7,6,77,9.1,0.1,1123.6
53336,2019-10-12 14:52:00,21.9,1000.4,8,226,1.0,0.2,1304.3
53352,2019-10-12 14:52:00,14.9,1005.1,95,317,10.6,0.0,1435.1
53362,2019-10-12 14:52:00,29.6,1011.0,82,231,12.9,1.3,1357.0
53367,2019-10-12 14:52:00,27.9,1014.8,84,335,10.7,0.4,1369.2
53391,2019-10-12 14:52:00,2.5,1021.1,19,53,6.8,0.5,1436.6
53446,2019-10-12 14:52:00,28.8,1023.6,32,93,13.0,1.3,1409.7
53463,2019-10-12 14:52:00,13.5,1026.2,49,62,9.7,0.2,1224.2
53480,2019-10-12 14:52:00,29.4,1012.5,33,195,14.1,0.3,1426.0
53502,2019-10-12 14:52:00,24.9,1016.5,97,49,13.9,1.0,1326.0
53513,2019-10-12 14:52:00,30.3,1002.8,56,247,7.6,0.2,1316.1
53529,2019-10-12 14:52:00,15.3,1020.9,35,216,1.6,1.1,1094.0
53543,2019-10-12 14:52:00,34.2,1023.8,98,24,1.0,0.5,1268.1
53547,2019-10-12 14:52:00,8.6,1012.1,56,84,0.3,1.5,1444.5
53602,2019-10-12 14:52:00,7.9,1011.9,81,101,1.4,0.3,1462.7
54012,2019-10-12 14:52:00,30.0,1013.6,73,49,9.0,0.7,1438.1
54026,2019-10-12 14:52:00,20.9,1020.7,89,353,10.7,0.5,1108.1
54027,2019-10-12 14:52:00,30.0,1021.6,43,133,6.4,1.3,1389.9
54102,2019-10-12 14:52:00,1.1,1017.2,35,270,2.1,1.1,1057.3
54115,2019-10-12 14:52:00,3.2,1020.6,5,35,3.2,0.9,1039.7
54134,2019-10-12 14:52:00,3.3,1016.6,75,62,7.8,0.6,1443.7
54135,2019-10-12 14:52:00,30.8,1023.8,79,84,11.6,0.0,1063.4
54208,2019-10-12 14:52:00,20.5,1004.1,7,99,7.5,0.9,1329.4
54213,2019-10-12 14:52:00,9.3,1014.5,74,251,1.8,1.4,1477.5
54218,2019-10-12 14:52:00,5.7,1018.2,88,97,9.3,0.1,1090.4
54226,2019-10-12 14:52:00,5.8,1022.0,69,258,12.3,1.0,1396.0
53519,2019-10-12 14:52:00,34.6,1024.7,41,83,14.5,0.2,1089.9
53612,2019-10-12 14:52:00,28.0,1009.1,84,166,0.1,1.3,1240.7
53614,2019-10-12 14:52:00,16.8,1006.4,60,25,9.8,0.2,1100.1
53615,2019-10-12 14:52:00,31.7,1020.7,63,114,8.5,1.0,1037.0
53704,2019-10-12 14:52:00,13.6,1003.2,87,320,5.4,1.0,1249.2
53705,2019-10-12 14:52:00,28.3,1018.2,98,21,6.8,0.1,1399.5
53723,2019-10-12 14:52:00,6.5,1005.7,89,314,3.3,1.2,1402.0
53806,2019-10-12 14:52:00,8.6,1023.1,74,284,5.6,0.8,1230.7
53810,2019-10-12 14:52:00,12.6,1023.5,15,251,5.3,0.4,1225.9
53817,2019-10-12 14:52:00,24.9,1016.1,80,171,11.0,0.9,1137.7
53903,2019-10-12 14:52:00,4.1,1018.7,73,52,0.6,0.0,1272.2
53910,2019-10-12 14:52:00,28.5,1013.7,70,252,5.9,0.7,1365.9
51886,2019-10-12 14:52:00,11.0,1010.1,87,218,5.1,0.8,1316.0
52602,2019-10-12 14:52:00,31.8,1018.2,14,278,13.5,0.9,1145.7
52633,2019-10-12 14:52:00,26.0,1015.4,62,356,3.6,1.3,1435.1
52645,2019-10-12 14:52:00,31.0,1005.8,32,253,6.0,0.8,1241.3
52657,2019-10-12 14:52:00,16.5,1022.0,54,338,12.6,0.7,1162.1
52707,2019-10-12 14:52:00,6.8,1017.4,59,168,4.3,1.1,1366.2
52713,2019-10-12 14:52:00,1.7,1019.3,88,86,9.4,0.9,1127.4
52737,2019-10-12 14:52:00,19.4,1002.1,36,126,3.6,0.2,1147.8
52754,2019-10-12 14:52:00,18.5,1020.8,69,260,6.6,1.3,1197.1
52765,2019-10-12 14:52:00,28.6,1000.0,60,264,5.1,0.5,1412.1
52818,2019-10-12 14:52:00,18.6,1024.3,24,318,11.3,0.7,1129.5
52825,2019-10-12 14:52:00,27.2,1022.2,12,142,0.0,0.2,1040.7
52833,2019-10-12 14:52:00,22.1,1010.6,33,298,3.6,1.3,1314.8
52836,2019-10-12 14:52:00,18.9,1006.9,22,17,13.7,0.9,1304.8
52842,2019-10-12 14:52:00,9.9,1013.5,91,177,9.5,0.2,1258.3
52856,2019-10-12 14:52:00,33.8,1002.2,73,169,14.1,1.1,1137.1
52866,2019-10-12 14:52:00,8.1,1008.6,85,50,4.7,0.5,1001.6
52868,2019-10-12 14:52:00,18.2,1019.5,32,208,14.4,0.8,1200.5
52876,2019-10-12 14:52:00,11.4,1012.2,11,214,14.0,1.3,1349.7
52908,2019-10-12 14:52:00,4.9,1007.7,80,196,14.4,0.3,1299.4
52943,2019-10-12 14:52:00,32.1,1002.1,82,328,11.7,0.9,1322.7
52955,2019-10-12 14:52:00,7.2,1023.9,32,171,0.4,0.2,1187.0
52974,2019-10-12 14:52:00,26.4,1011.1,77,16,10.8,1.5,1362.9
56004,2019-10-12 14:52:00,30.8,1025.7,27,124,11.1,1.3,1398.1
56018,2019-10-12 14:52:00,5.1,1016.0,51,172,9.6,1.1,1371.6
56021,2019-10-12 14:52:00,28.9,1020.8,84,181,3.5,1.5,1011.6
56029,2019-10-12 14:52:00,24.6,1024.1,77,112,10.4,0.0,1279.3
56033,2019-10-12 14:52:00,27.9,1010.3,92,101,3.7,0.5,1498.7
56034,2019-10-12 14:52:00,21.4,1010.9,83,65,3.4,0.8,1305.7
56043,2019-10-12 14:52:00,30.2,1005.0,71,177,1.5,0.1,1493.7
56046,2019-10-12 14:52:00,22.5,1002.0,16,254,10.4,0.3,1065.7
56065,2019-10-12 14:52:00,24.7,1004.0,68,31,14.1,0.7,1118.4
56067,2019-10-12 14:52:00,6.1,1019.8,35,229,10.5,0.0,1353.4
56125,2019-10-12 14:52:00,2.9,1006.5,85,314,1.7,1.4,1307.1
56151,2019-10-12 14:52:00,13.9,1017.9,3,157,3.0,0.9,1148.8
54715,2019-10-12 14:52:00,23.6,1023.0,71,184,0.7,0.1,1028.0
54725,2019-10-12 14:52:00,30.4,1006.0,54,177,2.9,0.3,1067.9
54727,2019-10-12 14:52:00,32.7,1002.3,93,77,6.0,0.0,1244.9
54744,2019-10-12 14:52:00,5.7,1007.2,76,275,14.2,1.3,1399.9
54751,2019-10-12 14:52:00,10.3,1000.3,37,328,5.8,1.4,1109.8
54753,2019-10-12 14:52:00,16.4,1003.7,73,244,0.0,1.3,1436.4
54764,2019-10-12 14:52:00,11.0,1010.7,52,57,7.7,1.5,1290.3
54774,2019-10-12 14:52:00,30.2,1006.5,99,177,10.4,0.1,1152.0
54776,2019-10-12 14:52:00,24.9,1021.2,38,298,10.0,0.1,1012.3
54808,2019-10-12 14:52:00,34.1,1002.3,84,215,8.2,0.3,1012.1
54823,2019-10-12 14:52:00,14.8,1007.8,85,283,0.2,1.1,1453.1
54826,2019-10-12 14:52:00,23.2,1001.6,28,208,0.3,0.9,1473.6
54836,2019-10-12 14:52:00,19.1,1015.8,19,54,5.0,0.3,1149.0
54842,2019-10-12 14:52:00,21.9,1003.5,56,90,6.3,0.6,1374.9
54843,2019-10-12 14:52:00,23.1,1007.0,30,280,8.0,0.5,1403.2
54857,2019-10-12 14:52:00,17.5,1008.6,25,243,8.4,1.1,1223.2
54863,2019-10-12 14:52:00,20.5,1023.1,71,216,7.6,0.4,1083.8
54909,2019-10-12 14:52:00,21.9,1016.3,28,58,12.8,0.2,1202.6
54916,2019-10-12 14:52:00,28.0,1004.2,27,322,11.9,0.3,1150.5
54929,2019-10-12 14:52:00,34.1,1012.8,19,64,2.1,0.7,1017.4
54936,2019-10-12 14:52:00,7.9,1013.6,85,356,7.5,0.6,1153.7
54945,2019-10-12 14:52:00,31.1,1007.8,48,180,4.6,1.0,1016.6
58034,2019-10-12 14:52:00,10.6,1006.0,100,231,3.4,0.1,1425.3
53478,2019-10-12 14:52:00,24.7,1009.0,88,226,5.0,0.2,1417.8
53487,2019-10-12 14:52:00,19.0,1009.1,43,251,9.9,1.4,1319.5
53490,2019-10-12 14:52:00,30.4,1022.4,26,40,3.5,0.8,1130.1
53564,2019-10-12 14:52:00,9.6,1018.9,71,128,6.1,0.5,1124.7
53578,2019-10-12 14:52:00,12.0,1001.6,45,250,2.8,1.2,1162.2
53579,2019-10-12 14:52:00,28.9,1010.7,99,173,14.5,1.3,1073.1
53588,2019-10-12 14:52:00,24.4,1005.6,17,133,0.8,0.5,1499.4
53594,2019-10-12 14:52:00,29.2,1014.6,66,64,11.5,0.3,1247.3
53663,2019-10-12 14:52:00,10.7,1003.9,65,324,10.7,0.1,1251.3
53664,2019-10-12 14:52:00,22.6,1001.5,83,65,13.9,0.1,1035.9
53673,2019-10-12 14:52:00,15.2,1005.1,59,340,4.7,0.7,1295.5
53687,2019-10-12 14:52:00,4.9,1006.8,59,8,13.4,0.7,1445.1
53764,2019-10-12 14:52:00,23.8,1018.5,59,20,12.4,1.0,1488.0
53772,2019-10-12 14:52:00,5.4,1006.5,32,269,13.2,0.9,1200.9
53775,2019-10-12 14:52:00,12.2,1019.5,57,29,7.6,0.3,1026.3
53787,2019-10-12 14:52:00,4.1,1009.7,48,171,6.2,1.0,1257.5
53853,2019-10-12 14:52:00,9.6,1005.3,58,100,4.8,0.7,1151.2
53859,2019-10-12 14:52:00,4.1,1014.8,38,148,2.9,0.8,1107.1
53863,2019-10-12 14:52:00,20.1,1007.2,65,169,3.8,1.2,1207.0
53868,2019-10-12 14:52:00,12.7,1007.9,41,222,3.3,1.2,1493.1
53877,2019-10-12 14:52:00,9.9,1026.3,11,105,3.1,0.3,1021.5
53882,2019-10-12 14:52:00,7.2,1014.1,31,356,7.9,1.5,1005.1
53884,2019-10-12 14:52:00,28.2,1001.9,95,14,7.6,1.0,1156.9
53959,2019-10-12 14:52:00,0.1,1005.7,14,145,2.2,1.4,1214.1
53963,2019-10-12 14:52:00,10.6,1024.4,6,23,14.2,0.7,1048.3
53968,2019-10-12 14:52:00,0.6,1001.9,99,267,7.0,0.4,1230.5
53975,2019-10-12 14:52:00,9.3,1014.7,33,40,8.6,0.2,1276.6
57052,2019-10-12 14:52:00,17.5,1010.1,50,103,7.1,0.3,1317.3
53646,2019-10-12 14:52:00,5.1,1016.4,48,200,11.5,0.1,1001.8
53651,2019-10-12 14:52:00,4.4,1019.5,57,354,0.5,0.6,1024.5
53725,2019-10-12 14:52:00,10.9,1021.7,11,247,8.1,0.6,1365.1
53735,2019-10-12 14:52:00,5.7,1025.1,75,314,10.9,0.4,1139.0
53738,2019-10-12 14:52:00,32.4,1004.6,38,265,1.0,0.0,1189.4
53740,2019-10-12 14:52:00,18.2,1000.6,83,134,1.4,1.0,1482.1
53754,2019-10-12 14:52:00,26.9,1015.5,15,108,2.9,1.2,1484.1
53845,2019-10-12 14:52:00,18.9,1005.1,17,120,4.2,0.2,1085.5
53854,2019-10-12 14:52:00,26.3,1014.5,36,354,11.1,1.2,1001.0
53929,2019-10-12 14:52:00,10.3,1020.1,38,328,5.4,0.7,1119.5
53942,2019-10-12 14:52:00,7.7,1019.5,56,229,5.5,0.5,1170.7
53948,2019-10-12 14:52:00,8.8,1007.3,19,7,1.9,0.2,1357.0
53955,2019-10-12 14:52:00,16.4,1013.8,99,218,14.9,1.4,1404.9
57003,2019-10-12 14:52:00,12.2,1018.5,65,134,12.3,1.3,1240.4
57025,2019-10-12 14:52:00,19.9,1012.8,70,238,3.3,0.4,1351.6
57028,2019-10-12 14:52:00,33.2,1003.4,31,96,14.7,0.4,1236.4
57030,2019-10-12 14:52:00,33.8,1014.4,57,113,11.4,1.0,1454.4
57034,2019-10-12 14:52:00,0.2,1014.5,57,6,10.3,0.8,1294.0
57037,2019-10-12 14:52:00,3.1,1020.4,47,104,9.7,1.5,1288.5
57046,2019-10-12 14:52:00,30.5,1007.0,96,284,14.5,0.1,1174.8
57048,2019-10-12 14:52:00,33.5,1005.8,29,105,5.9,1.2,1012.9
57049,2019-10-12 14:52:00,26.9,1014.8,55,99,3.3,1.5,1367.6
57106,2019-10-12 14:52:00,22.0,1014.8,30,205,5.9,0.7,1379.3
57124,2019-10-12 14:52:00,18.9,1014.7,77,330,4.4,1.5,1139.7
57127,2019-10-12 14:52:00,5.8,1009.1,16,248,12.1,1.5,1128.4
57131,2019-10-12 14:52:00,11.4,1023.2,56,294,7.5,0.2,1241.9
57134,2019-10-12 14:52:00,18.7,1024.5,63,109,0.8,1.5,1167.0
57140,2019-10-12 14:52:00,2.1,1013.0,36,246,1.7,1.2,1030.7
57143,2019-10-12 14:52:00,27.6,1004.5,32,55,13.4,1.0,1229.2
57144,2019-10-12 14:52:00,0.6,1020.6,49,346,2.8,1.2,1220.7
57154,2019-10-12 14:52:00,10.9,1021.8,38,195,4.3,0.3,1413.2
57211,2019-10-12 14:52:00,23.2,1009.2,79,253,11.2,0.2,1228.3
57232,2019-10-12 14:52:00,26.9,1004.2,22,86,6.7,0.4,1480.6
57238,2019-10-12 14:52:00,12.1,1014.8,98,119,9.9,0.5,1283.6
57245,2019-10-12 14:52:00,12.2,1006.3,42,184,2.1,1.0,1036.1
57343,2019-10-12 14:52:00,4.1,1025.9,65,182,2.3,0.6,1131.4
58362,2019-10-12 14:52:00,28.8,1012.2,100,69,14.4,0.4,1477.0
56038,2019-10-12 14:52:00,25.8,1013.0,22,37,3.0,0.6,1179.7
56079,2019-10-12 14:52:00,23.5,1001.5,26,240,1.9,0.6,1388.6
56144,2019-10-12 14:52:00,34.1,1012.6,44,59,12.7,1.5,1434.6
56146,2019-10-12 14:52:00,25.2,1001.4,29,188,6.6,0.4,1347.9
56152,2019-10-12 14:52:00,2.2,1024.0,78,197,12.7,0.6,1286.8
56167,2019-10-12 14:52:00,3.4,1010.6,24,98,3.3,1.2,1253.4
56172,2019-10-12 14:52:00,16.0,1019.2,95,257,11.3,1.4,1303.8
56173,2019-10-12 14:52:00,17.5,1003.7,42,301,10.3,0.1,1288.4
56178,2019-10-12 14:52:00,31.8,1024.1,40,223,0.4,0.0,1457.6
56182,2019-10-12 14:52:00,22.4,1026.1,7,169,13.4,1.3,1250.0
56187,2019-10-12 14:52:00,16.7,1016.5,79,182,14.7,0.0,1356.8
56188,2019-10-12 14:52:00,16.1,1011.7,28,73,11.2,0.8,1137.5
56196,2019-10-12 14:52:00,14.1,1008.9,29,9,4.3,0.3,1367.4
56247,2019-10-12 14:52:00,14.9,1024.7,37,148,10.3,1.1,1452.4
56251,2019-10-12 14:52:00,4.2,1004.9,50,37,5.4,0.7,1039.3
56257,2019-10-12 14:52:00,0.9,1006.1,51,304,6.6,1.3,1340.8
56287,2019-10-12 14:52:00,5.9,1016.2,17,137,8.8,0.1,1273.3
56357,2019-10-12 14:52:00,0.8,1016.1,12,58,10.4,0.0,1413.8
56374,2019-10-12 14:52:00,1.6,1025.8,29,77,11.7,0.5,1435.3
56385,2019-10-12 14:52:00,7.7,1017.6,86,237,6.0,0.7,1174.5
56386,2019-10-12 14:52:00,8.5,1025.4,64,108,6.1,0.7,1353.6
56459,2019-10-12 14:52:00,30.3,1004.8,45,213,9.5,1.2,1209.0
56462,2019-10-12 14:52:00,21.2,1018.3,75,30,0.3,0.3,1292.4
56475,2019-10-12 14:52:00,10.0,1024.2,14,96,3.9,1.0,1444.1
56479,2019-10-12 14:52:00,16.9,1007.0,68,299,14.9,0.2,1329.0
56485,2019-10-12 14:52:00,28.6,1006.9,45,14,9.2,1.3,1215.1
56492,2019-10-12 14:52:00,29.6,1017.4,63,220,0.7,0.1,1056.0
56565,2019-10-12 14:52:00,9.4,1013.7,59,302,2.4,0.4,1181.3
56571,2019-10-12 14:52:00,16.3,1005.9,58,26,11.0,0.8,1272.2
56666,2019-10-12 14:52:00,21.7,1019.9,85,252,7.3,0.9,1384.2
56671,2019-10-12 14:52:00,17.5,1015.5,86,247,1.9,1.5,1060.2
57206,2019-10-12 14:52:00,10.5,1013.3,51,80,3.0,0.5,1412.3
57237,2019-10-12 14:52:00,22.4,1015.0,6,162,10.9,1.0,1402.6
57306,2019-10-12 14:52:00,31.2,1025.4,87,269,9.8,0.7,1397.2
57313,2019-10-12 14:52:00,10.6,1014.5,40,162,12.2,0.0,1074.5
57314,2019-10-12 14:52:00,19.3,1025.5,50,1,1.6,0.3,1427.5
57328,2019-10-12 14:52:00,26.2,1021.0,36,333,14.7,1.3,1409.7
57405,2019-10-12 14:52:00,29.9,1008.5,18,168,14.4,1.5,1138.0
57411,2019-10-12 14:52:00,12.0,1024.6,63,179,2.6,0.9,1371.1
57503,2019-10-12 14:52:00,33.5,1004.9,12,33,10.7,0.4,1201.4
57604,2019-10-12 14:52:00,34.5,1018.9,28,101,2.6,0.3,1169.3
57608,2019-10-12 14:52:00,4.5,1005.6,56,243,6.1,0.0,1420.0
54525,2019-10-12 14:52:00,2.7,1009.7,74,282,10.4,0.7,1110.7
54527,2019-10-12 14:52:00,26.3,1012.1,85,113,12.0,0.3,1455.7
54623,2019-10-12 14:52:00,20.1,1015.7,94,4,12.6,0.8,1019.9
55228,2019-10-12 14:52:00,25.8,1005.5,54,258,14.3,0.8,1017.2
55248,2019-10-12 14:52:00,32.8,1003.4,78,245,6.1,0.2,1451.7
55279,2019-10-12 14:52:00,25.9,1024.2,42,242,7.8,0.1,1307.4
55294,2019-10-12 14:52:00,29.3,1008.7,66,80,13.9,0.2,1253.7
55299,2019-10-12 14:52:00,2.6,1021.8,64,221,1.8,1.2,1343.0
55437,2019-10-12 14:52:00,12.1,1001.8,66,141,1.2,0.6,1307.4
55472,2019-10-12 14:52:00,28.1,1019.2,6,305,3.2,1.5,1406.3
55493,2019-10-12 14:52:00,9.2,1003.6,35,113,0.5,1.1,1413.4
55569,2019-10-12 14:52:00,7.8,1005.7,84,183,9.5,1.4,1134.8
55578,2019-10-12 14:52:00,21.0,1015.1,90,169,4.6,1.0,1345.7
55585,2019-10-12 14:52:00,28.6,1008.9,89,205,4.3,1.0,1106.2
55591,2019-10-12 14:52:00,3.6,1002.8,78,208,7.1,0.7,1171.3
55598,2019-10-12 14:52:00,2.0,1001.5,48,33,7.9,0.2,1334.7
55655,2019-10-12 14:52:00,32.7,1007.8,27,121,9.6,1.1,1139.8
55664,2019-10-12 14:52:00,12.4,1006.8,74,282,7.4,0.2,1102.5
55680,2019-10-12 14:52:00,4.0,1021.3,71,155,10.1,0.8,1192.7
55681,2019-10-12 14:52:00,20.5,1011.3,90,61,3.0,0.0,1400.7
55690,2019-10-12 14:52:00,4.9,1020.6,65,133,10.1,1.4,1148.2
55696,2019-10-12 14:52:00,30.9,1009.9,99,190,8.2,0.3,1292.7
55773,2019-10-12 14:52:00,16.3,1000.0,34,237,14.3,0.7,1023.7
56106,2019-10-12 14:52:00,13.1,1009.3,61,101,1.7,0.1,1007.2
56116,2019-10-12 14:52:00,1.5,1006.4,50,29,6.0,0.1,1206.8
56137,2019-10-12 14:52:00,0.0,1006.2,22,30,6.6,1.1,1377.9
56202,2019-10-12 14:52:00,29.1,1021.8,46,20,8.0,1.4,1202.5
56223,2019-10-12 14:52:00,11.9,1000.9,14,212,13.9,0.5,1226.0
56227,2019-10-12 14:52:00,20.5,1012.6,17,158,11.6,0.5,1207.5
56312,2019-10-12 14:52:00,32.3,1015.8,14,188,4.0,0.7,1174.6
56331,2019-10-12 14:52:00,7.8,1008.6,4,142,0.1,1.2,1217.8
56434,2019-10-12 14:52:00,21.7,1003.1,12,28,11.7,0.4,1120.7
51053,2019-10-12 14:52:00,2.5,1018.7,27,195,12.8,1.4,1366.2
51059,2019-10-12 14:52:00,6.7,1019.6,93,301,14.4,0.9,1392.8
51060,2019-10-12 14:52:00,22.2,1011.4,13,336,10.1,1.1,1303.7
51068,2019-10-12 14:52:00,1.6,1009.0,33,258,4.8,1.1,1009.5
51076,2019-10-12 14:52:00,25.8,1007.6,32,354,12.3,0.9,1219.9
51087,2019-10-12 14:52:00,21.1,1001.8,15,98,6.6,0.2,1214.3
51133,2019-10-12 14:52:00,9.5,1008.0,34,110,11.0,0.5,1114.3
51156,2019-10-12 14:52:00,29.6,1006.4,9,139,13.1,0.4,1294.8
51186,2019-10-12 14:52:00,26.4,1023.7,9,277,10.8,0.3,1019.9
51232,2019-10-12 14:52:00,9.2,1009.8,61,258,5.3,0.2,1050.9
51238,2019-10-12 14:52:00,8.1,1004.4,61,203,5.2,1.3,1146.6
51241,2019-10-12 14:52:00,13.8,1018.7,36,27,0.6,1.1,1488.6
51243,2019-10-12 14:52:00,10.4,1021.5,57,107,12.4,0.1,1233.2
51288,2019-10-12 14:52:00,19.9,1014.1,89,156,5.7,0.5,1050.2
51330,2019-10-12 14:52:00,28.1,1016.2,96,162,11.2,0.7,1340.7
51334,2019-10-12 14:52:00,19.7,1014.0,3,288,14.2,1.3,1238.6
51346,2019-10-12 14:52:00,10.9,1012.0,6,337,11.7,1.4,1403.6
51358,2019-10-12 14:52:00,31.9,1010.1,23,346,3.7,1.4,1347.3
51365,2019-10-12 14:52:00,19.7,1000.3,2,137,9.1,0.8,1266.7
51367,2019-10-12 14:52:00,18.6,1018.3,10,59,0.3,1.5,1451.2
51379,2019-10-12 14:52:00,6.2,1009.9,7,225,13.1,1.5,1011.6
51431,2019-10-12 14:52:00,30.7,1018.2,92,354,5.8,1.3,1202.0
51433,2019-10-12 14:52:00,19.9,1020.8,16,324,4.1,0.8,1469.5
51437,2019-10-12 14:52:00,15.0,1018.1,46,57,6.9,1.0,1042.0
51463,2019-10-12 14:52:00,18.9,1006.2,60,179,11.8,1.3,1397.2
51467,2019-10-12 14:52:00,28.4,1025.6,51,33,0.8,0.6,1402.6
51469,2019-10-12 14:52:00,31.9,1022.7,21,95,8.5,1.1,1057.9
51470,2019-10-12 14:52:00,20.9,1004.0,66,33,2.1,0.2,1453.8
51477,2019-10-12 14:52:00,8.8,1007.3,12,124,13.5,1.5,1228.7
51495,2019-10-12 14:52:00,12.5,1003.5,4,256,7.1,0.9,1463.1
51526,2019-10-12 14:52:00,3.2,1001.7,61,259,10.7,1.2,1480.0
51542,2019-10-12 14:52:00,3.4,1008.9,78,153,12.6,0.6,1268.6
51567,2019-10-12 14:52:00,33.1,1024.6,91,311,2.4,0.5,1476.2
51573,2019-10-12 14:52:00,26.0,1007.3,95,158,6.9,1.3,1295.0
51581,2019-10-12 14:52:00,12.2,1026.3,88,190,5.0,1.1,1112.1
51628,2019-10-12 14:52:00,17.3,1013.2,36,244,5.1,0.9,1000.4
51633,2019-10-12 14:52:00,34.0,1001.4,17,39,1.6,1.4,1375.9
51639,2019-10-12 14:52:00,24.8,1022.4,79,94,4.2,1.3,1325.2
51642,2019-10-12 14:52:00,21.6,1025.7,99,4,2.5,0.9,1393.5
51644,2019-10-12 14:52:00,20.0,1002.7,97,337,1.9,0.7,1054.5
51655,2019-10-12 14:52:00,26.2,1004.3,72,150,0.8,0.3,1113.8
51656,2019-10-12 14:52:00,23.1,1019.1,54,236,6.2,1.5,1229.4
51701,2019-10-12 14:52:00,23.4,1018.3,96,208,3.1,0.2,1291.3
51704,2019-10-12 14:52:00,20.9,1012.1,99,184,11.8,1.0,1330.6
51705,2019-10-12 14:52:00,17.7,1018.0,16,170,13.0,1.0,1057.9
51709,2019-10-12 14:52:00,7.2,1013.9,95,274,2.2,0.3,1241.1
51711,2019-10-12 14:52:00,9.4,1019.1,7,292,13.9,0.1,1272.4
51716,2019-10-12 14:52:00,1.5,1003.9,37,279,8.3,0.7,1274.4
51720,2019-10-12 14:52:00,17.4,1012.3,90,53,11.5,0.1,1038.3
51730,2019-10-12 14:52:00,2.5,1006.1,68,16,11.7,0.6,1354.1
51747,2019-10-12 14:52:00,4.1,1025.1,87,207,4.4,1.2,1143.0
51765,2019-10-12 14:52:00,30.7,1014.2,33,338,14.9,0.9,1433.1
51777,2019-10-12 14:52:00,15.1,1016.8,6,215,14.1,0.2,1356.8
51804,2019-10-12 14:52:00,32.1,1024.6,84,67,14.5,1.1,1146.4
51810,2019-10-12 14:52:00,27.2,1003.0,99,26,12.8,0.8,1451.1
51811,2019-10-12 14:52:00,14.6,1014.7,6,19,8.2,0.6,1238.2
51818,2019-10-12 14:52:00,20.1,1007.6,8,163,6.9,0.8,1331.8
51828,2019-10-12 14:52:00,21.1,1020.3,28,53,1.2,0.2,1291.3
51839,2019-10-12 14:52:00,26.0,1002.0,77,253,13.0,1.0,1031.5
51855,2019-10-12 14:52:00,27.5,1001.5,66,304,14.7,1.4,1327.2
51931,2019-10-12 14:52:00,5.8,1000.9,61,340,7.5,1.5,1428.1
52101,2019-10-12 14:52:00,27.1,1012.6,75,339,4.2,0.1,1489.5
52112,2019-10-12 14:52:00,13.8,1019.0,66,45,8.1,1.3,1238.9
52118,2019-10-12 14:52:00,22.4,1000.4,71,184,8.6,0.3,1345.2
52203,2019-10-12 14:52:00,19.5,1010.4,4,163,2.4,0.4,1056.8
52313,2019-10-12 14:52:00,6.3,1017.5,52,108,11.9,0.9,1334.6
56444,2019-10-12 14:52:00,6.5,1015.5,44,237,9.6,0.0,1206.1
56533,2019-10-12 14:52:00,8.5,1012.8,73,102,7.3,0.6,1212.3
56543,2019-10-12 14:52:00,24.9,1017.7,28,145,8.9,1.1,1082.0
56548,2019-10-12 14:52:00,26.3,1022.9,90,234,8.6,1.2,1239.7
56586,2019-10-12 14:52:00,10.3,1017.5,22,58,10.0,1.3,1302.3
56643,2019-10-12 14:52:00,13.7,1004.0,22,357,7.9,1.4,1290.9
56651,2019-10-12 14:52:00,6.0,1021.6,40,55,1.6,0.2,1413.5
56664,2019-10-12 14:52:00,21.9,1019.1,75,210,0.2,0.3,1142.5
56684,2019-10-12 14:52:00,14.9,1018.0,100,196,7.7,0.0,1260.7
56739,2019-10-12 14:52:00,2.8,1013.9,3,28,1.5,0.0,1373.2
56748,2019-10-12 14:52:00,23.6,1024.8,31,350,0.6,0.1,1382.0
56751,2019-10-12 14:52:00,16.0,1020.9,31,217,14.3,0.4,1094.0
56763,2019-10-12 14:52:00,19.3,1009.4,85,196,12.7,0.3,1037.2
56768,2019-10-12 14:52:00,18.9,1010.0,1,314,4.5,1.4,1208.6
56778,2019-10-12 14:52:00,27.1,1010.0,22,138,9.8,0.7,1453.6
56786,2019-10-12 14:52:00,16.3,1019.4,78,359,6.5,0.4,1162.5
56838,2019-10-12 14:52:00,8.2,1016.4,9,346,3.6,0.4,1359.0
56856,2019-10-12 14:52:00,32.2,1025.7,28,187,8.3,1.5,1072.7
56872,2019-10-12 14:52:00,12.3,1012.2,18,232,6.2,0.6,1292.1
56875,2019-10-12 14:52:00,8.4,1012.3,63,40,6.9,1.5,1108.7
56886,2019-10-12 14:52:00,8.0,1026.1,61,253,6.8,1.3,1135.9
56946,2019-10-12 14:52:00,26.7,1025.3,94,139,4.3,1.3,1128.1
56950,2019-10-12 14:52:00,29.5,1023.5,41,328,8.4,0.9,1486.3
56951,2019-10-12 14:52:00,10.0,1001.4,55,344,4.4,0.4,1274.8
56954,2019-10-12 14:52:00,11.6,1004.4,88,98,11.3,0.0,1075.7
56959,2019-10-12 14:52:00,2.2,1019.6,47,359,3.6,0.3,1339.0
56964,2019-10-12 14:52:00,19.0,1021.2,97,107,1.5,0.5,1042.1
56966,2019-10-12 14:52:00,11.8,1008.0,20,110,5.0,0.5,1435.4
56969,2019-10-12 14:52:00,31.4,1025.3,51,260,0.5,0.6,1484.4
56977,2019-10-12 14:52:00,31.4,1004.5,6,343,6.3,0.3,1184.2
56985,2019-10-12 14:52:00,18.0,1007.2,1,81,5.7,0.0,1151.2
56986,2019-10-12 14:52:00,13.0,1025.4,61,275,9.0,0.3,1445.4
56991,2019-10-12 14:52:00,8.7,1015.2,93,68,0.2,1.5,1133.1
59007,2019-10-12 14:52:00,29.3,1021.0,11,139,7.5,0.3,1104.6
58448,2019-10-12 14:52:00,15.3,1024.5,25,79,1.3,0.8,1145.4
58450,2019-10-12 14:52:00,18.2,1008.7,66,96,11.6,1.3,1256.5
58457,2019-10-12 14:52:00,28.2,1019.6,2,180,6.5,0.6,1128.1
58464,2019-10-12 14:52:00,18.0,1009.9,42,59,2.4,0.0,1329.0
58467,2019-10-12 14:52:00,19.6,1014.6,94,131,9.2,1.0,1210.9
58472,2019-10-12 14:52:00,17.4,1011.3,56,219,7.5,0.8,1186.9
58477,2019-10-12 14:52:00,13.0,1002.7,99,52,10.3,0.4,1483.5
58543,2019-10-12 14:52:00,1.1,1002.1,95,11,8.7,1.1,1163.0
58549,2019-10-12 14:52:00,2.7,1022.9,82,14,6.1,1.5,1067.9
58553,2019-10-12 14:52:00,28.8,1008.4,88,280,14.7,1.4,1323.6
58556,2019-10-12 14:52:00,32.6,1000.2,67,249,0.9,0.4,1422.2
58557,2019-10-12 14:52:00,9.9,1016.8,75,56,1.6,0.0,1413.8
58562,2019-10-12 14:52:00,26.8,1023.8,50,266,14.7,0.7,1019.0
58569,2019-10-12 14:52:00,7.1,1013.2,38,15,11.1,1.3,1073.7
58633,2019-10-12 14:52:00,0.9,1004.2,19,353,8.2,0.8,1124.1
58646,2019-10-12 14:52:00,1.1,1002.5,77,38,7.5,1.4,1183.8
58652,2019-10-12 14:52:00,3.5,1010.3,26,337,13.1,1.1,1221.9
58665,2019-10-12 14:52:00,25.8,1014.5,49,321,12.2,0.6,1353.8
58666,2019-10-12 14:52:00,28.1,1025.6,37,153,3.0,0.2,1394.3
58667,2019-10-12 14:52:00,19.3,1022.1,34,286,4.6,0.5,1006.7
58742,2019-10-12 14:52:00,1.0,1010.2,64,205,3.7,0.4,1085.3
58752,2019-10-12 14:52:00,26.2,1001.2,32,160,7.7,1.5,1089.3
58760,2019-10-12 14:52:00,22.1,1019.0,3,176,7.8,1.0,1136.2
57348,2019-10-12 14:52:00,19.9,1013.4,62,183,13.5,1.0,1095.6
57426,2019-10-12 14:52:00,15.2,1025.6,99,197,1.8,1.3,1002.5
57432,2019-10-12 14:52:00,29.3,1006.8,90,357,2.3,0.4,1176.9
57502,2019-10-12 14:52:00,15.4,1002.5,24,284,1.7,0.1,1386.8
57512,2019-10-12 14:52:00,20.4,1013.0,71,257,5.9,0.3,1010.4
57516,2019-10-12 14:52:00,13.0,1012.8,63,30,3.4,0.8,1242.1
57517,2019-10-12 14:52:00,6.5,1002.0,15,241,8.0,1.5,1293.9
57520,2019-10-12 14:52:00,25.4,1020.1,20,346,12.6,0.2,1363.4
57523,2019-10-12 14:52:00,7.8,1002.9,3,291,8.6,0.1,1072.9
57536,2019-10-12 14:52:00,34.4,1000.8,82,85,13.8,0.3,1060.8
57612,2019-10-12 14:52:00,26.8,1006.7,68,178,8.4,1.3,1247.5
57633,2019-10-12 14:52:00,15.6,1005.8,82,222,6.4,1.3,1364.4
