58015,2019-10-27 13:24:00,14.8,1011.1,82,293,7.4,1.1,1155.8
58102,2019-10-27 13:24:00,25.0,1018.2,35,292,8.5,1.0,1113.2
58118,2019-10-27 13:24:00,1.1,1026.3,34,157,14.3,1.4,1375.7
58122,2019-10-27 13:24:00,12.2,1023.7,83,314,9.9,0.2,1023.2
58203,2019-10-27 13:24:00,2.5,1018.6,51,129,9.2,1.2,1246.0
58215,2019-10-27 13:24:00,18.2,1012.3,39,297,9.1,0.0,1482.8
58221,2019-10-27 13:24:00,33.9,1002.4,33,303,14.2,0.2,1219.2
58225,2019-10-27 13:24:00,29.3,1010.8,75,80,12.0,0.0,1065.3
58236,2019-10-27 13:24:00,28.7,1007.3,35,6,0.6,0.1,1263.5
58311,2019-10-27 13:24:00,1.2,1019.4,54,249,9.4,0.7,1479.1
58314,2019-10-27 13:24:00,29.7,1000.6,9,285,12.5,0.0,1462.1
58319,2019-10-27 13:24:00,19.3,1025.1,53,169,9.4,1.0,1179.5
58321,2019-10-27 13:24:00,20.4,1023.7,80,59,10.2,0.2,1489.3
58326,2019-10-27 13:24:00,27.6,1001.1,38,160,7.0,1.4,1305.8
58336,2019-10-27 13:24:00,23.3,1003.4,69,304,0.2,0.4,1347.6
58338,2019-10-27 13:24:00,5.9,1002.6,83,70,2.5,0.2,1190.0
58414,2019-10-27 13:24:00,12.0,1003.3,14,198,5.2,1.3,1408.3
58419,2019-10-27 13:24:00,20.2,1012.9,80,224,6.0,1.2,1041.1
58424,2019-10-27 13:24:00,33.8,1000.8,7,38,14.2,1.4,1082.8
58429,2019-10-27 13:24:00,33.7,1024.5,25,135,11.8,0.6,1190.5
58436,2019-10-27 13:24:00,8.3,1012.2,91,247,10.5,1.5,1267.8
58437,2019-10-27 13:24:00,27.8,1015.8,88,235,0.7,0.2,1305.1
58520,2019-10-27 13:24:00,2.2,1004.4,57,151,14.2,0.6,1441.4
58531,2019-10-27 13:24:00,3.1,1004.3,53,15,4.0,0.8,1441.5
54406,2019-10-27 13:24:00,12.6,1011.9,42,226,12.7,0.3,1320.6
54416,2019-10-27 13:24:00,32.9,1025.6,31,194,8.5,0.5,1457.9
54511,2019-10-27 13:24:00,12.0,1012.2,42,24,2.3,1.3,1269.5
58725,2019-10-27 13:24:00,11.2,1010.5,66,15,0.3,0.2,1190.8
58730,2019-10-27 13:24:00,25.4,1000.6,54,297,8.3,0.2,1158.8
58731,2019-10-27 13:24:00,10.8,1011.2,89,156,11.6,1.1,1333.6
58734,2019-10-27 13:24:00,15.3,1014.5,5,217,13.0,0.5,1055.0
58737,2019-10-27 13:24:00,25.5,1002.3,78,131,11.3,1.4,1342.9
58744,2019-10-27 13:24:00,29.1,1013.9,22,113,11.1,0.6,1353.7
58754,2019-10-27 13:24:00,20.0,1005.3,87,36,0.2,1.0,1217.3
58818,2019-10-27 13:24:00,22.6,1024.2,48,341,13.8,1.1,1454.3
58820,2019-10-27 13:24:00,18.2,1005.5,81,75,4.8,0.9,1105.9
58834,2019-10-27 13:24:00,4.4,1000.1,78,299,7.0,1.0,1374.9
58837,2019-10-27 13:24:00,15.2,1011.5,67,359,9.8,0.4,1232.7
58843,2019-10-27 13:24:00,25.0,1015.6,41,151,7.8,0.3,1186.0
58846,2019-10-27 13:24:00,26.2,1008.5,12,280,9.0,0.4,1269.0
58847,2019-10-27 13:24:00,23.2,1025.5,64,231,1.1,0.4,1328.1
58911,2019-10-27 13:24:00,0.7,1018.1,75,105,11.6,0.4,1280.5
58918,2019-10-27 13:24:00,0.8,1015.2,33,58,3.0,0.0,1161.6
58921,2019-10-27 13:24:00,22.6,1014.8,83,271,10.5,0.9,1280.7
58926,2019-10-27 13:24:00,19.6,1024.1,88,167,14.7,1.4,1106.7
58927,2019-10-27 13:24:00,6.3,1025.5,21,142,8.6,0.6,1488.7
58931,2019-10-27 13:24:00,12.2,1016.9,58,220,3.8,1.3,1012.2
58933,2019-10-27 13:24:00,0.6,1007.6,29,160,8.1,1.4,1150.3
58936,2019-10-27 13:24:00,15.1,1025.4,36,66,5.1,0.2,1268.0
58944,2019-10-27 13:24:00,20.2,1022.7,17,40,7.4,0.9,1095.5
59113,2019-10-27 13:24:00,20.2,1025.8,68,144,2.4,0.8,1486.8
59126,2019-10-27 13:24:00,12.9,1016.5,75,234,8.3,0.2,1020.1
59133,2019-10-27 13:24:00,33.3,1015.1,31,104,2.6,0.1,1247.8
59134,2019-10-27 13:24:00,16.8,1009.2,69,341,2.1,0.5,1324.6
59321,2019-10-27 13:24:00,21.8,1010.9,49,247,5.9,1.1,1259.1
52323,2019-10-27 13:24:00,32.1,1002.4,60,70,10.7,1.3,1054.0
52418,2019-10-27 13:24:00,12.5,1005.8,5,17,10.4,0.6,1020.3
52424,2019-10-27 13:24:00,29.9,1015.4,57,213,4.6,0.0,1445.1
52436,2019-10-27 13:24:00,26.6,1026.1,37,34,8.5,1.2,1412.4
52446,2019-10-27 13:24:00,8.0,1017.2,45,41,4.3,1.1,1215.5
52447,2019-10-27 13:24:00,1.6,1014.8,21,25,12.6,0.4,1364.6
52533,2019-10-27 13:24:00,19.6,1023.8,69,225,6.7,0.0,1495.1
52546,2019-10-27 13:24:00,22.8,1002.2,26,224,11.6,0.9,1384.3
52652,2019-10-27 13:24:00,14.8,1025.5,72,210,5.4,0.3,1420.3
52661,2019-10-27 13:24:00,11.6,1019.7,68,142,1.0,0.3,1284.3
52674,2019-10-27 13:24:00,32.3,1013.9,54,240,2.9,1.3,1460.0
52679,2019-10-27 13:24:00,4.5,1000.9,69,253,5.2,1.0,1232.8
52681,2019-10-27 13:24:00,19.6,1008.7,48,173,5.9,0.2,1117.6
52787,2019-10-27 13:24:00,4.7,1004.7,8,353,0.9,1.4,1304.0
52797,2019-10-27 13:24:00,3.7,1024.1,67,88,13.2,1.5,1121.6
52884,2019-10-27 13:24:00,34.1,1000.3,19,339,9.2,1.0,1238.6
52895,2019-10-27 13:24:00,30.4,1004.2,70,356,14.2,1.2,1122.3
52983,2019-10-27 13:24:00,11.2,1012.3,67,97,7.5,1.3,1177.4
52984,2019-10-27 13:24:00,30.6,1005.2,50,215,2.0,0.7,1216.7
52986,2019-10-27 13:24:00,19.7,1003.9,45,5,12.9,0.2,1204.5
52996,2019-10-27 13:24:00,18.0,1022.6,97,358,13.5,1.3,1399.4
53821,2019-10-27 13:24:00,25.7,1016.0,78,163,12.5,1.5,1281.7
53915,2019-10-27 13:24:00,8.0,1005.3,35,96,12.2,0.7,1263.9
53923,2019-10-27 13:24:00,27.1,1010.0,56,286,13.6,0.0,1257.7
56074,2019-10-27 13:24:00,17.6,1014.4,88,30,1.7,1.1,1469.0
56080,2019-10-27 13:24:00,9.1,1001.2,96,114,3.9,1.2,1108.8
56093,2019-10-27 13:24:00,11.0,1002.7,74,26,8.8,0.7,1396.5
56096,2019-10-27 13:24:00,14.1,1019.4,47,15,14.6,0.9,1004.6
57014,2019-10-27 13:24:00,23.3,1006.8,66,353,1.8,0.4,1362.3
57996,2019-10-27 13:24:00,10.7,1017.0,4,180,9.4,1.1,1392.0
59072,2019-10-27 13:24:00,12.0,1023.8,49,282,9.3,0.6,1151.8
59082,2019-10-27 13:24:00,11.8,1001.9,24,331,12.6,0.9,1306.1
59087,2019-10-27 13:24:00,26.6,1001.3,1,337,7.6,0.1,1074.7
59088,2019-10-27 13:24:00,13.4,1015.6,6,204,11.1,1.3,1370.5
59096,2019-10-27 13:24:00,16.7,1011.0,4,152,8.5,0.4,1161.6
59097,2019-10-27 13:24:00,28.6,1014.9,16,141,0.5,0.7,1172.4
59107,2019-10-27 13:24:00,21.2,1024.0,52,36,3.5,0.3,1473.6
59116,2019-10-27 13:24:00,25.9,1010.5,77,40,4.2,0.9,1172.9
59117,2019-10-27 13:24:00,25.6,1016.7,22,261,5.4,0.4,1366.6
59271,2019-10-27 13:24:00,3.2,1017.8,53,280,10.4,1.5,1017.3
59278,2019-10-27 13:24:00,34.5,1001.5,88,285,2.3,0.2,1181.8
59280,2019-10-27 13:24:00,24.7,1021.4,68,162,6.4,0.7,1227.9
59287,2019-10-27 13:24:00,15.5,1004.3,80,124,7.3,1.2,1200.9
59289,2019-10-27 13:24:00,9.8,1011.2,36,139,10.7,0.7,1001.0
59293,2019-10-27 13:24:00,22.7,1020.6,75,14,1.9,0.9,1425.9
59294,2019-10-27 13:24:00,9.6,1019.6,22,62,9.5,1.2,1166.2
59298,2019-10-27 13:24:00,34.4,1004.7,61,272,11.7,1.1,1174.9
59303,2019-10-27 13:24:00,32.8,1022.2,67,40,1.9,1.3,1423.9
59304,2019-10-27 13:24:00,20.1,1008.5,84,158,14.8,0.9,1342.2
59306,2019-10-27 13:24:00,7.4,1018.0,85,51,12.2,0.5,1384.9
59310,2019-10-27 13:24:00,19.4,1003.9,92,203,8.6,1.5,1011.6
59316,2019-10-27 13:24:00,14.0,1024.2,45,26,3.4,0.6,1002.5
59317,2019-10-27 13:24:00,24.8,1016.8,10,142,0.3,1.3,1109.6
59324,2019-10-27 13:24:00,29.3,1024.9,38,169,12.5,0.9,1186.5
59456,2019-10-27 13:24:00,8.9,1013.5,48,110,12.9,0.2,1186.8
59462,2019-10-27 13:24:00,5.0,1019.6,63,298,3.3,1.4,1079.3
59478,2019-10-27 13:24:00,15.8,1008.9,35,233,13.2,0.4,1436.9
59485,2019-10-27 13:24:00,23.8,1004.1,81,18,9.7,0.5,1216.5
59488,2019-10-27 13:24:00,19.8,1014.0,93,303,12.0,1.5,1219.6
59493,2019-10-27 13:24:00,18.6,1008.4,1,126,12.2,1.4,1421.7
59501,2019-10-27 13:24:00,8.4,1018.0,54,276,13.9,0.3,1418.2
59658,2019-10-27 13:24:00,22.5,1025.0,10,2,2.8,0.1,1237.2
59663,2019-10-27 13:24:00,16.5,1007.8,12,280,4.8,0.8,1403.4
59664,2019-10-27 13:24:00,25.0,1013.7,71,11,12.9,0.6,1037.7
59673,2019-10-27 13:24:00,1.7,1011.9,74,137,10.4,0.6,1455.7
59754,2019-10-27 13:24:00,30.5,1010.8,40,260,5.3,0.8,1244.9
57947,2019-10-27 13:24:00,13.9,1009.9,35,178,4.7,0.9,1367.7
57957,2019-10-27 13:24:00,22.5,1013.3,35,187,0.3,0.8,1119.4
57958,2019-10-27 13:24:00,24.0,1015.1,76,293,11.2,0.8,1298.5
59021,2019-10-27 13:24:00,22.6,1016.9,29,205,9.7,0.7,1250.9
59023,2019-10-27 13:24:00,8.2,1010.7,20,284,5.6,0.9,1426.7
59027,2019-10-27 13:24:00,10.7,1022.9,6,242,6.0,1.1,1305.1
59037,2019-10-27 13:24:00,11.7,1003.6,8,15,12.2,0.2,1073.4
59046,2019-10-27 13:24:00,0.4,1017.0,72,264,11.6,0.0,1497.0
59058,2019-10-27 13:24:00,15.9,1019.1,59,77,3.9,0.5,1386.7
59065,2019-10-27 13:24:00,8.0,1022.6,49,71,14.0,0.9,1026.9
59209,2019-10-27 13:24:00,9.8,1005.5,76,233,4.1,1.0,1176.9
59211,2019-10-27 13:24:00,23.9,1002.4,90,232,5.6,0.0,1133.7
59218,2019-10-27 13:24:00,13.3,1008.4,30,317,3.6,0.3,1329.5
59228,2019-10-27 13:24:00,6.9,1021.8,9,102,0.4,0.5,1258.6
59242,2019-10-27 13:24:00,8.2,1006.4,32,187,5.9,0.6,1276.1
59254,2019-10-27 13:24:00,3.2,1001.7,22,0,6.1,1.0,1013.0
59265,2019-10-27 13:24:00,32.7,1001.3,34,71,8.7,0.6,1315.7
59417,2019-10-27 13:24:00,21.0,1011.9,36,18,7.2,0.3,1213.5
59431,2019-10-27 13:24:00,16.4,1007.2,99,64,11.7,1.3,1103.1
59446,2019-10-27 13:24:00,11.4,1013.2,85,111,3.0,0.6,1000.1
59453,2019-10-27 13:24:00,20.9,1005.8,28,103,9.1,0.8,1167.1
59626,2019-10-27 13:24:00,27.9,1010.5,84,354,2.9,1.0,1471.2
59631,2019-10-27 13:24:00,23.6,1008.8,31,20,6.8,0.4,1132.4
59632,2019-10-27 13:24:00,5.1,1022.3,29,255,4.7,0.8,1297.1
59644,2019-10-27 13:24:00,11.9,1003.5,2,131,9.1,0.5,1150.6
59647,2019-10-27 13:24:00,31.8,1016.1,41,345,1.6,1.1,1476.0
56691,2019-10-27 13:24:00,33.4,1024.0,30,281,0.9,0.7,1405.7
56693,2019-10-27 13:24:00,0.9,1012.9,39,6,9.7,1.0,1417.4
56792,2019-10-27 13:24:00,26.5,1006.7,85,4,5.5,0.9,1319.0
56793,2019-10-27 13:24:00,9.8,1015.8,34,162,6.0,1.0,1236.5
57606,2019-10-27 13:24:00,3.2,1005.9,73,286,9.5,0.1,1301.5
57614,2019-10-27 13:24:00,27.9,1014.9,9,135,0.3,1.4,1285.1
57625,2019-10-27 13:24:00,28.8,1013.1,39,20,10.1,0.6,1355.2
57647,2019-10-27 13:24:00,29.7,1024.7,73,204,3.0,0.1,1213.3
57707,2019-10-27 13:24:00,23.4,1014.1,87,339,8.1,1.0,1054.1
57710,2019-10-27 13:24:00,34.1,1018.5,25,114,12.9,0.4,1082.6
57712,2019-10-27 13:24:00,26.8,1007.3,27,16,5.1,0.8,1128.7
57718,2019-10-27 13:24:00,34.8,1025.9,13,330,0.1,0.4,1189.7
57722,2019-10-27 13:24:00,16.1,1011.4,6,144,2.5,0.7,1443.8
57729,2019-10-27 13:24:00,23.6,1017.9,93,206,11.9,1.2,1366.2
57731,2019-10-27 13:24:00,18.3,1004.7,42,224,3.5,0.7,1402.9
57741,2019-10-27 13:24:00,27.1,1026.4,9,133,7.5,0.8,1032.7
57803,2019-10-27 13:24:00,15.8,1004.9,75,211,0.3,1.1,1113.5
57805,2019-10-27 13:24:00,23.0,1021.6,83,359,2.5,1.0,1009.1
57806,2019-10-27 13:24:00,31.0,1018.7,99,115,9.5,0.7,1047.1
57816,2019-10-27 13:24:00,16.7,1016.9,52,193,14.5,0.7,1265.3
57825,2019-10-27 13:24:00,31.0,1003.4,76,108,9.3,1.3,1246.4
57827,2019-10-27 13:24:00,29.5,1004.9,48,100,10.2,0.9,1033.6
57832,2019-10-27 13:24:00,2.9,1001.6,98,195,4.8,1.5,1395.7
57839,2019-10-27 13:24:00,12.5,1010.1,55,228,4.5,1.4,1073.0
57840,2019-10-27 13:24:00,6.7,1001.2,21,170,0.1,1.1,1067.5
57902,2019-10-27 13:24:00,20.6,1008.4,71,114,13.0,0.1,1447.5
57906,2019-10-27 13:24:00,4.4,1013.1,47,343,10.4,0.3,1016.4
57907,2019-10-27 13:24:00,22.2,1024.5,66,138,2.7,1.2,1004.5
57910,2019-10-27 13:24:00,30.1,1010.8,81,315,4.5,0.0,1321.0
57912,2019-10-27 13:24:00,13.5,1023.3,89,215,14.9,1.0,1085.9
57916,2019-10-27 13:24:00,16.2,1008.7,18,53,7.5,0.3,1439.3
57922,2019-10-27 13:24:00,15.0,1025.6,71,325,5.1,0.0,1344.5
57926,2019-10-27 13:24:00,32.4,1013.8,63,113,8.6,1.0,1471.3
57932,2019-10-27 13:24:00,5.4,1014.2,50,162,14.2,1.3,1407.8
59758,2019-10-27 13:24:00,31.0,1025.7,73,202,2.6,1.3,1323.5
59838,2019-10-27 13:24:00,5.8,1013.6,68,244,6.7,0.2,1461.6
59845,2019-10-27 13:24:00,25.2,1017.4,5,99,3.4,1.4,1176.4
59849,2019-10-27 13:24:00,3.0,1017.8,25,273,5.3,0.2,1439.4
59855,2019-10-27 13:24:00,9.9,1012.3,19,149,1.3,0.2,1155.5
59948,2019-10-27 13:24:00,0.7,1013.3,52,65,4.1,1.0,1138.0
59954,2019-10-27 13:24:00,9.2,1023.3,51,272,13.4,0.7,1340.5
59981,2019-10-27 13:24:00,29.4,1023.3,89,288,13.2,0.8,1183.2
53399,2019-10-27 13:24:00,31.7,1021.0,83,162,0.6,0.4,1384.0
53593,2019-10-27 13:24:00,8.6,1021.7,88,282,7.7,0.6,1372.4
53698,2019-10-27 13:24:00,11.3,1023.5,42,331,11.9,0.0,1275.8
53798,2019-10-27 13:24:00,31.1,1022.9,100,264,2.2,1.5,1052.3
54308,2019-10-27 13:24:00,21.2,1019.0,59,203,9.8,0.0,1009.3
54311,2019-10-27 13:24:00,30.0,1025.5,50,197,3.4,1.2,1119.1
54401,2019-10-27 13:24:00,5.4,1014.8,52,132,14.1,1.3,1332.9
54405,2019-10-27 13:24:00,16.2,1025.2,84,347,8.6,0.2,1430.4
54423,2019-10-27 13:24:00,18.1,1025.8,57,59,8.0,1.4,1232.0
54429,2019-10-27 13:24:00,8.2,1004.0,89,326,14.7,0.2,1040.9
54436,2019-10-27 13:24:00,24.2,1005.8,8,285,5.9,1.4,1394.3
54449,2019-10-27 13:24:00,14.3,1026.3,46,332,14.0,0.4,1131.8
54518,2019-10-27 13:24:00,14.0,1010.2,24,221,8.7,1.5,1042.7
54534,2019-10-27 13:24:00,34.5,1005.0,23,210,10.2,1.1,1394.4
54535,2019-10-27 13:24:00,7.1,1022.8,53,86,3.3,1.5,1090.2
54539,2019-10-27 13:24:00,2.3,1004.4,14,344,2.3,1.4,1213.7
54602,2019-10-27 13:24:00,22.7,1025.8,89,134,5.2,0.7,1492.4
54606,2019-10-27 13:24:00,18.5,1010.9,96,222,13.9,0.1,1387.9
54618,2019-10-27 13:24:00,15.0,1000.2,50,48,3.7,1.3,1065.6
54624,2019-10-27 13:24:00,16.1,1008.2,18,193,8.1,0.6,1101.2
54705,2019-10-27 13:24:00,8.6,1017.5,67,260,13.0,1.0,1488.6
53898,2019-10-27 13:24:00,18.3,1021.7,54,357,11.3,0.0,1442.9
53986,2019-10-27 13:24:00,3.5,1005.4,53,59,5.4,1.3,1174.8
57051,2019-10-27 13:24:00,5.2,1007.1,34,132,11.8,0.2,1456.3
57067,2019-10-27 13:24:00,17.9,1011.3,37,146,12.3,0.6,1018.2
57071,2019-10-27 13:24:00,31.5,1009.1,97,210,8.0,0.5,1365.5
57077,2019-10-27 13:24:00,19.4,1022.9,9,229,2.1,0.0,1065.7
57083,2019-10-27 13:24:00,10.5,1002.6,48,76,12.4,0.4,1014.4
57084,2019-10-27 13:24:00,27.9,1000.7,60,15,6.5,0.7,1245.7
57089,2019-10-27 13:24:00,29.5,1007.1,33,97,1.2,0.0,1378.1
57091,2019-10-27 13:24:00,32.1,1004.5,8,227,8.1,1.5,1268.8
57156,2019-10-27 13:24:00,10.2,1004.7,37,79,5.0,1.1,1102.4
57178,2019-10-27 13:24:00,0.0,1006.7,30,349,0.1,0.4,1451.6
57181,2019-10-27 13:24:00,26.9,1013.2,19,330,3.8,1.4,1493.4
57193,2019-10-27 13:24:00,6.6,1022.9,99,16,1.4,1.0,1282.9
57285,2019-10-27 13:24:00,33.7,1017.5,72,250,5.7,0.3,1100.0
57290,2019-10-27 13:24:00,19.7,1018.9,31,342,11.3,1.1,1347.2
57297,2019-10-27 13:24:00,12.9,1009.6,69,135,8.8,1.4,1461.7
58005,2019-10-27 13:24:00,27.7,1026.2,5,289,12.6,0.3,1316.8
58111,2019-10-27 13:24:00,1.3,1016.6,13,71,3.8,0.7,1189.4
58208,2019-10-27 13:24:00,28.5,1020.7,76,255,3.8,0.9,1124.3
50136,2019-10-27 13:24:00,34.1,1002.8,94,280,12.1,0.1,1464.2
50246,2019-10-27 13:24:00,11.1,1001.4,54,200,9.3,0.5,1119.5
50247,2019-10-27 13:24:00,30.4,1008.4,100,164,12.7,1.5,1362.8
50349,2019-10-27 13:24:00,27.4,1001.7,2,44,9.1,0.0,1207.5
50353,2019-10-27 13:24:00,1.1,1009.4,10,55,0.4,0.2,1406.1
50442,2019-10-27 13:24:00,17.1,1010.0,12,327,6.6,0.0,1005.4
50468,2019-10-27 13:24:00,28.8,1012.3,2,250,8.8,0.4,1060.2
50557,2019-10-27 13:24:00,12.5,1000.8,3,343,6.0,1.5,1231.0
50564,2019-10-27 13:24:00,0.2,1000.2,20,94,11.8,0.8,1181.7
50656,2019-10-27 13:24:00,21.8,1019.7,78,90,9.7,0.4,1037.1
50658,2019-10-27 13:24:00,31.6,1022.4,70,44,2.9,0.2,1018.7
50674,2019-10-27 13:24:00,4.3,1007.2,54,347,3.6,0.0,1322.8
50739,2019-10-27 13:24:00,17.5,1019.3,71,240,14.5,0.5,1385.4
50742,2019-10-27 13:24:00,28.8,1008.4,9,138,10.1,0.9,1479.5
50745,2019-10-27 13:24:00,32.2,1020.5,83,195,8.1,0.0,1208.5
50756,2019-10-27 13:24:00,14.3,1024.9,98,122,14.9,0.3,1265.6
50758,2019-10-27 13:24:00,17.7,1002.9,40,55,2.4,1.3,1444.0
50774,2019-10-27 13:24:00,11.6,1000.5,27,35,1.9,1.0,1498.9
50778,2019-10-27 13:24:00,24.6,1023.6,19,242,14.8,0.0,1493.7
50788,2019-10-27 13:24:00,27.5,1015.4,29,84,13.1,1.0,1476.3
50844,2019-10-27 13:24:00,10.9,1019.9,96,7,9.0,0.2,1231.8
50853,2019-10-27 13:24:00,5.1,1008.3,43,156,0.0,1.3,1363.1
50854,2019-10-27 13:24:00,20.0,1005.8,50,192,12.7,0.7,1260.1
50862,2019-10-27 13:24:00,2.4,1000.0,5,309,2.6,1.3,1198.0
50873,2019-10-27 13:24:00,27.7,1023.3,32,159,4.4,0.2,1008.2
50877,2019-10-27 13:24:00,1.2,1013.1,62,142,1.4,1.1,1299.0
50888,2019-10-27 13:24:00,5.8,1005.7,64,177,7.8,0.8,1024.1
50950,2019-10-27 13:24:00,27.2,1010.4,49,134,10.6,0.5,1294.6
50953,2019-10-27 13:24:00,20.2,1002.0,1,12,10.5,0.3,1469.0
50955,2019-10-27 13:24:00,4.7,1007.4,91,57,7.6,0.7,1360.1
50963,2019-10-27 13:24:00,30.1,1010.6,31,269,3.1,1.3,1158.7
50968,2019-10-27 13:24:00,28.4,1011.5,81,358,14.6,0.4,1221.2
50973,2019-10-27 13:24:00,13.9,1000.3,1,278,12.5,1.2,1017.1
50978,2019-10-27 13:24:00,16.1,1013.7,67,289,14.3,0.8,1464.9
50983,2019-10-27 13:24:00,11.5,1012.6,59,174,1.7,1.2,1039.6
54094,2019-10-27 13:24:00,26.2,1012.9,27,231,9.4,0.2,1191.6
54096,2019-10-27 13:24:00,22.3,1006.1,87,236,2.2,1.0,1144.7
57251,2019-10-27 13:24:00,10.8,1026.3,18,288,12.0,1.1,1022.4
57256,2019-10-27 13:24:00,27.4,1020.1,29,227,10.4,1.4,1047.7
57259,2019-10-27 13:24:00,21.8,1006.6,30,184,1.2,1.5,1327.2
57265,2019-10-27 13:24:00,22.4,1009.8,70,330,5.1,1.5,1224.3
57278,2019-10-27 13:24:00,33.1,1024.5,34,251,3.3,1.4,1289.7
57279,2019-10-27 13:24:00,19.9,1019.2,61,282,3.0,0.8,1430.7
57355,2019-10-27 13:24:00,14.3,1022.6,64,217,5.5,0.4,1203.3
57358,2019-10-27 13:24:00,25.9,1012.6,22,106,6.6,1.4,1259.9
57359,2019-10-27 13:24:00,33.6,1005.4,76,243,14.4,0.4,1428.6
57363,2019-10-27 13:24:00,34.9,1001.2,66,195,14.9,1.3,1183.0
57378,2019-10-27 13:24:00,29.0,1001.3,68,125,9.4,0.2,1207.9
57381,2019-10-27 13:24:00,6.0,1009.8,57,59,13.1,0.1,1355.9
57395,2019-10-27 13:24:00,20.9,1007.6,26,336,2.2,0.4,1040.9
57399,2019-10-27 13:24:00,16.7,1017.2,78,327,2.4,1.0,1431.8
57439,2019-10-27 13:24:00,33.6,1022.2,93,156,9.0,1.1,1113.0
57445,2019-10-27 13:24:00,25.4,1026.3,97,288,12.3,0.0,1044.1
57447,2019-10-27 13:24:00,12.5,1003.3,57,233,0.4,0.9,1078.1
57458,2019-10-27 13:24:00,14.0,1016.6,34,206,9.8,1.5,1054.5
57461,2019-10-27 13:24:00,10.0,1009.0,29,310,7.9,0.9,1433.7
57476,2019-10-27 13:24:00,13.3,1018.2,29,226,2.8,1.2,1013.1
57482,2019-10-27 13:24:00,3.7,1014.3,58,98,6.1,0.5,1132.4
57483,2019-10-27 13:24:00,0.0,1024.3,86,345,3.4,1.1,1051.5
57493,2019-10-27 13:24:00,30.5,1017.7,38,180,8.9,0.5,1006.1
57494,2019-10-27 13:24:00,5.5,1002.8,70,188,7.1,0.2,1091.3
57545,2019-10-27 13:24:00,4.3,1022.6,45,114,10.7,1.3,1299.0
57573,2019-10-27 13:24:00,18.7,1020.1,77,278,6.5,0.5,1301.5
57581,2019-10-27 13:24:00,29.8,1011.2,80,88,1.4,0.4,1384.2
57583,2019-10-27 13:24:00,12.2,1011.8,64,123,2.2,1.2,1298.8
57595,2019-10-27 13:24:00,5.2,1000.7,63,48,6.1,0.6,1309.6
58402,2019-10-27 13:24:00,11.4,1003.8,16,328,7.6,1.5,1196.3
58407,2019-10-27 13:24:00,33.1,1009.4,67,45,8.7,1.3,1257.0
58500,2019-10-27 13:24:00,26.0,1023.6,87,85,9.6,0.9,1356.6
57554,2019-10-27 13:24:00,7.1,1021.3,45,285,6.8,1.4,1416.4
57562,2019-10-27 13:24:00,31.5,1010.9,17,177,2.4,1.5,1045.5
57574,2019-10-27 13:24:00,0.8,1025.1,69,294,13.0,0.6,1452.5
57584,2019-10-27 13:24:00,20.8,1012.9,78,199,4.2,1.1,1032.4
57642,2019-10-27 13:24:00,24.6,1018.6,10,129,14.9,1.3,1496.9
57649,2019-10-27 13:24:00,17.8,1007.3,93,286,7.7,0.4,1159.2
57655,2019-10-27 13:24:00,17.2,1006.8,86,135,6.9,0.1,1127.2
57662,2019-10-27 13:24:00,22.6,1005.4,94,19,12.0,1.0,1444.3
57669,2019-10-27 13:24:00,34.8,1005.2,67,52,0.3,1.1,1333.4
57671,2019-10-27 13:24:00,10.5,1021.2,89,32,4.7,0.8,1416.2
57673,2019-10-27 13:24:00,24.8,1016.2,19,211,13.7,0.7,1245.8
57679,2019-10-27 13:24:00,2.0,1024.3,88,307,14.9,0.8,1071.9
57682,2019-10-27 13:24:00,7.7,1012.2,17,63,4.1,0.7,1408.7
57687,2019-10-27 13:24:00,32.0,1020.9,98,91,14.7,1.3,1357.3
57745,2019-10-27 13:24:00,5.0,1000.9,46,161,6.3,0.7,1270.6
57749,2019-10-27 13:24:00,6.2,1026.3,91,8,2.8,1.4,1369.3
57752,2019-10-27 13:24:00,12.1,1024.0,95,198,6.5,0.2,1309.6
57758,2019-10-27 13:24:00,33.5,1013.9,18,105,1.4,1.0,1343.9
57761,2019-10-27 13:24:00,23.3,1000.8,80,317,12.4,0.8,1084.0
57766,2019-10-27 13:24:00,29.0,1014.5,36,109,11.0,0.2,1090.3
57774,2019-10-27 13:24:00,25.9,1026.1,65,90,11.8,0.2,1324.4
57776,2019-10-27 13:24:00,16.9,1014.8,3,64,12.2,0.7,1241.6
57779,2019-10-27 13:24:00,17.2,1023.7,6,169,14.2,1.2,1227.2
57780,2019-10-27 13:24:00,26.7,1015.2,91,17,5.4,0.1,1418.6
57841,2019-10-27 13:24:00,21.0,1016.8,96,296,0.9,1.2,1404.9
57845,2019-10-27 13:24:00,27.6,1022.7,48,265,4.5,1.0,1297.0
57853,2019-10-27 13:24:00,16.5,1001.1,11,236,6.1,1.5,1262.9
57857,2019-10-27 13:24:00,33.2,1005.8,66,312,1.8,0.3,1078.3
57860,2019-10-27 13:24:00,8.7,1008.7,81,207,3.6,1.1,1128.3
57866,2019-10-27 13:24:00,8.8,1001.4,23,29,11.2,1.3,1497.8
57872,2019-10-27 13:24:00,5.6,1002.1,57,347,4.3,0.3,1056.4
57874,2019-10-27 13:24:00,28.7,1023.1,43,239,4.2,1.1,1384.9
57889,2019-10-27 13:24:00,14.7,1015.1,66,162,9.8,0.9,1010.4
57965,2019-10-27 13:24:00,13.5,1003.7,66,134,11.2,1.1,1217.4
57972,2019-10-27 13:24:00,8.1,1020.4,11,155,13.0,0.3,1376.5
57974,2019-10-27 13:24:00,34.2,1010.5,52,141,12.8,0.5,1350.8
50936,2019-10-27 13:24:00,9.5,1000.9,77,260,12.0,1.3,1162.4
50945,2019-10-27 13:24:00,13.8,1011.3,38,67,1.1,1.0,1042.4
50948,2019-10-27 13:24:00,16.3,1006.4,9,1,5.5,0.7,1245.2
50949,2019-10-27 13:24:00,5.3,1010.2,4,313,3.2,1.0,1368.9
54041,2019-10-27 13:24:00,0.4,1004.6,40,143,5.7,0.0,1011.2
54049,2019-10-27 13:24:00,15.7,1016.9,31,350,4.8,1.1,1339.4
54063,2019-10-27 13:24:00,27.3,1017.9,3,166,1.8,0.6,1368.1
54064,2019-10-27 13:24:00,32.2,1002.3,28,130,12.5,1.5,1254.7
54142,2019-10-27 13:24:00,25.1,1006.4,23,40,4.1,1.3,1014.1
54157,2019-10-27 13:24:00,7.8,1014.9,19,110,9.1,1.3,1444.8
54161,2019-10-27 13:24:00,24.8,1020.3,42,62,9.2,0.7,1036.4
54165,2019-10-27 13:24:00,17.7,1023.2,80,85,14.1,0.6,1093.4
54171,2019-10-27 13:24:00,7.2,1008.4,24,18,7.9,0.5,1095.9
54181,2019-10-27 13:24:00,5.2,1011.9,6,344,4.0,1.1,1189.5
54186,2019-10-27 13:24:00,0.2,1015.9,39,322,4.5,0.7,1288.6
54195,2019-10-27 13:24:00,9.3,1005.6,65,82,13.6,1.5,1484.2
54260,2019-10-27 13:24:00,8.3,1004.4,88,137,4.3,0.3,1073.8
54263,2019-10-27 13:24:00,19.5,1022.8,78,218,1.7,0.6,1026.3
54266,2019-10-27 13:24:00,7.3,1004.8,30,271,3.4,0.4,1052.8
54273,2019-10-27 13:24:00,6.2,1022.3,91,291,3.2,0.7,1131.6
54276,2019-10-27 13:24:00,31.5,1005.4,17,317,10.8,0.4,1102.5
54284,2019-10-27 13:24:00,30.0,1024.2,75,18,2.7,0.7,1456.4
54285,2019-10-27 13:24:00,26.7,1024.1,5,95,14.4,0.1,1351.7
54286,2019-10-27 13:24:00,27.2,1016.0,65,182,6.1,1.1,1081.0
54292,2019-10-27 13:24:00,25.5,1007.4,11,73,6.8,1.0,1480.6
54363,2019-10-27 13:24:00,20.8,1019.2,57,13,5.1,1.4,1133.4
54374,2019-10-27 13:24:00,9.4,1010.9,93,296,12.0,1.2,1227.0
54377,2019-10-27 13:24:00,19.6,1003.7,82,126,13.9,0.6,1015.9
54386,2019-10-27 13:24:00,22.1,1012.5,46,15,6.9,1.1,1260.8
58026,2019-10-27 13:24:00,2.1,1012.4,71,200,1.8,0.3,1299.1
58027,2019-10-27 13:24:00,15.2,1017.6,18,111,4.5,0.1,1468.9
58038,2019-10-27 13:24:00,6.7,1020.3,63,135,4.2,1.1,1340.1
58040,2019-10-27 13:24:00,30.7,1018.8,95,284,14.8,0.8,1397.4
58047,2019-10-27 13:24:00,5.0,1011.7,41,241,13.3,0.2,1350.7
58130,2019-10-27 13:24:00,26.1,1010.9,36,296,10.1,1.2,1477.3
58135,2019-10-27 13:24:00,1.2,1020.5,59,258,12.3,1.2,1161.1
58138,2019-10-27 13:24:00,24.6,1008.2,40,39,6.3,1.0,1112.5
58141,2019-10-27 13:24:00,12.4,1017.6,15,121,12.5,0.2,1433.4
58143,2019-10-27 13:24:00,3.2,1013.7,24,5,5.6,0.2,1324.2
58150,2019-10-27 13:24:00,1.6,1014.9,73,288,13.0,0.2,1250.8
58158,2019-10-27 13:24:00,22.1,1017.6,32,223,7.3,1.1,1065.9
58238,2019-10-27 13:24:00,31.9,1004.5,10,10,13.3,1.5,1427.7
58241,2019-10-27 13:24:00,12.0,1000.7,26,179,9.9,0.0,1132.4
58251,2019-10-27 13:24:00,23.1,1011.1,30,147,7.7,0.9,1486.6
58252,2019-10-27 13:24:00,21.1,1014.5,2,197,4.1,0.0,1123.1
58255,2019-10-27 13:24:00,18.5,1017.8,67,205,6.0,1.1,1131.9
58259,2019-10-27 13:24:00,21.1,1003.2,39,332,8.6,1.5,1470.6
58265,2019-10-27 13:24:00,13.2,1007.6,61,85,7.9,0.5,1094.0
58343,2019-10-27 13:24:00,24.3,1001.3,40,138,13.0,0.8,1150.8
58345,2019-10-27 13:24:00,25.4,1001.9,28,203,12.8,0.5,1138.4
58354,2019-10-27 13:24:00,32.1,1009.7,57,164,7.6,1.0,1229.4
58356,2019-10-27 13:24:00,17.8,1022.7,64,2,13.0,0.7,1455.4
58358,2019-10-27 13:24:00,9.2,1018.3,12,65,0.8,0.2,1382.4
57598,2019-10-27 13:24:00,0.1,1011.2,71,354,1.9,0.5,1366.0
57696,2019-10-27 13:24:00,11.5,1017.7,11,139,6.4,0.6,1426.7
57789,2019-10-27 13:24:00,31.9,1012.4,16,236,2.8,0.7,1001.3
57793,2019-10-27 13:24:00,4.7,1009.7,59,337,1.7,1.3,1126.8
57799,2019-10-27 13:24:00,8.0,1015.4,71,118,6.8,0.1,1263.2
57894,2019-10-27 13:24:00,23.4,1019.5,95,196,8.5,0.4,1128.2
57896,2019-10-27 13:24:00,18.6,1013.2,4,64,13.8,1.5,1344.2
57993,2019-10-27 13:24:00,24.9,1011.5,64,17,5.4,0.9,1043.1
58506,2019-10-27 13:24:00,15.6,1008.4,35,119,12.0,0.4,1296.7
58507,2019-10-27 13:24:00,10.3,1024.7,3,238,14.0,0.4,1493.3
58519,2019-10-27 13:24:00,12.3,1017.7,96,208,2.4,1.0,1080.1
58527,2019-10-27 13:24:00,11.8,1007.6,26,313,12.1,0.8,1185.3
58600,2019-10-27 13:24:00,4.1,1024.1,63,60,0.8,0.4,1443.1
58606,2019-10-27 13:24:00,19.1,1012.2,70,31,5.0,1.5,1048.3
58608,2019-10-27 13:24:00,18.4,1011.1,70,287,12.3,0.4,1154.8
58622,2019-10-27 13:24:00,20.8,1014.8,21,353,4.0,1.4,1398.9
58626,2019-10-27 13:24:00,29.1,1002.1,63,51,0.0,1.2,1473.2
58634,2019-10-27 13:24:00,21.9,1017.0,96,30,2.2,1.2,1305.0
58637,2019-10-27 13:24:00,19.3,1014.4,65,96,6.0,1.3,1040.8
58705,2019-10-27 13:24:00,21.3,1014.1,32,142,1.9,1.5,1390.1
58715,2019-10-27 13:24:00,24.0,1006.9,47,287,3.8,0.0,1197.1
58718,2019-10-27 13:24:00,7.5,1002.4,15,292,10.6,0.5,1362.2
58806,2019-10-27 13:24:00,31.6,1024.2,5,275,6.6,0.4,1447.4
58813,2019-10-27 13:24:00,19.5,1007.5,60,91,0.6,1.0,1154.5
59092,2019-10-27 13:24:00,27.0,1000.1,45,121,4.7,0.3,1287.5
59102,2019-10-27 13:24:00,19.0,1012.6,92,47,13.8,1.3,1330.9
54236,2019-10-27 13:24:00,31.0,1010.8,75,57,14.5,0.6,1472.0
54237,2019-10-27 13:24:00,28.3,1007.6,10,89,10.6,1.2,1418.0
54243,2019-10-27 13:24:00,21.6,1019.6,50,25,0.9,1.3,1232.5
54254,2019-10-27 13:24:00,31.4,1014.9,60,44,3.8,0.6,1299.5
54259,2019-10-27 13:24:00,17.7,1017.9,4,352,12.9,1.3,1198.9
54324,2019-10-27 13:24:00,15.7,1026.4,88,87,11.0,0.8,1171.0
54326,2019-10-27 13:24:00,30.5,1003.6,81,186,12.9,0.1,1444.7
54333,2019-10-27 13:24:00,24.3,1002.9,22,45,1.1,0.8,1421.7
54334,2019-10-27 13:24:00,28.0,1015.2,13,7,14.3,0.3,1084.6
54335,2019-10-27 13:24:00,32.0,1008.4,6,358,10.4,0.8,1188.2
54337,2019-10-27 13:24:00,10.1,1007.8,66,325,10.7,0.1,1013.1
54339,2019-10-27 13:24:00,13.4,1024.3,7,45,5.3,0.8,1298.0
54342,2019-10-27 13:24:00,13.6,1020.8,12,315,4.3,1.5,1359.9
54346,2019-10-27 13:24:00,24.7,1000.3,98,143,3.7,1.1,1083.7
54349,2019-10-27 13:24:00,9.4,1020.0,100,122,8.6,0.0,1286.0
54351,2019-10-27 13:24:00,17.5,1000.9,24,1,14.2,0.1,1110.9
54353,2019-10-27 13:24:00,7.6,1023.2,81,221,11.8,0.3,1228.3
54365,2019-10-27 13:24:00,13.2,1003.9,75,1,1.2,0.4,1123.4
54452,2019-10-27 13:24:00,13.1,1014.2,79,17,2.4,0.1,1233.8
54454,2019-10-27 13:24:00,15.8,1006.0,11,295,5.9,0.1,1234.3
54455,2019-10-27 13:24:00,28.0,1005.3,48,149,12.2,0.8,1138.6
54470,2019-10-27 13:24:00,16.2,1007.8,44,175,4.4,1.4,1296.8
54471,2019-10-27 13:24:00,9.3,1007.7,26,142,11.9,1.5,1168.9
54472,2019-10-27 13:24:00,6.0,1003.4,71,66,3.0,1.2,1221.9
54476,2019-10-27 13:24:00,6.5,1016.1,3,253,3.1,0.2,1035.6
54486,2019-10-27 13:24:00,21.9,1025.5,59,236,0.3,0.9,1120.3
54493,2019-10-27 13:24:00,11.2,1021.6,13,88,6.5,0.6,1454.4
54497,2019-10-27 13:24:00,5.6,1006.8,82,342,2.8,1.5,1080.5
54563,2019-10-27 13:24:00,18.2,1001.6,54,229,10.2,0.4,1394.0
54579,2019-10-27 13:24:00,14.5,1001.3,91,128,4.0,0.4,1191.5
54584,2019-10-27 13:24:00,27.2,1004.8,89,105,2.7,1.2,1450.8
54660,2019-10-27 13:24:00,24.8,1021.5,77,89,3.4,1.4,1458.1
54662,2019-10-27 13:24:00,3.0,1006.6,4,14,9.7,0.0,1083.8
50425,2019-10-27 13:24:00,15.2,1018.6,71,54,2.6,0.4,1405.7
50434,2019-10-27 13:24:00,6.6,1014.7,60,312,11.6,0.3,1305.1
50514,2019-10-27 13:24:00,11.9,1016.7,64,257,9.4,0.4,1269.6
50527,2019-10-27 13:24:00,32.7,1012.0,82,24,6.1,0.8,1497.7
50548,2019-10-27 13:24:00,10.6,1025.3,47,132,10.9,0.0,1467.5
50603,2019-10-27 13:24:00,15.7,1011.1,75,194,9.3,0.5,1350.3
50618,2019-10-27 13:24:00,0.5,1009.0,77,14,3.9,0.7,1046.1
50632,2019-10-27 13:24:00,10.0,1020.6,63,14,8.1,0.4,1403.2
50639,2019-10-27 13:24:00,8.1,1005.8,82,286,7.1,1.5,1324.4
50727,2019-10-27 13:24:00,23.9,1015.2,18,331,13.0,1.5,1443.1
50834,2019-10-27 13:24:00,7.1,1020.2,45,245,11.4,1.2,1328.5
50838,2019-10-27 13:24:00,21.7,1014.6,37,90,9.5,0.6,1158.0
50915,2019-10-27 13:24:00,17.1,1007.7,68,153,12.1,0.4,1084.5
50924,2019-10-27 13:24:00,11.8,1009.9,51,87,12.8,1.5,1164.2
52267,2019-10-27 13:24:00,19.0,1013.8,77,25,4.2,0.8,1149.4
52495,2019-10-27 13:24:00,8.1,1004.0,15,233,5.3,1.4,1476.9
52576,2019-10-27 13:24:00,30.2,1002.4,61,339,4.1,1.1,1244.9
53068,2019-10-27 13:24:00,22.8,1006.7,37,219,10.8,1.4,1377.7
53083,2019-10-27 13:24:00,23.7,1007.7,38,67,2.2,0.5,1223.2
53149,2019-10-27 13:24:00,9.1,1007.5,8,242,12.5,0.5,1468.2
53192,2019-10-27 13:24:00,22.7,1009.2,92,71,2.1,1.1,1220.5
53195,2019-10-27 13:24:00,18.8,1020.5,67,127,0.9,1.0,1127.9
53276,2019-10-27 13:24:00,12.7,1019.5,25,67,0.0,0.1,1283.9
53336,2019-10-27 13:24:00,6.8,1014.3,92,131,6.3,1.4,1046.6
53352,2019-10-27 13:24:00,15.0,1008.2,2,261,14.6,0.8,1411.3
53362,2019-10-27 13:24:00,17.9,1001.7,67,41,12.9,1.2,1117.6
53367,2019-10-27 13:24:00,0.4,1021.7,47,149,2.9,1.5,1250.6
53391,2019-10-27 13:24:00,33.0,1022.6,76,336,6.5,0.3,1333.0
53446,2019-10-27 13:24:00,34.5,1013.4,13,271,9.3,0.1,1277.7
53463,2019-10-27 13:24:00,23.9,1025.9,1,38,10.8,0.6,1150.2
53480,2019-10-27 13:24:00,19.5,1011.2,1,307,14.1,1.1,1432.6
53502,2019-10-27 13:24:00,0.1,1010.0,58,214,0.6,0.0,1085.7
53513,2019-10-27 13:24:00,16.2,1003.3,62,4,2.5,0.2,1357.3
53529,2019-10-27 13:24:00,20.5,1005.3,72,200,10.5,1.5,1366.1
53543,2019-10-27 13:24:00,6.3,1007.6,11,151,4.3,1.5,1110.1
53547,2019-10-27 13:24:00,0.2,1012.0,20,138,3.0,0.4,1288.5
53602,2019-10-27 13:24:00,15.7,1012.0,80,32,1.4,0.0,1229.0
54012,2019-10-27 13:24:00,34.8,1018.0,48,119,6.4,1.4,1012.5
54026,2019-10-27 13:24:00,29.2,1020.1,91,292,8.4,0.4,1388.2
54027,2019-10-27 13:24:00,11.5,1020.0,19,34,7.5,0.9,1041.9
54102,2019-10-27 13:24:00,5.1,1002.8,42,216,7.5,1.2,1210.6
54115,2019-10-27 13:24:00,29.3,1014.4,29,270,3.5,0.3,1163.5
54134,2019-10-27 13:24:00,30.0,1015.5,62,88,8.8,0.3,1169.8
54135,2019-10-27 13:24:00,3.4,1018.3,41,201,12.3,1.4,1354.5
54208,2019-10-27 13:24:00,7.6,1013.7,93,26,11.2,0.5,1136.7
54213,2019-10-27 13:24:00,33.7,1007.3,63,127,2.0,0.6,1317.8
54218,2019-10-27 13:24:00,26.5,1001.9,100,34,6.4,0.1,1051.6
54226,2019-10-27 13:24:00,3.3,1009.1,79,128,12.4,1.4,1216.3
53519,2019-10-27 13:24:00,11.9,1016.8,99,49,12.5,1.4,1334.8
53612,2019-10-27 13:24:00,34.3,1025.9,59,357,2.9,0.0,1080.2
53614,2019-10-27 13:24:00,8.8,1003.5,14,344,3.4,0.5,1107.2
53615,2019-10-27 13:24:00,10.0,1006.1,37,115,4.4,1.1,1007.7
53704,2019-10-27 13:24:00,11.5,1003.5,67,79,6.6,0.4,1281.6
53705,2019-10-27 13:24:00,14.4,1002.9,76,353,13.0,0.1,1004.8
53723,2019-10-27 13:24:00,7.0,1001.8,19,239,12.5,1.1,1352.4
53806,2019-10-27 13:24:00,32.8,1021.6,27,84,12.4,1.5,1202.5
53810,2019-10-27 13:24:00,32.8,1021.5,9,0,6.5,0.2,1367.7
53817,2019-10-27 13:24:00,31.5,1025.0,32,179,9.6,0.2,1096.5
53903,2019-10-27 13:24:00,17.9,1022.2,27,267,5.2,1.2,1273.2
53910,2019-10-27 13:24:00,8.2,1001.2,63,320,7.4,1.3,1153.1
51886,2019-10-27 13:24:00,10.0,1000.4,30,111,8.4,0.9,1202.8
52602,2019-10-27 13:24:00,13.7,1001.8,23,235,0.3,0.5,1308.7
52633,2019-10-27 13:24:00,5.7,1019.2,31,56,5.4,1.2,1387.6
52645,2019-10-27 13:24:00,5.0,1008.5,15,177,12.7,0.8,1150.0
52657,2019-10-27 13:24:00,31.9,1025.2,87,294,7.1,1.1,1121.8
52707,2019-10-27 13:24:00,33.8,1003.9,90,177,1.7,1.1,1135.2
52713,2019-10-27 13:24:00,33.5,1021.4,11,202,3.1,0.4,1311.8
52737,2019-10-27 13:24:00,2.6,1017.6,67,175,4.8,0.4,1442.0
52754,2019-10-27 13:24:00,18.4,1018.8,62,279,12.8,0.8,1085.0
52765,2019-10-27 13:24:00,8.8,1014.0,11,227,7.0,0.7,1338.4
52818,2019-10-27 13:24:00,27.1,1016.0,61,40,8.4,1.0,1109.8
52825,2019-10-27 13:24:00,8.2,1019.7,85,162,6.0,1.0,1226.9
52833,2019-10-27 13:24:00,28.2,1018.2,82,133,14.1,0.2,1078.2
52836,2019-10-27 13:24:00,33.2,1025.9,2,40,6.2,1.2,1133.9
52842,2019-10-27 13:24:00,31.2,1014.8,48,61,12.8,0.7,1198.6
52856,2019-10-27 13:24:00,23.3,1021.6,68,79,4.5,1.2,1047.8
52866,2019-10-27 13:24:00,20.4,1022.9,31,243,13.7,0.3,1424.5
52868,2019-10-27 13:24:00,2.4,1006.6,66,21,5.2,1.5,1301.1
52876,2019-10-27 13:24:00,22.2,1019.1,54,28,14.6,0.0,1063.3
52908,2019-10-27 13:24:00,24.2,1017.7,56,239,9.3,1.5,1450.7
52943,2019-10-27 13:24:00,28.1,1002.9,53,206,3.3,0.3,1127.9
52955,2019-10-27 13:24:00,27.9,1006.6,12,222,5.4,0.8,1056.2
52974,2019-10-27 13:24:00,20.0,1020.5,30,251,7.6,1.0,1373.3
56004,2019-10-27 13:24:00,12.4,1007.6,43,310,9.8,0.9,1476.2
56018,2019-10-27 13:24:00,7.0,1003.9,61,45,10.3,1.3,1474.2
56021,2019-10-27 13:24:00,19.7,1020.0,94,51,14.6,0.0,1197.0
56029,2019-10-27 13:24:00,3.6,1009.5,22,128,8.2,0.6,1306.2
56033,2019-10-27 13:24:00,3.7,1004.9,52,44,2.1,1.3,1375.1
56034,2019-10-27 13:24:00,6.9,1003.3,28,265,1.7,1.2,1267.7
56043,2019-10-27 13:24:00,19.7,1006.5,35,32,5.5,1.5,1041.9
56046,2019-10-27 13:24:00,8.2,1021.6,90,154,12.3,1.1,1218.8
56065,2019-10-27 13:24:00,11.5,1024.8,47,116,10.0,0.9,1239.9
56067,2019-10-27 13:24:00,14.8,1017.0,39,82,8.8,1.0,1348.7
56125,2019-10-27 13:24:00,26.2,1024.0,11,232,1.5,1.2,1352.8
56151,2019-10-27 13:24:00,32.6,1010.1,69,127,1.2,0.1,1462.6
54715,2019-10-27 13:24:00,30.4,1000.2,97,174,3.8,1.0,1175.5
54725,2019-10-27 13:24:00,31.8,1007.4,16,349,3.9,0.6,1198.6
54727,2019-10-27 13:24:00,17.0,1010.4,64,358,3.6,1.4,1064.2
54744,2019-10-27 13:24:00,1.8,1014.7,16,45,14.8,1.1,1083.8
54751,2019-10-27 13:24:00,19.4,1002.7,87,39,1.9,1.1,1030.4
54753,2019-10-27 13:24:00,0.3,1019.4,58,15,2.3,1.2,1239.9
54764,2019-10-27 13:24:00,33.3,1007.0,13,53,0.6,0.7,1220.6
54774,2019-10-27 13:24:00,27.6,1020.8,56,85,7.6,1.0,1189.5
54776,2019-10-27 13:24:00,30.5,1005.8,28,129,5.5,1.3,1151.5
54808,2019-10-27 13:24:00,4.5,1008.0,35,236,13.0,0.7,1337.5
54823,2019-10-27 13:24:00,3.4,1006.0,41,132,5.2,1.2,1157.4
54826,2019-10-27 13:24:00,5.0,1018.1,50,153,3.5,0.8,1112.8
54836,2019-10-27 13:24:00,1.2,1017.9,26,207,3.7,0.8,1307.8
54842,2019-10-27 13:24:00,30.9,1002.0,18,120,7.0,1.5,1009.6
54843,2019-10-27 13:24:00,32.4,1011.4,93,60,1.9,0.8,1305.1
54857,2019-10-27 13:24:00,2.0,1026.3,50,122,6.9,0.7,1069.4
54863,2019-10-27 13:24:00,7.7,1010.7,92,177,3.6,0.4,1404.0
54909,2019-10-27 13:24:00,1.4,1023.8,86,359,4.3,1.0,1254.2
54916,2019-10-27 13:24:00,1.8,1012.8,1,350,5.7,0.4,1174.8
54929,2019-10-27 13:24:00,12.2,1008.3,15,349,6.6,1.1,1094.6
54936,2019-10-27 13:24:00,20.2,1021.1,73,0,2.4,1.5,1045.4
54945,2019-10-27 13:24:00,30.1,1008.6,68,208,10.6,1.2,1083.5
58034,2019-10-27 13:24:00,30.0,1003.0,4,157,6.5,0.4,1313.3
53478,2019-10-27 13:24:00,30.9,1021.0,22,62,12.9,0.7,1181.2
53487,2019-10-27 13:24:00,26.4,1010.5,36,61,6.7,0.7,1390.6
53490,2019-10-27 13:24:00,1.6,1021.2,85,83,0.6,0.3,1049.0
53564,2019-10-27 13:24:00,20.6,1024.8,4,246,6.0,1.0,1073.3
53578,2019-10-27 13:24:00,18.8,1003.7,75,209,1.3,1.1,1425.0
53579,2019-10-27 13:24:00,15.1,1003.0,8,217,13.0,0.6,1253.9
53588,2019-10-27 13:24:00,5.7,1025.9,46,152,12.8,1.3,1150.3
53594,2019-10-27 13:24:00,9.0,1010.5,92,81,13.3,1.0,1484.2
53663,2019-10-27 13:24:00,14.7,1010.8,3,101,6.7,0.0,1252.3
53664,2019-10-27 13:24:00,29.7,1007.6,27,86,10.1,0.1,1031.1
53673,2019-10-27 13:24:00,20.8,1008.3,88,75,13.4,1.2,1266.3
53687,2019-10-27 13:24:00,22.6,1022.8,28,209,4.5,1.5,1297.2
53764,2019-10-27 13:24:00,3.5,1022.7,18,326,7.2,0.3,1053.1
53772,2019-10-27 13:24:00,0.5,1019.0,76,84,6.6,0.1,1362.4
53775,2019-10-27 13:24:00,5.7,1007.7,68,164,1.7,0.2,1254.6
53787,2019-10-27 13:24:00,32.3,1025.3,20,315,10.3,1.0,1273.9
53853,2019-10-27 13:24:00,22.7,1010.2,67,280,13.5,1.5,1304.4
53859,2019-10-27 13:24:00,23.4,1018.4,60,219,0.1,0.6,1123.4
53863,2019-10-27 13:24:00,8.3,1013.7,76,30,7.6,1.4,1045.9
53868,2019-10-27 13:24:00,9.1,1020.0,87,198,9.0,0.5,1377.0
53877,2019-10-27 13:24:00,31.9,1021.9,83,213,7.1,1.3,1386.9
53882,2019-10-27 13:24:00,1.2,1016.1,85,38,4.3,0.7,1287.3
53884,2019-10-27 13:24:00,19.1,1024.4,94,336,1.9,0.4,1497.4
53959,2019-10-27 13:24:00,20.4,1013.4,54,53,1.4,0.4,1482.7
53963,2019-10-27 13:24:00,24.8,1023.7,62,117,0.3,0.4,1478.0
53968,2019-10-27 13:24:00,18.4,1011.7,21,295,3.3,1.2,1377.4
53975,2019-10-27 13:24:00,32.5,1021.5,24,353,3.1,0.0,1284.6
57052,2019-10-27 13:24:00,9.0,1024.7,96,70,0.1,0.1,1399.7
53646,2019-10-27 13:24:00,18.7,1013.6,91,210,14.0,0.4,1334.1
53651,2019-10-27 13:24:00,4.9,1005.3,15,323,9.5,0.2,1298.9
53725,2019-10-27 13:24:00,28.1,1010.6,17,227,14.3,0.7,1105.1
53735,2019-10-27 13:24:00,28.2,1014.7,70,67,9.4,1.2,1157.8
53738,2019-10-27 13:24:00,22.9,1005.7,25,254,1.0,0.2,1184.2
53740,2019-10-27 13:24:00,29.0,1021.3,9,249,11.6,0.3,1235.8
53754,2019-10-27 13:24:00,22.7,1022.1,35,174,10.2,0.6,1038.3
53845,2019-10-27 13:24:00,26.3,1008.6,34,292,14.9,0.2,1253.2
53854,2019-10-27 13:24:00,0.1,1019.0,81,293,9.0,0.4,1241.4
53929,2019-10-27 13:24:00,13.4,1015.7,49,55,4.1,0.4,1497.6
53942,2019-10-27 13:24:00,30.8,1013.6,81,75,9.3,1.1,1380.4
53948,2019-10-27 13:24:00,12.7,1002.9,23,65,6.3,0.7,1169.5
53955,2019-10-27 13:24:00,33.2,1024.9,21,349,8.1,0.4,1415.0
57003,2019-10-27 13:24:00,1.0,1011.8,15,226,13.0,1.0,1420.9
57025,2019-10-27 13:24:00,30.4,1002.4,43,343,10.2,0.6,1070.0
57028,2019-10-27 13:24:00,4.3,1022.6,80,45,6.3,1.3,1108.5
57030,2019-10-27 13:24:00,8.1,1014.8,60,150,11.9,1.5,1122.8
57034,2019-10-27 13:24:00,31.7,1020.1,55,56,13.9,0.5,1380.8
57037,2019-10-27 13:24:00,24.3,1014.8,88,125,0.4,0.5,1092.1
57046,2019-10-27 13:24:00,22.4,1018.6,39,24,9.9,0.1,1421.6
57048,2019-10-27 13:24:00,13.5,1022.8,92,250,7.6,1.4,1429.4
57049,2019-10-27 13:24:00,3.4,1017.1,33,259,6.2,1.0,1234.6
57106,2019-10-27 13:24:00,8.1,1015.1,30,125,4.5,0.1,1193.9
57124,2019-10-27 13:24:00,0.7,1021.5,99,58,0.6,1.2,1206.7
57127,2019-10-27 13:24:00,12.7,1001.0,17,80,7.5,0.4,1338.8
57131,2019-10-27 13:24:00,24.2,1001.2,44,60,9.4,1.5,1105.7
57134,2019-10-27 13:24:00,12.7,1001.3,76,252,12.9,0.0,1050.0
57140,2019-10-27 13:24:00,33.4,1012.5,8,358,7.6,0.1,1173.9
57143,2019-10-27 13:24:00,27.8,1000.0,4,90,5.0,1.2,1385.3
57144,2019-10-27 13:24:00,14.9,1007.2,27,58,14.6,0.9,1147.2
57154,2019-10-27 13:24:00,13.8,1008.9,30,291,11.9,0.8,1327.6
57211,2019-10-27 13:24:00,3.8,1024.3,1,85,8.8,1.1,1296.9
57232,2019-10-27 13:24:00,0.6,1019.9,92,141,10.9,0.7,1234.1
57238,2019-10-27 13:24:00,34.0,1010.2,7,208,0.1,0.0,1239.4
57245,2019-10-27 13:24:00,21.6,1024.9,49,200,10.5,0.5,1047.6
57343,2019-10-27 13:24:00,20.3,1016.9,55,194,9.9,1.0,1349.3
58362,2019-10-27 13:24:00,29.8,1013.3,7,276,12.9,0.6,1363.4
56038,2019-10-27 13:24:00,29.3,1004.5,53,253,11.4,1.1,1382.7
56079,2019-10-27 13:24:00,4.0,1016.0,60,344,10.1,0.7,1243.2
56144,2019-10-27 13:24:00,28.5,1015.4,48,54,7.0,0.5,1328.8
56146,2019-10-27 13:24:00,2.5,1020.9,61,259,7.4,1.1,1092.8
56152,2019-10-27 13:24:00,1.4,1023.4,25,215,1.4,0.0,1115.8
56167,2019-10-27 13:24:00,20.4,1005.6,90,145,3.7,0.0,1254.2
56172,2019-10-27 13:24:00,12.4,1014.7,19,21,4.4,0.5,1437.4
56173,2019-10-27 13:24:00,32.2,1023.1,45,96,13.2,1.3,1244.4
56178,2019-10-27 13:24:00,1.5,1009.8,15,252,4.7,0.2,1472.5
56182,2019-10-27 13:24:00,4.9,1011.3,9,53,1.0,0.2,1128.2
56187,2019-10-27 13:24:00,4.8,1021.5,52,161,6.0,0.9,1400.4
56188,2019-10-27 13:24:00,22.7,1014.7,79,180,1.0,1.4,1420.7
56196,2019-10-27 13:24:00,12.1,1006.8,56,19,6.1,0.9,1389.4
56247,2019-10-27 13:24:00,8.1,1010.6,25,11,13.0,1.2,1373.9
56251,2019-10-27 13:24:00,12.0,1020.4,55,193,8.5,1.4,1304.3
56257,2019-10-27 13:24:00,3.1,1021.7,30,121,11.6,0.3,1056.6
56287,2019-10-27 13:24:00,18.0,1011.5,83,21,1.9,0.1,1455.3
56357,2019-10-27 13:24:00,1.4,1007.6,37,301,12.2,1.2,1214.5
56374,2019-10-27 13:24:00,8.2,1002.0,30,128,12.9,0.7,1472.5
56385,2019-10-27 13:24:00,32.6,1024.6,81,283,12.1,1.3,1252.2
56386,2019-10-27 13:24:00,20.8,1025.0,39,108,5.7,0.4,1291.9
56459,2019-10-27 13:24:00,23.8,1016.6,62,359,2.4,0.2,1334.9
56462,2019-10-27 13:24:00,16.9,1008.5,65,323,10.7,0.5,1437.0
56475,2019-10-27 13:24:00,22.2,1020.9,46,15,12.2,0.1,1211.4
56479,2019-10-27 13:24:00,26.8,1017.1,84,315,5.8,0.9,1008.7
56485,2019-10-27 13:24:00,33.6,1002.0,93,86,5.7,0.1,1448.3
56492,2019-10-27 13:24:00,8.8,1022.0,58,122,6.8,0.6,1287.0
56565,2019-10-27 13:24:00,23.2,1009.9,91,344,10.0,1.5,1004.8
56571,2019-10-27 13:24:00,21.5,1025.8,40,330,0.1,0.2,1389.5
56666,2019-10-27 13:24:00,11.8,1011.6,61,310,9.1,0.4,1223.5
56671,2019-10-27 13:24:00,31.7,1010.2,35,64,6.7,0.3,1486.9
57206,2019-10-27 13:24:00,15.6,1020.4,5,333,8.9,0.2,1220.1
57237,2019-10-27 13:24:00,8.2,1009.9,98,88,9.9,0.8,1396.2
57306,2019-10-27 13:24:00,34.3,1022.1,49,144,0.9,0.5,1028.6
57313,2019-10-27 13:24:00,32.8,1026.0,24,293,12.7,0.5,1308.8
57314,2019-10-27 13:24:00,3.7,1023.5,8,164,7.0,0.8,1061.1
57328,2019-10-27 13:24:00,16.3,1015.0,76,324,4.4,0.4,1466.1
57405,2019-10-27 13:24:00,20.9,1020.8,65,146,7.4,0.0,1489.8
57411,2019-10-27 13:24:00,32.9,1013.8,58,295,14.1,1.2,1441.6
57503,2019-10-27 13:24:00,3.8,1013.2,30,327,3.9,0.1,1085.3
57604,2019-10-27 13:24:00,5.9,1000.6,2,42,6.1,1.2,1153.2
57608,2019-10-27 13:24:00,10.9,1001.8,53,271,11.6,0.4,1360.6
54525,2019-10-27 13:24:00,2.6,1013.0,61,85,10.6,0.5,1450.3
54527,2019-10-27 13:24:00,8.2,1005.2,54,199,8.6,1.0,1451.7
54623,2019-10-27 13:24:00,3.3,1012.4,44,39,12.0,0.0,1301.6
55228,2019-10-27 13:24:00,7.4,1018.8,93,280,7.8,0.4,1488.7
55248,2019-10-27 13:24:00,21.0,1021.4,94,218,9.5,1.3,1482.2
55279,2019-10-27 13:24:00,15.1,1017.7,80,80,6.9,1.2,1023.8
55294,2019-10-27 13:24:00,23.7,1023.5,59,144,13.6,0.1,1392.2
55299,2019-10-27 13:24:00,33.5,1020.3,90,191,7.3,0.1,1217.0
55437,2019-10-27 13:24:00,24.8,1020.3,27,89,4.2,0.7,1279.8
55472,2019-10-27 13:24:00,6.6,1005.2,55,82,9.4,1.3,1308.2
55493,2019-10-27 13:24:00,33.8,1018.6,67,294,8.3,0.0,1317.5
55569,2019-10-27 13:24:00,33.9,1010.5,87,258,3.0,0.7,1337.5
55578,2019-10-27 13:24:00,7.0,1018.4,5,336,3.9,1.5,1112.5
55585,2019-10-27 13:24:00,4.0,1012.2,97,233,12.5,0.6,1011.2
55591,2019-10-27 13:24:00,27.4,1023.5,15,179,10.3,0.8,1410.0
55598,2019-10-27 13:24:00,13.0,1011.8,25,90,8.8,1.5,1350.7
55655,2019-10-27 13:24:00,20.2,1007.3,11,153,4.7,0.6,1333.1
55664,2019-10-27 13:24:00,15.0,1025.7,39,92,5.0,1.4,1436.7
55680,2019-10-27 13:24:00,2.9,1015.1,17,40,12.4,1.4,1049.2
55681,2019-10-27 13:24:00,32.1,1000.0,6,308,7.1,0.5,1049.4
55690,2019-10-27 13:24:00,5.2,1016.9,19,352,13.3,0.8,1262.9
55696,2019-10-27 13:24:00,2.5,1004.5,88,41,14.4,0.5,1479.6
55773,2019-10-27 13:24:00,11.0,1019.9,95,31,0.2,1.0,1444.4
56106,2019-10-27 13:24:00,21.9,1003.6,64,46,10.3,0.0,1485.5
56116,2019-10-27 13:24:00,11.7,1016.2,5,296,4.6,0.2,1459.7
56137,2019-10-27 13:24:00,6.8,1006.3,26,344,0.0,0.4,1293.6
56202,2019-10-27 13:24:00,23.4,1017.9,83,271,0.8,0.8,1470.0
56223,2019-10-27 13:24:00,15.4,1019.1,87,167,7.9,1.0,1062.5
56227,2019-10-27 13:24:00,20.7,1003.2,72,169,12.4,0.7,1399.9
56312,2019-10-27 13:24:00,12.9,1000.3,66,312,10.8,1.1,1176.0
56331,2019-10-27 13:24:00,21.6,1004.4,54,125,10.3,0.7,1200.7
56434,2019-10-27 13:24:00,7.5,1019.3,59,174,0.2,0.9,1331.1
51053,2019-10-27 13:24:00,31.5,1026.1,59,16,7.5,0.9,1372.0
51059,2019-10-27 13:24:00,33.5,1009.0,72,273,1.3,0.5,1480.1
51060,2019-10-27 13:24:00,34.4,1021.4,47,252,14.5,0.3,1330.8
51068,2019-10-27 13:24:00,34.8,1015.9,34,232,5.4,0.8,1493.6
51076,2019-10-27 13:24:00,14.4,1019.8,100,242,9.4,0.5,1358.8
51087,2019-10-27 13:24:00,34.6,1014.0,85,31,0.0,0.8,1060.8
51133,2019-10-27 13:24:00,20.7,1007.9,27,38,3.3,1.2,1242.9
51156,2019-10-27 13:24:00,5.5,1024.3,61,149,1.4,0.1,1175.9
51186,2019-10-27 13:24:00,11.1,1013.2,81,289,13.0,0.8,1001.8
51232,2019-10-27 13:24:00,33.0,1023.4,31,56,13.0,0.2,1188.5
51238,2019-10-27 13:24:00,31.4,1008.7,69,330,2.1,1.0,1233.1
51241,2019-10-27 13:24:00,27.1,1009.6,12,345,4.1,0.7,1337.2
51243,2019-10-27 13:24:00,8.9,1025.1,9,245,5.4,0.1,1344.2
51288,2019-10-27 13:24:00,17.9,1016.6,79,123,1.0,0.0,1174.6
51330,2019-10-27 13:24:00,14.7,1011.2,83,37,9.5,0.2,1198.7
51334,2019-10-27 13:24:00,29.1,1010.9,69,185,1.0,0.3,1433.5
51346,2019-10-27 13:24:00,0.1,1025.9,29,160,12.2,1.3,1302.8
51358,2019-10-27 13:24:00,8.6,1012.3,44,345,10.1,0.5,1145.8
51365,2019-10-27 13:24:00,1.5,1017.9,92,296,10.2,0.1,1133.3
51367,2019-10-27 13:24:00,4.5,1000.9,65,57,11.8,0.4,1186.3
51379,2019-10-27 13:24:00,31.3,1010.2,57,195,12.3,1.3,1328.3
51431,2019-10-27 13:24:00,17.4,1015.9,33,24,0.4,0.3,1413.1
51433,2019-10-27 13:24:00,18.0,1020.2,18,148,12.8,1.2,1063.6
51437,2019-10-27 13:24:00,34.5,1016.9,62,291,0.8,0.6,1358.1
51463,2019-10-27 13:24:00,0.7,1023.2,96,21,3.0,0.4,1273.3
51467,2019-10-27 13:24:00,23.7,1010.9,44,159,6.3,0.3,1304.1
51469,2019-10-27 13:24:00,34.1,1024.3,66,314,0.2,1.5,1474.0
51470,2019-10-27 13:24:00,23.2,1021.5,20,173,12.9,0.4,1416.4
51477,2019-10-27 13:24:00,2.6,1003.8,50,158,12.1,1.3,1465.8
51495,2019-10-27 13:24:00,18.8,1023.6,29,18,4.0,0.7,1365.0
51526,2019-10-27 13:24:00,15.8,1003.2,87,184,5.2,1.1,1302.5
51542,2019-10-27 13:24:00,2.1,1014.6,93,296,3.2,1.1,1438.2
51567,2019-10-27 13:24:00,33.8,1020.7,51,291,0.2,1.1,1397.5
51573,2019-10-27 13:24:00,15.4,1008.1,1,198,14.9,0.0,1028.7
51581,2019-10-27 13:24:00,27.7,1016.0,100,336,4.9,0.5,1037.1
51628,2019-10-27 13:24:00,25.5,1007.1,23,319,12.5,1.1,1055.6
51633,2019-10-27 13:24:00,24.1,1000.8,50,280,7.2,0.3,1082.7
51639,2019-10-27 13:24:00,12.7,1021.0,45,272,14.9,0.1,1420.7
51642,2019-10-27 13:24:00,7.7,1015.0,73,292,7.7,1.1,1023.0
51644,2019-10-27 13:24:00,17.5,1015.6,66,241,14.4,0.7,1434.6
51655,2019-10-27 13:24:00,13.4,1024.1,89,148,3.5,1.3,1491.4
51656,2019-10-27 13:24:00,11.4,1010.0,73,16,9.2,1.3,1331.4
51701,2019-10-27 13:24:00,19.7,1008.1,25,246,4.3,0.0,1100.3
51704,2019-10-27 13:24:00,0.4,1008.9,79,141,2.7,0.3,1258.8
51705,2019-10-27 13:24:00,9.3,1000.3,76,343,3.9,1.5,1458.3
51709,2019-10-27 13:24:00,19.5,1007.6,73,166,4.8,0.9,1226.5
51711,2019-10-27 13:24:00,34.0,1014.1,16,328,13.4,1.5,1202.6
51716,2019-10-27 13:24:00,16.8,1023.7,73,260,10.8,1.5,1423.6
51720,2019-10-27 13:24:00,30.0,1006.1,86,329,12.9,0.8,1298.2
51730,2019-10-27 13:24:00,20.9,1008.0,76,17,13.6,1.2,1043.6
51747,2019-10-27 13:24:00,4.5,1021.9,63,340,11.7,0.5,1496.1
51765,2019-10-27 13:24:00,7.1,1020.9,4,338,5.8,1.1,1041.4
51777,2019-10-27 13:24:00,17.0,1005.0,34,324,12.7,1.0,1196.1
51804,2019-10-27 13:24:00,14.6,1004.4,18,229,1.4,0.9,1444.8
51810,2019-10-27 13:24:00,16.7,1017.0,15,320,9.6,1.2,1063.3
51811,2019-10-27 13:24:00,14.1,1002.6,41,284,7.7,1.1,1488.3
51818,2019-10-27 13:24:00,24.0,1017.3,26,354,5.5,0.6,1151.0
51828,2019-10-27 13:24:00,9.2,1000.0,73,41,11.5,0.2,1258.1
51839,2019-10-27 13:24:00,3.4,1007.7,2,84,8.4,0.4,1082.1
51855,2019-10-27 13:24:00,7.5,1009.4,97,63,0.0,0.1,1217.5
51931,2019-10-27 13:24:00,15.3,1018.4,6,205,0.9,1.5,1338.3
52101,2019-10-27 13:24:00,26.0,1010.3,31,179,12.6,0.3,1175.1
52112,2019-10-27 13:24:00,2.9,1014.7,16,54,3.6,0.0,1219.4
52118,2019-10-27 13:24:00,29.7,1006.4,84,210,12.9,0.8,1028.3
52203,2019-10-27 13:24:00,6.7,1020.1,57,41,0.5,0.5,1063.4
52313,2019-10-27 13:24:00,0.7,1000.6,50,222,14.2,0.4,1110.4
56444,2019-10-27 13:24:00,6.4,1023.2,27,201,3.6,0.9,1455.1
56533,2019-10-27 13:24:00,1.6,1024.9,47,124,9.4,0.2,1453.8
56543,2019-10-27 13:24:00,5.3,1017.4,44,66,8.5,1.1,1167.7
56548,2019-10-27 13:24:00,22.8,1014.2,98,89,5.9,0.7,1493.4
56586,2019-10-27 13:24:00,16.5,1016.6,78,191,7.0,1.5,1277.8
56643,2019-10-27 13:24:00,22.7,1012.1,20,162,10.5,1.0,1281.8
56651,2019-10-27 13:24:00,9.7,1003.0,25,114,1.4,1.1,1435.2
56664,2019-10-27 13:24:00,34.5,1008.3,5,121,3.0,1.0,1469.0
56684,2019-10-27 13:24:00,8.1,1009.8,95,154,3.6,0.3,1141.9
56739,2019-10-27 13:24:00,8.5,1002.6,50,204,2.2,0.9,1194.5
56748,2019-10-27 13:24:00,23.0,1022.9,77,19,8.9,0.8,1334.5
56751,2019-10-27 13:24:00,23.3,1006.9,40,254,3.7,0.3,1114.7
56763,2019-10-27 13:24:00,22.7,1025.9,51,291,10.2,0.5,1170.3
56768,2019-10-27 13:24:00,27.4,1017.8,24,296,14.5,0.0,1039.9
56778,2019-10-27 13:24:00,25.5,1010.5,11,17,13.6,0.6,1455.9
56786,2019-10-27 13:24:00,17.5,1011.3,36,192,0.7,0.6,1070.7
56838,2019-10-27 13:24:00,15.9,1006.9,87,178,2.1,0.0,1197.9
56856,2019-10-27 13:24:00,32.8,1005.3,39,216,0.2,0.9,1075.3
56872,2019-10-27 13:24:00,29.2,1014.1,78,358,13.3,0.7,1011.6
56875,2019-10-27 13:24:00,23.1,1013.8,98,307,6.6,0.8,1382.7
56886,2019-10-27 13:24:00,6.0,1024.3,19,192,7.9,0.8,1386.9
56946,2019-10-27 13:24:00,23.2,1008.8,24,156,7.6,0.2,1446.5
56950,2019-10-27 13:24:00,1.8,1024.8,9,29,1.1,0.9,1219.2
56951,2019-10-27 13:24:00,31.1,1010.7,69,9,5.5,0.1,1414.7
56954,2019-10-27 13:24:00,20.6,1025.1,49,329,0.9,1.1,1110.5
56959,2019-10-27 13:24:00,30.2,1008.0,17,173,1.8,1.2,1195.9
56964,2019-10-27 13:24:00,18.2,1020.4,66,135,12.7,0.1,1145.8
56966,2019-10-27 13:24:00,9.5,1026.1,6,80,8.8,0.5,1428.0
56969,2019-10-27 13:24:00,16.2,1015.7,26,150,4.5,0.6,1270.9
56977,2019-10-27 13:24:00,33.0,1006.2,47,36,2.2,0.6,1279.2
56985,2019-10-27 13:24:00,31.5,1023.6,11,308,6.0,0.7,1404.6
56986,2019-10-27 13:24:00,3.6,1003.6,21,273,11.2,0.1,1188.9
56991,2019-10-27 13:24:00,10.2,1008.4,83,19,14.8,0.7,1044.2
59007,2019-10-27 13:24:00,1.6,1016.7,42,337,8.4,0.3,1445.7
58448,2019-10-27 13:24:00,4.8,1019.1,36,12,11.2,1.0,1463.1
58450,2019-10-27 13:24:00,17.4,1012.3,56,255,12.4,0.4,1014.8
58457,2019-10-27 13:24:00,27.0,1000.5,74,262,6.2,0.3,1468.2
58464,2019-10-27 13:24:00,9.0,1009.6,64,44,0.6,1.2,1094.9
58467,2019-10-27 13:24:00,7.8,1016.6,100,9,10.2,0.3,1122.4
58472,2019-10-27 13:24:00,11.0,1003.3,94,131,10.6,0.1,1210.3
58477,2019-10-27 13:24:00,3.7,1010.4,59,143,13.6,1.1,1477.8
58543,2019-10-27 13:24:00,9.3,1012.0,12,191,10.9,1.0,1164.2
58549,2019-10-27 13:24:00,9.7,1011.6,21,47,2.7,0.4,1331.6
58553,2019-10-27 13:24:00,15.7,1010.7,11,87,14.0,1.2,1465.3
58556,2019-10-27 13:24:00,13.9,1010.2,98,3,8.8,0.0,1188.2
58557,2019-10-27 13:24:00,14.9,1006.1,78,115,13.4,0.8,1449.7
58562,2019-10-27 13:24:00,27.0,1012.8,54,140,9.6,1.3,1335.5
58569,2019-10-27 13:24:00,34.6,1022.5,77,26,10.2,1.1,1135.6
58633,2019-10-27 13:24:00,2.7,1005.2,45,255,0.4,1.0,1232.3
58646,2019-10-27 13:24:00,15.2,1016.4,90,218,9.5,0.6,1370.0
58652,2019-10-27 13:24:00,19.3,1007.2,32,74,12.2,1.2,1064.6
58665,2019-10-27 13:24:00,8.9,1014.5,55,325,10.5,1.4,1118.5
58666,2019-10-27 13:24:00,9.4,1020.1,57,112,1.8,1.3,1438.2
58667,2019-10-27 13:24:00,11.0,1016.4,31,98,5.3,0.7,1161.4
58742,2019-10-27 13:24:00,20.9,1011.8,35,302,14.5,1.0,1448.6
58752,2019-10-27 13:24:00,22.6,1000.2,44,27,6.2,0.1,1286.0
58760,2019-10-27 13:24:00,31.8,1010.4,36,248,5.3,1.5,1490.9
57348,2019-10-27 13:24:00,23.9,1000.3,33,78,4.7,1.0,1028.1
57426,2019-10-27 13:24:00,2.2,1015.8,58,331,12.1,0.8,1405.1
57432,2019-10-27 13:24:00,25.5,1000.0,42,67,1.4,0.8,1357.5
57502,2019-10-27 13:24:00,9.2,1017.3,11,237,6.5,0.5,1031.1
57512,2019-10-27 13:24:00,17.2,1005.1,10,211,8.9,0.5,1499.3
57516,2019-10-27 13:24:00,19.4,1022.0,59,169,9.1,0.7,1357.0
57517,2019-10-27 13:24:00,1.8,1000.9,78,13,11.9,1.5,1026.4
57520,2019-10-27 13:24:00,14.4,1025.2,52,83,14.3,1.3,1218.7
57523,2019-10-27 13:24:00,25.3,1017.4,90,236,0.0,0.2,1085.6
57536,2019-10-27 13:24:00,20.0,1025.7,62,158,9.7,0.3,1218.2
57612,2019-10-27 13:24:00,25.7,1016.8,61,265,5.0,0.2,1338.9
57633,2019-10-27 13:24:00,23.9,1006.6,63,77,1.8,1.3,1497.5
