58015,2019-09-17 13:32:00,32.6,1010.5,4,340,1.5,0.5,1231.8
58102,2019-09-17 13:32:00,11.0,1025.8,98,90,10.1,0.7,1499.8
58118,2019-09-17 13:32:00,0.5,1022.0,7,208,3.5,1.2,1363.4
58122,2019-09-17 13:32:00,17.5,1019.0,17,350,2.6,0.0,1408.0
58203,2019-09-17 13:32:00,22.8,1016.4,6,266,2.6,1.3,1305.9
58215,2019-09-17 13:32:00,20.4,1004.6,83,69,10.1,1.5,1006.6
58221,2019-09-17 13:32:00,33.7,1024.2,61,270,8.9,1.4,1158.3
58225,2019-09-17 13:32:00,22.0,1008.9,53,106,11.6,0.1,1059.7
58236,2019-09-17 13:32:00,22.9,1003.0,34,61,2.6,0.7,1453.2
58311,2019-09-17 13:32:00,28.7,1019.5,20,147,10.8,0.5,1479.2
58314,2019-09-17 13:32:00,17.3,1000.4,48,141,3.1,1.5,1190.1
58319,2019-09-17 13:32:00,20.1,1006.3,15,215,4.9,1.1,1353.5
58321,2019-09-17 13:32:00,22.5,1024.8,2,209,7.5,0.2,1190.7
58326,2019-09-17 13:32:00,22.0,1022.8,4,327,7.3,0.6,1362.2
58336,2019-09-17 13:32:00,24.7,1009.2,95,112,6.1,0.9,1366.0
58338,2019-09-17 13:32:00,20.7,1012.8,91,145,13.3,1.2,1121.6
58414,2019-09-17 13:32:00,6.8,1013.0,46,129,11.3,1.0,1162.0
58419,2019-09-17 13:32:00,12.4,1004.1,34,335,10.6,0.0,1015.9
58424,2019-09-17 13:32:00,5.2,1011.7,13,135,13.9,0.2,1402.2
58429,2019-09-17 13:32:00,25.9,1012.6,15,68,10.6,0.8,1484.2
58436,2019-09-17 13:32:00,2.0,1001.0,27,203,13.6,1.5,1347.0
58437,2019-09-17 13:32:00,1.6,1021.7,84,264,0.5,0.8,1025.5
58520,2019-09-17 13:32:00,9.4,1012.0,46,65,1.7,1.3,1164.1
58531,2019-09-17 13:32:00,9.5,1002.5,70,282,1.7,1.5,1438.6
54406,2019-09-17 13:32:00,5.5,1015.9,76,355,5.1,0.9,1189.6
54416,2019-09-17 13:32:00,32.0,1003.4,64,263,10.3,1.0,1437.6
54511,2019-09-17 13:32:00,27.6,1020.1,32,271,7.3,1.2,1454.7
58725,2019-09-17 13:32:00,28.7,1007.3,31,164,10.3,1.1,1256.8
58730,2019-09-17 13:32:00,5.2,1020.9,81,108,2.5,0.7,1454.4
58731,2019-09-17 13:32:00,0.7,1011.1,6,308,9.0,0.0,1224.5
58734,2019-09-17 13:32:00,13.9,1019.8,51,143,13.7,0.9,1317.2
58737,2019-09-17 13:32:00,11.8,1010.0,96,315,9.8,0.9,1080.1
58744,2019-09-17 13:32:00,1.0,1007.6,30,358,1.0,0.9,1239.3
58754,2019-09-17 13:32:00,29.9,1026.2,94,44,2.8,0.6,1272.8
58818,2019-09-17 13:32:00,30.8,1018.4,44,265,3.9,1.3,1350.5
58820,2019-09-17 13:32:00,20.7,1001.2,99,191,13.9,0.6,1274.8
58834,2019-09-17 13:32:00,9.6,1000.6,11,302,4.8,0.7,1406.8
58837,2019-09-17 13:32:00,13.7,1024.6,99,138,6.8,0.7,1438.2
58843,2019-09-17 13:32:00,10.3,1004.7,47,40,11.3,0.9,1007.4
58846,2019-09-17 13:32:00,15.3,1021.6,58,253,11.5,0.7,1161.7
58847,2019-09-17 13:32:00,17.6,1019.9,23,191,2.3,0.0,1457.5
58911,2019-09-17 13:32:00,8.1,1013.1,7,83,7.7,0.9,1183.3
58918,2019-09-17 13:32:00,34.4,1012.5,48,247,14.4,0.1,1186.5
58921,2019-09-17 13:32:00,4.4,1000.4,5,34,12.3,0.1,1241.4
58926,2019-09-17 13:32:00,4.0,1014.1,24,73,6.8,0.1,1150.7
58927,2019-09-17 13:32:00,23.5,1021.2,23,244,10.8,0.1,1364.0
58931,2019-09-17 13:32:00,29.7,1003.8,34,254,13.8,0.0,1290.1
58933,2019-09-17 13:32:00,18.1,1000.1,1,52,6.2,0.4,1285.2
58936,2019-09-17 13:32:00,15.5,1000.0,54,124,8.1,0.0,1201.9
58944,2019-09-17 13:32:00,6.9,1003.1,6,142,0.8,0.4,1486.6
59113,2019-09-17 13:32:00,20.4,1013.1,59,105,14.9,1.5,1136.5
59126,2019-09-17 13:32:00,24.5,1001.0,25,82,5.3,0.8,1239.4
59133,2019-09-17 13:32:00,29.6,1013.3,22,91,4.5,1.1,1058.5
59134,2019-09-17 13:32:00,22.8,1025.5,97,170,3.3,0.2,1148.5
59321,2019-09-17 13:32:00,23.6,1000.1,84,359,14.7,0.5,1389.4
52323,2019-09-17 13:32:00,20.6,1011.6,8,35,1.3,1.1,1023.2
52418,2019-09-17 13:32:00,31.3,1013.5,74,123,13.5,1.0,1371.6
52424,2019-09-17 13:32:00,0.0,1021.5,67,119,13.3,0.2,1094.6
52436,2019-09-17 13:32:00,29.2,1020.8,14,88,0.4,1.2,1382.6
52446,2019-09-17 13:32:00,9.5,1025.4,37,319,2.5,1.5,1027.5
52447,2019-09-17 13:32:00,27.6,1009.2,46,166,13.4,1.4,1070.7
52533,2019-09-17 13:32:00,26.1,1008.3,28,270,14.4,0.5,1188.4
52546,2019-09-17 13:32:00,0.7,1009.8,51,45,12.8,0.8,1121.1
52652,2019-09-17 13:32:00,11.0,1020.0,26,268,0.0,1.3,1018.9
52661,2019-09-17 13:32:00,18.8,1000.3,28,356,13.5,0.8,1427.9
52674,2019-09-17 13:32:00,2.2,1023.9,68,292,1.4,0.3,1070.1
52679,2019-09-17 13:32:00,2.3,1017.0,57,307,0.0,1.4,1380.7
52681,2019-09-17 13:32:00,19.8,1018.7,91,164,8.5,0.3,1232.8
52787,2019-09-17 13:32:00,5.9,1025.8,93,4,13.9,1.1,1468.5
52797,2019-09-17 13:32:00,1.7,1001.0,60,138,3.9,0.7,1079.7
52884,2019-09-17 13:32:00,19.2,1006.9,38,204,6.4,0.1,1320.1
52895,2019-09-17 13:32:00,11.9,1006.5,90,216,8.0,1.5,1101.6
52983,2019-09-17 13:32:00,0.3,1005.7,65,114,12.5,0.1,1332.9
52984,2019-09-17 13:32:00,14.4,1002.5,4,261,12.6,0.3,1375.1
52986,2019-09-17 13:32:00,24.4,1020.7,35,353,11.6,1.5,1201.1
52996,2019-09-17 13:32:00,20.5,1010.0,95,297,12.5,1.5,1446.2
53821,2019-09-17 13:32:00,1.0,1000.9,58,182,1.1,0.2,1166.4
53915,2019-09-17 13:32:00,13.5,1020.3,48,205,1.5,0.6,1122.0
53923,2019-09-17 13:32:00,22.9,1003.7,91,321,6.1,0.8,1372.9
56074,2019-09-17 13:32:00,11.1,1005.9,77,110,6.9,0.6,1003.0
56080,2019-09-17 13:32:00,25.2,1021.5,58,92,2.2,1.4,1297.8
56093,2019-09-17 13:32:00,31.9,1001.8,56,274,2.3,0.2,1289.3
56096,2019-09-17 13:32:00,9.3,1000.6,31,322,2.6,0.4,1371.3
57014,2019-09-17 13:32:00,14.4,1004.3,83,85,4.9,0.6,1349.0
57996,2019-09-17 13:32:00,32.5,1018.1,39,65,8.8,0.3,1118.1
59072,2019-09-17 13:32:00,32.9,1022.5,96,316,0.0,1.0,1168.6
59082,2019-09-17 13:32:00,27.9,1025.4,7,273,1.3,0.1,1031.4
59087,2019-09-17 13:32:00,7.8,1010.1,44,276,6.0,1.3,1247.4
59088,2019-09-17 13:32:00,9.7,1013.3,73,160,1.4,0.7,1417.1
59096,2019-09-17 13:32:00,29.5,1022.3,67,145,12.0,1.3,1253.5
59097,2019-09-17 13:32:00,18.7,1018.6,89,205,2.2,0.2,1339.2
59107,2019-09-17 13:32:00,1.4,1021.1,58,344,4.5,0.0,1299.5
59116,2019-09-17 13:32:00,19.6,1002.7,47,48,6.1,1.1,1193.0
59117,2019-09-17 13:32:00,4.0,1021.7,98,252,14.0,1.5,1475.8
59271,2019-09-17 13:32:00,16.8,1022.9,64,344,4.5,1.5,1118.2
59278,2019-09-17 13:32:00,34.9,1013.3,92,155,3.1,0.4,1308.2
59280,2019-09-17 13:32:00,32.5,1021.8,85,233,13.0,0.7,1157.2
59287,2019-09-17 13:32:00,6.0,1022.2,3,333,3.6,1.2,1414.0
59289,2019-09-17 13:32:00,5.0,1021.0,8,9,4.4,1.1,1106.1
59293,2019-09-17 13:32:00,2.1,1024.9,55,119,2.2,0.9,1310.0
59294,2019-09-17 13:32:00,1.2,1024.8,46,40,10.1,1.4,1361.1
59298,2019-09-17 13:32:00,16.0,1002.3,69,129,1.7,1.4,1496.8
59303,2019-09-17 13:32:00,24.2,1014.2,60,11,8.8,1.5,1332.1
59304,2019-09-17 13:32:00,20.8,1005.3,47,356,1.4,0.5,1418.7
59306,2019-09-17 13:32:00,34.3,1007.3,54,83,9.6,1.0,1115.0
59310,2019-09-17 13:32:00,10.4,1005.2,42,173,4.7,0.1,1101.6
59316,2019-09-17 13:32:00,0.4,1000.6,65,199,10.8,0.3,1410.9
59317,2019-09-17 13:32:00,16.1,1022.2,77,343,8.2,0.6,1330.3
59324,2019-09-17 13:32:00,10.0,1010.3,47,306,2.2,1.1,1135.0
59456,2019-09-17 13:32:00,11.5,1017.9,57,38,8.2,0.6,1017.9
59462,2019-09-17 13:32:00,14.2,1017.3,66,336,14.9,0.5,1127.4
59478,2019-09-17 13:32:00,34.3,1003.6,71,18,4.9,1.0,1194.5
59485,2019-09-17 13:32:00,19.4,1007.6,1,40,9.4,1.0,1244.6
59488,2019-09-17 13:32:00,8.4,1012.4,48,189,5.1,0.8,1413.7
59493,2019-09-17 13:32:00,3.2,1001.8,63,156,2.1,0.7,1132.1
59501,2019-09-17 13:32:00,6.7,1013.0,33,23,1.6,1.4,1214.5
59658,2019-09-17 13:32:00,16.7,1005.8,36,47,2.4,1.5,1402.9
59663,2019-09-17 13:32:00,6.5,1003.1,47,301,3.5,0.9,1442.9
59664,2019-09-17 13:32:00,3.8,1004.1,90,203,11.1,1.1,1471.0
59673,2019-09-17 13:32:00,30.2,1016.5,5,18,9.0,0.0,1180.9
59754,2019-09-17 13:32:00,26.2,1001.8,87,194,4.6,0.5,1168.5
57947,2019-09-17 13:32:00,7.7,1003.6,53,104,4.7,0.2,1425.1
57957,2019-09-17 13:32:00,7.7,1024.9,68,33,9.7,1.2,1290.6
57958,2019-09-17 13:32:00,2.3,1005.9,89,154,14.1,0.1,1174.5
59021,2019-09-17 13:32:00,19.6,1011.1,50,322,2.4,0.7,1095.4
59023,2019-09-17 13:32:00,18.2,1018.1,42,266,2.2,1.3,1153.2
59027,2019-09-17 13:32:00,16.0,1008.9,29,127,9.0,0.8,1089.0
59037,2019-09-17 13:32:00,16.0,1001.9,30,118,1.6,0.9,1002.1
59046,2019-09-17 13:32:00,25.3,1015.2,1,133,4.4,0.1,1453.6
59058,2019-09-17 13:32:00,6.6,1000.4,56,213,5.0,0.8,1086.7
59065,2019-09-17 13:32:00,16.3,1010.4,83,305,8.5,1.1,1021.4
59209,2019-09-17 13:32:00,32.2,1000.1,38,355,1.5,0.6,1389.9
59211,2019-09-17 13:32:00,5.2,1023.5,11,241,4.8,0.6,1381.9
59218,2019-09-17 13:32:00,20.7,1025.4,74,354,10.3,0.0,1440.8
59228,2019-09-17 13:32:00,30.6,1021.4,52,127,11.5,0.9,1146.2
59242,2019-09-17 13:32:00,29.7,1022.8,29,68,5.9,0.1,1202.8
59254,2019-09-17 13:32:00,5.7,1005.8,10,98,11.9,1.1,1358.9
59265,2019-09-17 13:32:00,22.8,1001.1,38,55,9.5,1.4,1099.7
59417,2019-09-17 13:32:00,13.0,1017.0,90,193,6.6,0.8,1331.4
59431,2019-09-17 13:32:00,13.5,1001.5,57,7,7.4,0.9,1166.2
59446,2019-09-17 13:32:00,11.9,1026.0,60,12,13.6,1.2,1415.5
59453,2019-09-17 13:32:00,34.0,1023.9,75,98,2.2,1.2,1432.0
59626,2019-09-17 13:32:00,27.2,1005.9,23,60,1.7,1.1,1085.7
59631,2019-09-17 13:32:00,33.5,1019.5,7,227,3.1,0.7,1336.6
59632,2019-09-17 13:32:00,3.4,1020.5,71,72,0.2,0.1,1265.4
59644,2019-09-17 13:32:00,22.2,1013.9,29,85,8.8,1.4,1390.0
59647,2019-09-17 13:32:00,25.4,1018.1,17,310,14.3,1.1,1455.9
56691,2019-09-17 13:32:00,25.9,1009.1,78,205,1.2,0.7,1345.8
56693,2019-09-17 13:32:00,11.9,1005.8,20,162,10.0,0.1,1079.9
56792,2019-09-17 13:32:00,25.6,1009.7,4,181,7.3,1.1,1460.0
56793,2019-09-17 13:32:00,34.2,1022.8,63,264,5.4,1.1,1494.6
57606,2019-09-17 13:32:00,1.2,1018.4,10,71,13.0,0.2,1107.2
57614,2019-09-17 13:32:00,35.0,1018.9,23,109,2.4,0.1,1394.6
57625,2019-09-17 13:32:00,2.6,1015.7,91,48,10.9,0.9,1445.4
57647,2019-09-17 13:32:00,30.7,1012.7,13,208,11.7,1.1,1355.1
57707,2019-09-17 13:32:00,13.3,1005.3,84,173,8.4,0.0,1305.5
57710,2019-09-17 13:32:00,21.2,1025.1,42,311,10.7,1.5,1063.3
57712,2019-09-17 13:32:00,3.8,1015.4,93,188,4.6,0.6,1355.5
57718,2019-09-17 13:32:00,24.3,1005.7,11,262,5.6,0.2,1413.5
57722,2019-09-17 13:32:00,15.6,1014.4,68,119,10.9,0.6,1460.3
57729,2019-09-17 13:32:00,12.7,1016.5,9,32,2.8,0.2,1359.2
57731,2019-09-17 13:32:00,34.8,1018.2,24,348,2.6,1.5,1411.3
57741,2019-09-17 13:32:00,2.8,1023.6,66,272,8.1,0.7,1463.3
57803,2019-09-17 13:32:00,3.6,1014.0,70,85,5.1,0.5,1334.2
57805,2019-09-17 13:32:00,29.7,1006.4,89,98,3.6,0.0,1131.5
57806,2019-09-17 13:32:00,8.2,1003.3,94,131,11.6,0.5,1478.5
57816,2019-09-17 13:32:00,7.1,1012.1,98,109,4.0,1.4,1342.7
57825,2019-09-17 13:32:00,21.8,1008.2,32,144,9.4,0.1,1194.2
57827,2019-09-17 13:32:00,16.1,1003.7,46,170,13.3,0.1,1014.6
57832,2019-09-17 13:32:00,26.3,1006.7,40,136,13.2,0.9,1423.7
57839,2019-09-17 13:32:00,19.5,1010.9,9,247,14.2,1.3,1271.8
57840,2019-09-17 13:32:00,7.8,1025.6,22,107,11.5,0.4,1150.9
57902,2019-09-17 13:32:00,8.3,1006.7,54,137,14.9,0.3,1418.9
57906,2019-09-17 13:32:00,15.8,1023.6,89,257,11.8,0.8,1458.7
57907,2019-09-17 13:32:00,15.6,1001.0,82,243,1.9,0.9,1326.5
57910,2019-09-17 13:32:00,4.5,1012.8,19,358,2.2,0.7,1494.5
57912,2019-09-17 13:32:00,6.2,1018.6,82,189,5.5,0.7,1047.0
57916,2019-09-17 13:32:00,0.2,1025.1,26,322,2.2,0.2,1406.5
57922,2019-09-17 13:32:00,24.7,1005.6,45,16,1.1,0.2,1002.6
57926,2019-09-17 13:32:00,10.9,1016.2,55,235,11.8,0.4,1368.4
57932,2019-09-17 13:32:00,2.9,1003.1,4,359,11.4,0.0,1396.2
59758,2019-09-17 13:32:00,12.7,1009.6,87,246,10.9,0.4,1092.3
59838,2019-09-17 13:32:00,29.8,1005.0,72,77,7.6,0.8,1341.8
59845,2019-09-17 13:32:00,14.2,1022.9,77,341,11.1,1.4,1092.2
59849,2019-09-17 13:32:00,27.2,1002.7,67,211,12.5,1.3,1065.6
59855,2019-09-17 13:32:00,13.4,1000.7,32,160,7.9,1.0,1003.0
59948,2019-09-17 13:32:00,34.5,1014.4,60,94,11.6,0.3,1236.4
59954,2019-09-17 13:32:00,27.4,1007.9,29,263,9.3,0.9,1362.6
59981,2019-09-17 13:32:00,0.1,1008.9,77,58,9.6,1.4,1158.4
53399,2019-09-17 13:32:00,23.3,1005.3,65,32,12.1,0.0,1356.0
53593,2019-09-17 13:32:00,7.4,1015.8,65,12,5.4,1.5,1081.8
53698,2019-09-17 13:32:00,24.8,1020.8,71,144,5.7,0.7,1194.1
53798,2019-09-17 13:32:00,13.3,1018.1,8,61,9.5,0.7,1250.4
54308,2019-09-17 13:32:00,31.9,1018.6,13,75,13.9,1.3,1035.8
54311,2019-09-17 13:32:00,25.1,1007.7,6,152,4.7,0.5,1493.2
54401,2019-09-17 13:32:00,28.1,1022.1,73,203,10.5,1.4,1185.1
54405,2019-09-17 13:32:00,11.5,1003.3,39,319,4.9,1.3,1351.8
54423,2019-09-17 13:32:00,13.7,1013.0,32,231,5.6,1.5,1371.8
54429,2019-09-17 13:32:00,17.9,1004.9,39,358,0.1,0.3,1022.7
54436,2019-09-17 13:32:00,0.1,1014.1,29,111,11.5,0.4,1442.2
54449,2019-09-17 13:32:00,13.1,1008.6,66,336,14.2,1.5,1298.1
54518,2019-09-17 13:32:00,6.5,1004.5,88,58,8.3,0.6,1150.4
54534,2019-09-17 13:32:00,32.2,1012.4,41,87,9.0,1.0,1112.2
54535,2019-09-17 13:32:00,8.1,1025.6,22,244,9.2,0.9,1112.5
54539,2019-09-17 13:32:00,13.5,1021.5,75,239,5.3,1.2,1318.7
54602,2019-09-17 13:32:00,27.3,1017.5,28,229,9.8,0.3,1242.6
54606,2019-09-17 13:32:00,3.7,1021.0,10,132,5.1,1.3,1161.6
54618,2019-09-17 13:32:00,12.7,1011.9,63,278,10.5,0.7,1364.8
54624,2019-09-17 13:32:00,1.0,1004.1,31,127,9.1,1.3,1361.7
54705,2019-09-17 13:32:00,34.5,1010.4,60,212,4.6,0.6,1057.0
53898,2019-09-17 13:32:00,15.4,1003.8,61,189,14.1,0.1,1495.7
53986,2019-09-17 13:32:00,29.5,1022.7,67,348,10.2,0.0,1251.9
57051,2019-09-17 13:32:00,11.5,1007.3,10,359,9.9,0.3,1462.5
57067,2019-09-17 13:32:00,16.4,1004.5,11,48,14.9,0.5,1097.4
57071,2019-09-17 13:32:00,9.8,1012.7,14,234,6.1,0.6,1376.9
57077,2019-09-17 13:32:00,34.1,1001.5,79,258,1.8,0.0,1277.0
57083,2019-09-17 13:32:00,15.4,1018.7,14,71,13.5,1.4,1030.2
57084,2019-09-17 13:32:00,32.5,1024.8,63,10,6.8,0.4,1124.3
57089,2019-09-17 13:32:00,17.7,1008.3,52,338,5.0,0.4,1347.9
57091,2019-09-17 13:32:00,24.7,1022.3,89,57,3.6,1.4,1389.0
57156,2019-09-17 13:32:00,30.1,1024.5,56,68,13.4,1.2,1156.8
57178,2019-09-17 13:32:00,10.2,1025.7,3,299,6.5,0.0,1019.2
57181,2019-09-17 13:32:00,21.1,1024.3,9,163,3.1,1.5,1105.3
57193,2019-09-17 13:32:00,12.8,1023.5,87,267,6.6,1.4,1386.9
57285,2019-09-17 13:32:00,16.0,1022.6,38,200,10.3,0.4,1355.1
57290,2019-09-17 13:32:00,27.8,1004.9,52,63,1.1,0.2,1031.2
57297,2019-09-17 13:32:00,28.6,1010.2,13,352,1.1,0.0,1389.0
58005,2019-09-17 13:32:00,0.4,1024.0,90,78,1.1,0.3,1008.0
58111,2019-09-17 13:32:00,21.3,1013.1,48,65,9.4,0.8,1379.9
58208,2019-09-17 13:32:00,22.5,1008.3,86,60,9.2,1.2,1041.4
50136,2019-09-17 13:32:00,16.2,1004.9,79,104,11.7,1.5,1249.3
50246,2019-09-17 13:32:00,9.0,1005.5,65,4,0.1,0.5,1133.1
50247,2019-09-17 13:32:00,31.0,1024.0,34,35,3.1,0.4,1115.9
50349,2019-09-17 13:32:00,3.0,1002.9,78,226,4.2,0.2,1302.3
50353,2019-09-17 13:32:00,21.9,1009.5,74,244,9.7,0.0,1498.1
50442,2019-09-17 13:32:00,13.3,1019.0,78,214,1.2,0.1,1455.7
50468,2019-09-17 13:32:00,27.2,1011.6,74,159,2.6,1.0,1147.3
50557,2019-09-17 13:32:00,14.3,1020.6,7,56,0.2,0.3,1073.3
50564,2019-09-17 13:32:00,5.7,1015.2,33,223,0.0,0.1,1108.6
50656,2019-09-17 13:32:00,25.0,1006.4,9,183,10.4,0.6,1014.8
50658,2019-09-17 13:32:00,15.6,1008.4,28,212,2.8,1.3,1133.0
50674,2019-09-17 13:32:00,32.7,1020.1,91,36,5.0,0.5,1477.3
50739,2019-09-17 13:32:00,8.8,1014.9,19,299,13.2,1.4,1210.4
50742,2019-09-17 13:32:00,5.2,1009.5,14,131,1.9,1.4,1293.6
50745,2019-09-17 13:32:00,35.0,1003.7,4,353,9.3,1.4,1209.9
50756,2019-09-17 13:32:00,13.9,1003.2,94,78,14.9,0.8,1471.3
50758,2019-09-17 13:32:00,32.3,1015.0,100,265,11.9,0.5,1408.4
50774,2019-09-17 13:32:00,18.9,1023.7,91,277,13.4,0.4,1058.0
50778,2019-09-17 13:32:00,27.6,1019.5,15,239,9.4,0.1,1023.6
50788,2019-09-17 13:32:00,26.0,1022.9,55,211,9.1,1.5,1140.0
50844,2019-09-17 13:32:00,33.3,1021.8,36,303,2.0,1.0,1099.8
50853,2019-09-17 13:32:00,1.2,1021.6,6,165,3.0,0.4,1311.4
50854,2019-09-17 13:32:00,5.6,1005.9,56,69,13.6,0.6,1408.1
50862,2019-09-17 13:32:00,8.7,1017.6,26,41,4.5,0.3,1248.4
50873,2019-09-17 13:32:00,15.8,1000.4,26,129,11.4,0.9,1120.1
50877,2019-09-17 13:32:00,29.4,1020.4,75,297,10.7,0.7,1392.5
50888,2019-09-17 13:32:00,16.1,1001.7,10,143,13.1,0.5,1299.8
50950,2019-09-17 13:32:00,5.5,1008.2,27,61,3.0,1.5,1388.9
50953,2019-09-17 13:32:00,29.9,1007.3,8,205,1.4,0.9,1125.6
50955,2019-09-17 13:32:00,32.0,1012.1,72,135,4.5,0.1,1049.0
50963,2019-09-17 13:32:00,28.2,1026.2,20,72,0.4,0.8,1199.0
50968,2019-09-17 13:32:00,2.6,1017.3,74,117,3.2,1.5,1090.0
50973,2019-09-17 13:32:00,6.6,1006.7,87,221,8.7,1.3,1316.3
50978,2019-09-17 13:32:00,15.0,1008.3,57,64,2.4,0.8,1285.4
50983,2019-09-17 13:32:00,8.3,1008.2,45,327,5.4,1.5,1106.9
54094,2019-09-17 13:32:00,24.2,1005.8,72,239,8.9,0.4,1492.6
54096,2019-09-17 13:32:00,23.2,1021.0,20,296,10.0,0.9,1116.0
57251,2019-09-17 13:32:00,31.7,1014.6,40,243,7.9,0.0,1202.9
57256,2019-09-17 13:32:00,9.6,1024.8,79,60,10.5,1.0,1378.6
57259,2019-09-17 13:32:00,20.8,1011.2,31,331,8.3,1.0,1430.8
57265,2019-09-17 13:32:00,0.7,1009.3,79,75,4.4,0.6,1483.1
57278,2019-09-17 13:32:00,12.4,1002.5,14,135,5.8,0.9,1379.6
57279,2019-09-17 13:32:00,8.1,1002.1,10,346,8.1,0.0,1355.3
57355,2019-09-17 13:32:00,13.2,1022.9,86,158,5.4,1.1,1184.2
57358,2019-09-17 13:32:00,21.2,1023.9,92,91,1.8,1.0,1272.2
57359,2019-09-17 13:32:00,31.8,1006.4,43,242,13.1,0.4,1386.7
57363,2019-09-17 13:32:00,6.1,1010.6,81,50,1.4,0.9,1079.5
57378,2019-09-17 13:32:00,22.1,1002.6,55,153,14.8,1.1,1472.8
57381,2019-09-17 13:32:00,21.4,1001.6,54,181,2.8,1.3,1378.8
57395,2019-09-17 13:32:00,12.7,1003.6,11,182,9.5,0.1,1354.1
57399,2019-09-17 13:32:00,32.2,1006.6,74,356,12.2,0.5,1045.8
57439,2019-09-17 13:32:00,12.2,1025.9,75,343,13.2,1.2,1161.3
57445,2019-09-17 13:32:00,28.9,1025.6,53,204,12.8,1.0,1277.9
57447,2019-09-17 13:32:00,7.0,1006.5,78,186,12.6,0.0,1340.1
57458,2019-09-17 13:32:00,27.0,1007.8,45,259,5.4,0.1,1005.3
57461,2019-09-17 13:32:00,8.1,1020.2,67,176,12.6,0.9,1439.0
57476,2019-09-17 13:32:00,31.0,1019.8,20,51,4.5,0.0,1231.6
57482,2019-09-17 13:32:00,33.3,1019.5,54,133,8.7,1.0,1098.9
57483,2019-09-17 13:32:00,9.4,1011.2,12,148,6.7,1.5,1092.7
57493,2019-09-17 13:32:00,23.9,1010.6,60,273,10.3,0.6,1449.0
57494,2019-09-17 13:32:00,19.1,1009.6,73,52,4.6,0.0,1489.5
57545,2019-09-17 13:32:00,34.7,1013.8,63,300,10.0,0.7,1077.8
57573,2019-09-17 13:32:00,26.2,1019.3,97,354,2.2,1.5,1002.2
57581,2019-09-17 13:32:00,11.8,1015.2,34,105,8.9,0.5,1068.9
57583,2019-09-17 13:32:00,29.2,1002.8,41,196,4.6,0.5,1156.8
57595,2019-09-17 13:32:00,0.2,1008.9,4,168,7.9,1.3,1129.0
58402,2019-09-17 13:32:00,29.0,1024.8,15,298,3.3,1.4,1403.6
58407,2019-09-17 13:32:00,31.0,1013.8,67,219,13.2,1.5,1362.5
58500,2019-09-17 13:32:00,16.2,1017.9,37,338,6.7,0.4,1243.9
57554,2019-09-17 13:32:00,16.7,1021.0,15,168,10.4,1.3,1454.2
57562,2019-09-17 13:32:00,12.4,1005.9,5,234,1.9,0.2,1225.5
57574,2019-09-17 13:32:00,3.4,1008.4,57,138,14.9,0.2,1437.8
57584,2019-09-17 13:32:00,20.0,1026.4,27,255,2.0,0.2,1019.7
57642,2019-09-17 13:32:00,0.1,1012.8,20,103,9.0,0.5,1275.6
57649,2019-09-17 13:32:00,16.9,1021.2,12,122,13.8,0.4,1370.3
57655,2019-09-17 13:32:00,18.5,1005.6,34,82,1.7,0.2,1276.7
57662,2019-09-17 13:32:00,27.4,1025.4,31,178,4.0,1.2,1041.8
57669,2019-09-17 13:32:00,19.9,1008.6,79,171,1.6,0.1,1207.1
57671,2019-09-17 13:32:00,14.2,1001.2,71,293,8.6,0.9,1083.1
57673,2019-09-17 13:32:00,33.0,1017.9,38,216,13.6,1.4,1444.2
57679,2019-09-17 13:32:00,25.0,1025.7,72,282,2.7,0.1,1029.3
57682,2019-09-17 13:32:00,8.8,1002.5,78,8,3.3,1.5,1099.2
57687,2019-09-17 13:32:00,26.0,1017.9,87,49,8.8,0.8,1214.1
57745,2019-09-17 13:32:00,10.8,1021.4,4,202,3.9,0.4,1307.7
57749,2019-09-17 13:32:00,2.6,1015.2,39,222,7.5,0.5,1142.5
57752,2019-09-17 13:32:00,22.9,1009.3,77,11,7.5,0.1,1143.4
57758,2019-09-17 13:32:00,15.1,1012.2,84,141,11.6,0.5,1491.6
57761,2019-09-17 13:32:00,1.6,1002.9,38,340,1.9,0.4,1306.9
57766,2019-09-17 13:32:00,12.8,1002.9,75,217,9.9,0.0,1420.1
57774,2019-09-17 13:32:00,24.0,1001.1,77,118,13.4,0.4,1379.6
57776,2019-09-17 13:32:00,16.4,1020.5,54,99,7.2,1.3,1259.3
57779,2019-09-17 13:32:00,13.9,1003.0,56,317,14.2,0.4,1376.9
57780,2019-09-17 13:32:00,4.8,1020.4,14,293,7.5,0.3,1210.6
57841,2019-09-17 13:32:00,9.0,1010.6,82,258,2.2,1.3,1335.9
57845,2019-09-17 13:32:00,6.2,1012.2,31,350,2.4,1.5,1055.3
57853,2019-09-17 13:32:00,27.6,1024.9,75,37,13.7,0.9,1088.4
57857,2019-09-17 13:32:00,33.0,1003.3,18,214,1.9,1.4,1262.8
57860,2019-09-17 13:32:00,34.3,1001.4,30,29,7.0,0.6,1401.1
57866,2019-09-17 13:32:00,3.3,1010.0,49,113,13.4,1.0,1337.8
57872,2019-09-17 13:32:00,8.0,1019.5,19,156,14.2,0.4,1204.9
57874,2019-09-17 13:32:00,24.6,1020.1,34,340,5.4,1.0,1278.6
57889,2019-09-17 13:32:00,11.9,1018.2,74,219,5.3,0.6,1242.4
57965,2019-09-17 13:32:00,17.5,1003.4,61,289,8.4,0.0,1403.1
57972,2019-09-17 13:32:00,22.2,1025.5,52,68,0.7,0.5,1184.0
57974,2019-09-17 13:32:00,10.1,1006.3,36,30,13.9,0.8,1174.2
50936,2019-09-17 13:32:00,9.5,1000.0,49,70,0.4,0.1,1393.0
50945,2019-09-17 13:32:00,13.5,1018.8,83,344,4.0,0.2,1469.5
50948,2019-09-17 13:32:00,16.6,1001.6,81,155,14.8,0.7,1208.7
50949,2019-09-17 13:32:00,28.3,1011.4,65,177,1.8,0.3,1356.3
54041,2019-09-17 13:32:00,6.2,1004.9,83,57,4.1,1.5,1425.3
54049,2019-09-17 13:32:00,13.8,1005.7,74,154,12.8,1.2,1267.0
54063,2019-09-17 13:32:00,3.3,1003.4,45,224,1.1,0.8,1018.2
54064,2019-09-17 13:32:00,6.4,1014.0,20,149,1.4,1.1,1447.7
54142,2019-09-17 13:32:00,26.7,1022.8,20,256,10.4,0.9,1000.2
54157,2019-09-17 13:32:00,2.3,1007.9,85,71,8.9,0.2,1162.1
54161,2019-09-17 13:32:00,10.4,1022.8,85,189,2.2,0.8,1118.4
54165,2019-09-17 13:32:00,34.0,1024.5,26,27,6.5,0.4,1452.1
54171,2019-09-17 13:32:00,8.2,1016.9,48,96,6.4,1.4,1326.8
54181,2019-09-17 13:32:00,7.6,1023.7,18,97,5.6,0.9,1302.1
54186,2019-09-17 13:32:00,16.1,1019.8,7,346,3.1,1.5,1401.5
54195,2019-09-17 13:32:00,20.2,1026.3,42,11,2.8,1.4,1454.2
54260,2019-09-17 13:32:00,23.5,1005.9,60,127,9.3,0.6,1430.0
54263,2019-09-17 13:32:00,27.0,1026.0,56,49,9.7,0.8,1223.5
54266,2019-09-17 13:32:00,3.1,1014.7,7,335,4.1,0.5,1492.3
54273,2019-09-17 13:32:00,26.8,1024.3,30,20,13.3,1.4,1245.0
54276,2019-09-17 13:32:00,12.9,1003.5,63,29,5.6,0.5,1392.7
54284,2019-09-17 13:32:00,31.4,1007.5,80,231,0.7,0.2,1263.6
54285,2019-09-17 13:32:00,11.4,1011.7,91,323,14.0,1.3,1169.0
54286,2019-09-17 13:32:00,11.9,1001.4,93,207,2.4,1.3,1123.4
54292,2019-09-17 13:32:00,25.0,1010.5,65,341,13.5,1.0,1122.6
54363,2019-09-17 13:32:00,26.0,1002.0,20,212,8.2,0.3,1078.6
54374,2019-09-17 13:32:00,24.3,1023.9,97,139,0.2,1.5,1283.8
54377,2019-09-17 13:32:00,25.3,1004.3,34,37,10.2,1.3,1003.5
54386,2019-09-17 13:32:00,19.0,1011.3,77,357,14.3,1.2,1269.1
58026,2019-09-17 13:32:00,5.4,1002.9,43,33,2.1,0.5,1089.1
58027,2019-09-17 13:32:00,0.4,1021.9,74,56,0.4,0.6,1466.5
58038,2019-09-17 13:32:00,33.3,1019.6,10,170,9.9,1.0,1273.0
58040,2019-09-17 13:32:00,34.6,1010.9,16,131,1.9,0.4,1235.2
58047,2019-09-17 13:32:00,0.7,1000.9,80,266,0.3,0.1,1200.4
58130,2019-09-17 13:32:00,8.4,1013.7,90,329,0.1,0.2,1120.5
58135,2019-09-17 13:32:00,32.4,1010.1,25,115,9.7,1.4,1306.0
58138,2019-09-17 13:32:00,28.0,1015.8,45,21,5.0,0.8,1004.7
58141,2019-09-17 13:32:00,23.1,1013.9,6,104,8.8,1.2,1362.0
58143,2019-09-17 13:32:00,22.7,1006.5,55,138,14.9,0.7,1146.2
58150,2019-09-17 13:32:00,27.1,1014.7,78,290,9.4,0.2,1100.5
58158,2019-09-17 13:32:00,5.1,1017.3,44,350,11.6,0.7,1472.8
58238,2019-09-17 13:32:00,27.4,1004.9,29,18,10.3,0.5,1188.1
58241,2019-09-17 13:32:00,1.3,1011.7,57,148,2.9,1.0,1040.0
58251,2019-09-17 13:32:00,21.1,1009.8,59,321,6.3,0.8,1413.4
58252,2019-09-17 13:32:00,22.1,1012.8,21,92,12.6,1.1,1092.9
58255,2019-09-17 13:32:00,6.3,1011.3,39,3,0.2,0.2,1350.7
58259,2019-09-17 13:32:00,17.6,1018.9,28,342,11.8,0.3,1167.2
58265,2019-09-17 13:32:00,34.6,1024.4,49,348,4.9,0.3,1048.4
58343,2019-09-17 13:32:00,20.0,1014.3,5,223,8.3,0.9,1172.9
58345,2019-09-17 13:32:00,2.1,1012.0,71,345,9.3,0.4,1305.8
58354,2019-09-17 13:32:00,4.3,1003.9,74,336,12.5,0.8,1448.9
58356,2019-09-17 13:32:00,14.5,1025.9,1,174,8.0,0.0,1279.9
58358,2019-09-17 13:32:00,15.7,1024.2,85,196,5.2,0.0,1367.1
57598,2019-09-17 13:32:00,4.3,1026.2,48,298,5.8,1.4,1168.9
57696,2019-09-17 13:32:00,28.9,1015.8,77,231,10.5,0.2,1280.8
57789,2019-09-17 13:32:00,17.7,1007.5,18,196,3.6,0.5,1000.7
57793,2019-09-17 13:32:00,23.9,1005.5,94,298,7.9,0.5,1005.1
57799,2019-09-17 13:32:00,26.2,1024.9,18,251,8.7,0.9,1107.2
57894,2019-09-17 13:32:00,5.5,1020.0,79,18,1.5,0.2,1336.7
57896,2019-09-17 13:32:00,5.2,1024.1,10,185,5.9,1.5,1375.6
57993,2019-09-17 13:32:00,16.5,1019.3,5,286,12.0,0.5,1396.6
58506,2019-09-17 13:32:00,31.7,1007.8,63,84,4.7,0.7,1317.7
58507,2019-09-17 13:32:00,23.7,1000.1,78,83,13.1,0.7,1489.3
58519,2019-09-17 13:32:00,15.9,1013.9,85,11,7.2,0.9,1454.3
58527,2019-09-17 13:32:00,12.9,1003.7,59,331,2.3,0.2,1273.2
58600,2019-09-17 13:32:00,27.5,1005.3,66,275,4.1,0.7,1092.0
58606,2019-09-17 13:32:00,13.3,1006.3,88,207,0.5,0.4,1441.8
58608,2019-09-17 13:32:00,20.5,1021.9,45,335,14.0,0.8,1320.3
58622,2019-09-17 13:32:00,26.9,1003.9,36,66,4.8,0.9,1027.1
58626,2019-09-17 13:32:00,32.6,1002.9,27,215,2.2,0.7,1367.1
58634,2019-09-17 13:32:00,12.9,1007.0,43,324,7.8,0.1,1187.5
58637,2019-09-17 13:32:00,28.8,1026.4,94,114,12.5,0.6,1275.3
58705,2019-09-17 13:32:00,32.8,1023.8,69,148,4.2,1.2,1214.3
58715,2019-09-17 13:32:00,8.3,1020.9,4,274,10.9,0.1,1367.0
58718,2019-09-17 13:32:00,4.7,1012.7,45,247,9.2,1.4,1435.1
58806,2019-09-17 13:32:00,30.3,1009.1,35,358,2.0,1.1,1090.5
58813,2019-09-17 13:32:00,26.6,1001.5,94,261,13.4,1.4,1353.9
59092,2019-09-17 13:32:00,33.3,1021.5,16,11,6.9,1.0,1236.8
59102,2019-09-17 13:32:00,20.6,1021.9,20,324,12.3,1.1,1421.3
54236,2019-09-17 13:32:00,20.1,1014.8,15,100,7.4,0.4,1050.4
54237,2019-09-17 13:32:00,6.8,1007.5,35,323,9.3,0.3,1212.3
54243,2019-09-17 13:32:00,30.3,1021.5,47,177,6.5,0.1,1149.5
54254,2019-09-17 13:32:00,0.3,1020.4,68,27,3.5,1.0,1237.0
54259,2019-09-17 13:32:00,3.3,1019.4,95,36,5.7,0.0,1224.6
54324,2019-09-17 13:32:00,7.9,1000.3,71,181,8.6,0.4,1215.7
54326,2019-09-17 13:32:00,24.3,1001.6,29,150,8.1,0.2,1280.6
54333,2019-09-17 13:32:00,9.7,1001.2,1,64,12.6,1.5,1059.0
54334,2019-09-17 13:32:00,29.9,1020.8,88,170,6.4,0.5,1013.6
54335,2019-09-17 13:32:00,26.5,1011.2,20,207,0.0,0.2,1102.4
54337,2019-09-17 13:32:00,19.5,1021.1,13,339,13.4,1.3,1491.1
54339,2019-09-17 13:32:00,7.3,1016.9,50,197,6.3,0.5,1490.3
54342,2019-09-17 13:32:00,16.8,1021.9,57,171,2.9,0.3,1333.6
54346,2019-09-17 13:32:00,31.5,1019.7,25,326,1.9,1.2,1396.0
54349,2019-09-17 13:32:00,4.7,1025.6,63,232,13.2,0.7,1198.4
54351,2019-09-17 13:32:00,29.5,1014.5,14,107,4.1,0.6,1164.2
54353,2019-09-17 13:32:00,28.2,1003.3,58,106,8.4,1.3,1234.7
54365,2019-09-17 13:32:00,10.5,1002.4,24,78,13.8,0.7,1457.3
54452,2019-09-17 13:32:00,17.8,1011.3,52,250,8.1,0.5,1288.8
54454,2019-09-17 13:32:00,10.6,1001.4,27,113,1.4,1.1,1196.4
54455,2019-09-17 13:32:00,6.9,1015.3,77,243,11.8,0.1,1325.9
54470,2019-09-17 13:32:00,2.4,1006.5,60,300,11.1,1.4,1458.9
54471,2019-09-17 13:32:00,16.5,1022.8,61,98,2.9,1.1,1114.1
54472,2019-09-17 13:32:00,9.2,1017.3,84,16,12.3,0.5,1109.6
54476,2019-09-17 13:32:00,12.6,1013.0,34,177,5.3,0.9,1265.6
54486,2019-09-17 13:32:00,6.8,1022.9,75,171,4.7,1.3,1016.0
54493,2019-09-17 13:32:00,7.7,1011.4,35,18,10.4,1.0,1329.9
54497,2019-09-17 13:32:00,11.0,1002.4,58,228,13.8,0.9,1033.8
54563,2019-09-17 13:32:00,14.8,1009.7,39,344,5.3,1.1,1454.5
54579,2019-09-17 13:32:00,34.7,1005.0,67,134,13.1,0.0,1187.1
54584,2019-09-17 13:32:00,16.0,1013.2,70,337,9.6,0.3,1122.9
54660,2019-09-17 13:32:00,11.5,1007.7,64,250,6.1,0.1,1389.0
54662,2019-09-17 13:32:00,7.1,1019.4,68,84,11.6,0.9,1438.9
50425,2019-09-17 13:32:00,20.0,1002.0,24,80,11.5,1.3,1255.7
50434,2019-09-17 13:32:00,20.2,1013.7,33,65,0.9,0.1,1084.7
50514,2019-09-17 13:32:00,4.1,1019.3,62,253,11.0,1.3,1152.7
50527,2019-09-17 13:32:00,27.4,1008.5,47,183,1.4,0.1,1134.6
50548,2019-09-17 13:32:00,3.2,1010.2,62,224,5.2,0.8,1307.7
50603,2019-09-17 13:32:00,22.0,1018.7,3,17,11.1,0.6,1327.5
50618,2019-09-17 13:32:00,32.2,1007.7,62,91,14.6,1.0,1356.7
50632,2019-09-17 13:32:00,10.7,1015.6,52,172,0.1,0.5,1470.4
50639,2019-09-17 13:32:00,0.4,1019.2,49,190,3.4,0.9,1247.9
50727,2019-09-17 13:32:00,9.9,1009.2,95,119,12.6,1.2,1472.3
50834,2019-09-17 13:32:00,30.4,1018.0,23,201,12.4,1.5,1047.3
50838,2019-09-17 13:32:00,16.0,1020.5,41,61,1.1,1.1,1266.3
50915,2019-09-17 13:32:00,20.0,1008.6,22,132,10.3,1.3,1083.2
50924,2019-09-17 13:32:00,20.4,1016.2,41,247,13.1,1.4,1178.8
52267,2019-09-17 13:32:00,28.5,1005.5,15,128,7.2,0.0,1411.5
52495,2019-09-17 13:32:00,6.4,1012.9,54,279,13.4,0.9,1156.8
52576,2019-09-17 13:32:00,22.7,1008.6,66,202,12.7,1.1,1024.8
53068,2019-09-17 13:32:00,11.2,1009.5,30,181,9.5,0.2,1196.2
53083,2019-09-17 13:32:00,1.9,1025.8,87,356,4.5,0.0,1101.3
53149,2019-09-17 13:32:00,24.3,1014.0,46,74,11.6,1.0,1200.4
53192,2019-09-17 13:32:00,2.3,1026.2,38,350,8.4,0.2,1397.9
53195,2019-09-17 13:32:00,14.0,1010.8,60,178,0.6,0.9,1071.0
53276,2019-09-17 13:32:00,19.4,1009.3,72,139,12.3,0.5,1104.5
53336,2019-09-17 13:32:00,2.2,1011.1,53,256,0.4,1.0,1238.0
53352,2019-09-17 13:32:00,34.8,1007.7,40,273,10.0,0.8,1022.4
53362,2019-09-17 13:32:00,16.4,1005.8,40,221,12.8,1.5,1495.7
53367,2019-09-17 13:32:00,8.3,1020.2,72,115,0.7,0.3,1380.2
53391,2019-09-17 13:32:00,12.7,1020.7,84,149,6.6,1.1,1329.5
53446,2019-09-17 13:32:00,20.2,1013.4,41,10,4.2,1.2,1202.4
53463,2019-09-17 13:32:00,18.7,1005.8,91,250,14.1,0.2,1021.6
53480,2019-09-17 13:32:00,16.3,1003.1,32,118,7.3,1.5,1429.3
53502,2019-09-17 13:32:00,3.8,1009.5,62,82,10.4,0.8,1322.6
53513,2019-09-17 13:32:00,12.2,1005.5,51,52,2.5,1.4,1077.5
53529,2019-09-17 13:32:00,4.6,1025.5,51,141,3.1,0.5,1110.5
53543,2019-09-17 13:32:00,29.0,1004.8,23,246,5.4,1.4,1493.4
53547,2019-09-17 13:32:00,11.9,1012.6,52,101,11.1,0.0,1422.4
53602,2019-09-17 13:32:00,14.0,1019.2,88,18,14.7,1.3,1282.4
54012,2019-09-17 13:32:00,0.4,1004.5,66,239,0.2,0.8,1401.7
54026,2019-09-17 13:32:00,8.7,1003.1,44,108,3.4,1.0,1254.8
54027,2019-09-17 13:32:00,10.1,1018.9,12,229,8.5,1.4,1399.6
54102,2019-09-17 13:32:00,8.6,1001.3,6,125,4.0,0.9,1221.0
54115,2019-09-17 13:32:00,5.1,1000.7,87,262,11.4,0.3,1433.4
54134,2019-09-17 13:32:00,22.8,1005.1,7,142,3.2,1.4,1011.0
54135,2019-09-17 13:32:00,0.9,1018.8,70,56,14.2,0.4,1111.1
54208,2019-09-17 13:32:00,34.5,1020.2,60,249,7.7,0.1,1060.5
54213,2019-09-17 13:32:00,14.3,1010.5,51,50,4.4,0.4,1025.2
54218,2019-09-17 13:32:00,6.0,1023.4,79,268,6.3,0.9,1137.9
54226,2019-09-17 13:32:00,7.1,1009.7,46,304,10.7,1.0,1038.8
53519,2019-09-17 13:32:00,28.9,1026.3,51,220,14.7,0.5,1346.6
53612,2019-09-17 13:32:00,14.1,1020.3,56,147,9.0,0.9,1204.2
53614,2019-09-17 13:32:00,28.6,1014.3,82,308,8.5,0.4,1428.4
53615,2019-09-17 13:32:00,23.5,1020.4,59,115,13.8,0.7,1465.8
53704,2019-09-17 13:32:00,16.7,1014.4,33,186,2.0,0.2,1299.3
53705,2019-09-17 13:32:00,11.9,1002.7,88,204,2.8,0.6,1470.4
53723,2019-09-17 13:32:00,16.6,1024.0,1,335,14.3,1.0,1020.2
53806,2019-09-17 13:32:00,13.0,1007.9,32,210,14.5,1.4,1174.2
53810,2019-09-17 13:32:00,24.1,1013.0,86,138,1.7,0.5,1088.0
53817,2019-09-17 13:32:00,25.1,1003.0,55,136,0.5,1.3,1498.3
53903,2019-09-17 13:32:00,17.4,1015.0,45,331,3.7,0.1,1487.7
53910,2019-09-17 13:32:00,23.6,1020.6,15,123,7.7,0.2,1286.6
51886,2019-09-17 13:32:00,0.0,1012.5,73,115,13.7,0.5,1426.5
52602,2019-09-17 13:32:00,23.2,1006.9,62,355,8.6,0.3,1368.7
52633,2019-09-17 13:32:00,23.8,1014.5,58,214,4.7,0.5,1273.4
52645,2019-09-17 13:32:00,26.2,1015.5,38,48,13.1,0.3,1380.2
52657,2019-09-17 13:32:00,16.3,1009.6,30,190,14.3,0.5,1192.3
52707,2019-09-17 13:32:00,20.0,1009.6,23,7,14.2,1.5,1228.3
52713,2019-09-17 13:32:00,17.1,1002.7,36,50,1.2,0.0,1139.3
52737,2019-09-17 13:32:00,27.9,1025.7,75,197,4.8,0.7,1194.4
52754,2019-09-17 13:32:00,20.7,1015.4,1,200,2.0,1.0,1022.9
52765,2019-09-17 13:32:00,11.0,1019.8,13,137,14.4,1.4,1315.0
52818,2019-09-17 13:32:00,9.5,1012.7,68,177,7.4,1.0,1069.3
52825,2019-09-17 13:32:00,22.3,1009.8,36,41,14.6,1.4,1078.8
52833,2019-09-17 13:32:00,15.0,1013.7,68,177,4.6,1.1,1019.5
52836,2019-09-17 13:32:00,11.8,1025.6,93,343,3.7,0.0,1438.6
52842,2019-09-17 13:32:00,34.7,1018.5,17,272,6.4,0.4,1246.5
52856,2019-09-17 13:32:00,24.8,1018.3,81,120,8.9,0.7,1349.5
52866,2019-09-17 13:32:00,34.3,1022.4,84,293,10.7,1.0,1489.8
52868,2019-09-17 13:32:00,26.1,1007.6,81,332,7.5,0.8,1115.3
52876,2019-09-17 13:32:00,1.4,1010.0,40,127,7.2,1.2,1309.0
52908,2019-09-17 13:32:00,28.7,1021.7,61,328,3.2,0.4,1443.3
52943,2019-09-17 13:32:00,11.2,1011.5,94,48,14.1,0.8,1497.6
52955,2019-09-17 13:32:00,29.0,1017.5,5,64,5.3,0.4,1319.3
52974,2019-09-17 13:32:00,33.9,1020.0,89,74,4.0,0.3,1355.6
56004,2019-09-17 13:32:00,34.0,1004.2,14,69,7.9,1.0,1435.8
56018,2019-09-17 13:32:00,20.2,1015.3,90,285,7.8,0.6,1472.3
56021,2019-09-17 13:32:00,26.2,1012.7,88,280,4.4,1.5,1203.7
56029,2019-09-17 13:32:00,32.6,1024.2,58,98,8.7,1.3,1338.0
56033,2019-09-17 13:32:00,30.1,1014.3,68,262,11.6,0.0,1457.9
56034,2019-09-17 13:32:00,34.3,1001.8,74,21,7.7,0.6,1173.8
56043,2019-09-17 13:32:00,9.9,1015.4,94,359,1.3,0.4,1448.4
56046,2019-09-17 13:32:00,11.9,1023.4,81,148,10.3,1.3,1265.3
56065,2019-09-17 13:32:00,18.8,1001.8,64,10,11.7,1.0,1432.2
56067,2019-09-17 13:32:00,9.3,1008.3,57,202,7.3,1.3,1215.6
56125,2019-09-17 13:32:00,5.8,1025.0,44,50,4.6,0.4,1488.0
56151,2019-09-17 13:32:00,6.9,1021.3,46,80,4.4,0.2,1240.1
54715,2019-09-17 13:32:00,26.5,1023.7,71,91,10.6,0.6,1083.4
54725,2019-09-17 13:32:00,31.6,1013.1,27,328,3.1,0.2,1419.9
54727,2019-09-17 13:32:00,21.0,1017.5,87,7,1.2,1.3,1227.5
54744,2019-09-17 13:32:00,11.0,1011.2,64,359,3.6,1.2,1377.6
54751,2019-09-17 13:32:00,12.5,1022.9,24,10,5.2,1.3,1295.5
54753,2019-09-17 13:32:00,20.4,1000.2,88,133,14.4,0.9,1331.5
54764,2019-09-17 13:32:00,1.7,1013.6,36,272,11.6,1.0,1278.0
54774,2019-09-17 13:32:00,10.8,1007.8,14,119,12.1,0.4,1437.9
54776,2019-09-17 13:32:00,29.3,1005.0,2,281,12.1,0.8,1363.1
54808,2019-09-17 13:32:00,27.0,1014.0,98,285,9.9,0.4,1212.3
54823,2019-09-17 13:32:00,6.1,1017.9,64,133,10.2,0.7,1094.3
54826,2019-09-17 13:32:00,34.5,1006.5,50,31,7.8,1.5,1463.8
54836,2019-09-17 13:32:00,1.4,1001.1,2,100,7.8,0.2,1349.0
54842,2019-09-17 13:32:00,28.1,1003.1,27,297,0.3,1.1,1046.6
54843,2019-09-17 13:32:00,11.1,1025.0,34,128,6.1,0.9,1336.0
54857,2019-09-17 13:32:00,7.1,1007.0,79,344,7.7,0.0,1013.5
54863,2019-09-17 13:32:00,26.9,1006.2,27,219,14.0,0.3,1092.6
54909,2019-09-17 13:32:00,21.6,1015.5,26,171,11.6,1.5,1331.5
54916,2019-09-17 13:32:00,25.8,1019.2,64,244,8.7,1.3,1049.8
54929,2019-09-17 13:32:00,31.7,1006.3,46,334,5.0,1.1,1367.0
54936,2019-09-17 13:32:00,30.4,1014.2,87,184,10.4,0.4,1000.7
54945,2019-09-17 13:32:00,6.2,1009.5,68,276,3.1,0.8,1307.0
58034,2019-09-17 13:32:00,9.4,1016.9,88,191,2.3,1.5,1128.7
53478,2019-09-17 13:32:00,27.9,1014.5,20,182,5.0,0.8,1023.6
53487,2019-09-17 13:32:00,25.3,1020.1,81,159,5.1,1.0,1247.6
53490,2019-09-17 13:32:00,32.3,1018.8,60,302,2.8,0.6,1271.8
53564,2019-09-17 13:32:00,7.7,1000.8,10,161,11.4,0.5,1384.1
53578,2019-09-17 13:32:00,19.2,1016.7,80,111,0.2,1.0,1288.4
53579,2019-09-17 13:32:00,25.1,1022.6,96,234,5.9,1.5,1134.8
53588,2019-09-17 13:32:00,11.0,1015.8,49,198,7.8,0.3,1257.1
53594,2019-09-17 13:32:00,24.8,1016.2,44,98,0.6,0.8,1053.5
53663,2019-09-17 13:32:00,21.4,1000.8,64,272,5.5,1.4,1140.3
53664,2019-09-17 13:32:00,17.2,1021.7,82,243,11.0,0.0,1232.0
53673,2019-09-17 13:32:00,14.9,1013.3,55,340,4.9,1.5,1235.0
53687,2019-09-17 13:32:00,34.9,1008.6,72,136,10.4,0.6,1373.7
53764,2019-09-17 13:32:00,12.3,1002.0,87,274,2.4,1.0,1257.8
53772,2019-09-17 13:32:00,15.8,1008.9,63,151,3.9,0.7,1121.1
53775,2019-09-17 13:32:00,9.9,1021.7,77,131,2.7,0.6,1222.8
53787,2019-09-17 13:32:00,32.0,1006.9,55,218,5.6,0.9,1000.9
53853,2019-09-17 13:32:00,12.2,1004.3,54,344,6.4,1.2,1239.8
53859,2019-09-17 13:32:00,24.2,1007.9,10,31,3.8,1.5,1302.4
53863,2019-09-17 13:32:00,23.4,1014.3,22,323,4.0,0.9,1042.1
53868,2019-09-17 13:32:00,33.3,1021.1,11,158,7.3,0.9,1131.5
53877,2019-09-17 13:32:00,4.2,1016.7,4,153,13.6,0.0,1029.6
53882,2019-09-17 13:32:00,8.7,1022.8,80,122,4.2,0.8,1217.0
53884,2019-09-17 13:32:00,8.2,1025.6,81,224,3.0,0.1,1288.4
53959,2019-09-17 13:32:00,23.0,1021.2,55,122,13.5,0.8,1051.0
53963,2019-09-17 13:32:00,7.6,1025.6,2,179,12.6,1.2,1284.0
53968,2019-09-17 13:32:00,0.1,1021.0,50,214,1.3,0.9,1292.0
53975,2019-09-17 13:32:00,21.6,1024.4,26,53,8.1,0.9,1178.7
57052,2019-09-17 13:32:00,27.1,1007.5,10,195,6.2,1.1,1362.8
53646,2019-09-17 13:32:00,28.2,1024.1,76,68,11.3,0.0,1170.3
53651,2019-09-17 13:32:00,12.5,1004.0,81,223,5.0,1.0,1052.5
53725,2019-09-17 13:32:00,13.0,1007.1,30,335,8.2,0.6,1212.0
53735,2019-09-17 13:32:00,8.2,1012.7,31,108,7.2,0.3,1193.6
53738,2019-09-17 13:32:00,4.3,1005.4,47,197,13.5,1.3,1048.4
53740,2019-09-17 13:32:00,19.2,1006.1,94,351,8.6,0.6,1128.8
53754,2019-09-17 13:32:00,23.3,1015.1,16,56,11.9,0.8,1063.1
53845,2019-09-17 13:32:00,1.5,1001.4,5,357,6.1,1.4,1250.2
53854,2019-09-17 13:32:00,29.9,1022.3,10,72,12.7,1.5,1151.4
53929,2019-09-17 13:32:00,5.9,1013.0,8,135,3.2,0.0,1280.5
53942,2019-09-17 13:32:00,4.4,1019.4,54,321,3.2,0.8,1351.5
53948,2019-09-17 13:32:00,26.5,1012.3,1,225,11.4,1.2,1073.8
53955,2019-09-17 13:32:00,12.5,1010.8,68,352,1.3,0.1,1410.1
57003,2019-09-17 13:32:00,25.8,1017.1,99,19,6.9,0.5,1113.5
57025,2019-09-17 13:32:00,16.5,1005.1,33,83,8.2,1.3,1259.4
57028,2019-09-17 13:32:00,30.8,1023.6,54,348,7.1,1.4,1114.1
57030,2019-09-17 13:32:00,9.2,1001.0,48,262,10.1,0.3,1124.8
57034,2019-09-17 13:32:00,28.0,1019.9,64,179,3.2,0.6,1371.7
57037,2019-09-17 13:32:00,25.2,1024.4,45,336,12.7,0.0,1026.4
57046,2019-09-17 13:32:00,31.6,1001.1,17,129,12.4,1.4,1291.7
57048,2019-09-17 13:32:00,17.4,1020.3,76,282,3.8,1.4,1381.1
57049,2019-09-17 13:32:00,19.7,1009.4,23,28,8.5,0.6,1277.3
57106,2019-09-17 13:32:00,14.8,1004.0,90,211,12.1,0.5,1354.6
57124,2019-09-17 13:32:00,27.6,1019.6,13,151,7.9,0.0,1072.8
57127,2019-09-17 13:32:00,19.4,1026.2,42,330,3.0,0.0,1240.0
57131,2019-09-17 13:32:00,9.4,1008.6,29,244,3.2,0.3,1319.7
57134,2019-09-17 13:32:00,19.6,1003.7,44,288,8.9,1.2,1480.8
57140,2019-09-17 13:32:00,25.8,1006.7,92,181,3.1,0.7,1401.6
57143,2019-09-17 13:32:00,33.5,1016.4,65,186,3.6,1.0,1465.3
57144,2019-09-17 13:32:00,2.3,1006.1,50,322,11.9,0.5,1055.1
57154,2019-09-17 13:32:00,33.5,1000.5,32,0,6.9,0.6,1297.7
57211,2019-09-17 13:32:00,28.1,1003.9,72,331,7.8,1.1,1361.4
57232,2019-09-17 13:32:00,18.7,1011.3,58,62,10.4,0.9,1109.1
57238,2019-09-17 13:32:00,21.0,1022.6,57,42,5.8,0.5,1434.2
57245,2019-09-17 13:32:00,21.6,1019.7,63,209,6.7,0.9,1187.5
57343,2019-09-17 13:32:00,33.5,1024.0,14,227,13.1,1.3,1135.3
58362,2019-09-17 13:32:00,23.3,1012.5,52,131,12.0,1.2,1161.2
56038,2019-09-17 13:32:00,24.3,1007.6,34,118,11.3,1.3,1085.9
56079,2019-09-17 13:32:00,8.2,1022.2,37,190,3.6,1.4,1416.9
56144,2019-09-17 13:32:00,25.3,1019.4,86,30,6.6,0.3,1032.4
56146,2019-09-17 13:32:00,7.2,1022.1,9,98,8.6,0.7,1496.1
56152,2019-09-17 13:32:00,15.6,1007.4,75,183,0.3,1.5,1055.6
56167,2019-09-17 13:32:00,16.4,1026.1,34,129,10.0,0.1,1254.6
56172,2019-09-17 13:32:00,33.7,1009.5,24,239,6.4,0.9,1224.2
56173,2019-09-17 13:32:00,6.8,1013.0,73,131,4.6,0.8,1371.0
56178,2019-09-17 13:32:00,14.8,1016.5,24,142,1.1,0.1,1133.7
56182,2019-09-17 13:32:00,18.5,1025.1,80,302,1.2,0.1,1223.4
56187,2019-09-17 13:32:00,19.3,1015.2,16,188,0.2,0.6,1383.0
56188,2019-09-17 13:32:00,10.3,1024.1,74,322,1.1,0.9,1189.3
56196,2019-09-17 13:32:00,13.0,1022.6,28,195,11.8,0.6,1420.2
56247,2019-09-17 13:32:00,29.4,1013.6,17,226,6.2,1.1,1175.5
56251,2019-09-17 13:32:00,2.3,1017.5,53,268,9.3,0.7,1214.6
56257,2019-09-17 13:32:00,25.5,1024.2,81,348,0.9,1.3,1228.7
56287,2019-09-17 13:32:00,31.2,1009.9,57,144,12.5,1.5,1395.1
56357,2019-09-17 13:32:00,28.8,1001.5,70,184,8.8,1.3,1175.1
56374,2019-09-17 13:32:00,27.4,1019.5,100,187,9.5,1.1,1398.2
56385,2019-09-17 13:32:00,31.8,1023.0,57,230,7.9,1.2,1097.4
56386,2019-09-17 13:32:00,26.6,1020.2,81,325,9.1,0.4,1013.0
56459,2019-09-17 13:32:00,10.0,1010.1,81,53,10.8,1.4,1229.8
56462,2019-09-17 13:32:00,29.7,1001.4,9,130,2.4,1.1,1244.2
56475,2019-09-17 13:32:00,10.3,1017.2,50,142,3.4,0.6,1184.8
56479,2019-09-17 13:32:00,22.4,1001.9,63,156,3.8,1.5,1227.5
56485,2019-09-17 13:32:00,1.8,1017.6,23,127,10.5,1.4,1387.3
56492,2019-09-17 13:32:00,11.8,1013.1,51,244,9.6,1.0,1231.3
56565,2019-09-17 13:32:00,3.4,1017.1,49,254,8.3,0.9,1448.4
56571,2019-09-17 13:32:00,32.2,1020.3,14,274,0.0,0.0,1427.3
56666,2019-09-17 13:32:00,29.6,1006.6,64,340,0.2,0.5,1320.7
56671,2019-09-17 13:32:00,30.0,1007.5,33,185,14.6,0.2,1402.1
57206,2019-09-17 13:32:00,22.5,1011.4,9,197,11.5,0.0,1158.6
57237,2019-09-17 13:32:00,18.7,1013.8,73,239,10.9,1.0,1131.1
57306,2019-09-17 13:32:00,2.6,1015.9,97,41,3.5,1.5,1044.7
57313,2019-09-17 13:32:00,13.4,1018.2,94,181,8.7,0.9,1372.4
57314,2019-09-17 13:32:00,25.4,1019.9,20,10,5.3,0.7,1241.8
57328,2019-09-17 13:32:00,8.8,1020.5,63,140,3.9,0.3,1014.9
57405,2019-09-17 13:32:00,18.2,1003.3,97,181,13.9,0.4,1014.2
57411,2019-09-17 13:32:00,4.8,1011.4,37,315,0.1,1.3,1321.4
57503,2019-09-17 13:32:00,16.9,1025.1,95,43,6.7,1.0,1405.2
57604,2019-09-17 13:32:00,30.7,1007.3,53,24,2.9,0.7,1315.5
57608,2019-09-17 13:32:00,33.3,1022.2,56,252,12.7,0.3,1150.1
54525,2019-09-17 13:32:00,22.4,1015.1,100,110,5.0,1.1,1415.5
54527,2019-09-17 13:32:00,26.7,1026.3,75,191,12.6,0.8,1302.4
54623,2019-09-17 13:32:00,24.4,1022.9,21,207,13.0,0.4,1026.7
55228,2019-09-17 13:32:00,0.0,1005.9,76,151,9.1,0.2,1256.9
55248,2019-09-17 13:32:00,28.1,1011.1,89,154,8.2,1.1,1360.4
55279,2019-09-17 13:32:00,26.4,1017.5,87,295,9.3,1.2,1151.5
55294,2019-09-17 13:32:00,9.1,1013.5,93,173,6.7,0.8,1263.2
55299,2019-09-17 13:32:00,10.7,1004.9,45,168,7.8,0.8,1375.1
55437,2019-09-17 13:32:00,32.1,1011.1,43,170,9.2,1.4,1087.8
55472,2019-09-17 13:32:00,26.8,1021.4,6,208,9.4,1.5,1374.1
55493,2019-09-17 13:32:00,4.8,1026.1,74,310,8.4,0.6,1480.4
55569,2019-09-17 13:32:00,7.6,1020.7,9,10,2.3,1.3,1363.1
55578,2019-09-17 13:32:00,4.8,1007.4,50,234,13.5,0.3,1488.7
55585,2019-09-17 13:32:00,11.8,1020.0,94,206,4.6,1.5,1342.2
55591,2019-09-17 13:32:00,0.0,1003.2,63,163,9.4,1.2,1468.5
55598,2019-09-17 13:32:00,32.9,1001.6,69,313,14.0,0.5,1105.8
55655,2019-09-17 13:32:00,2.0,1004.1,94,48,1.5,0.6,1364.9
55664,2019-09-17 13:32:00,9.4,1025.2,63,302,6.2,0.0,1110.7
55680,2019-09-17 13:32:00,31.5,1021.9,9,151,10.1,1.0,1113.9
55681,2019-09-17 13:32:00,10.9,1011.0,28,177,6.8,0.8,1236.5
55690,2019-09-17 13:32:00,33.6,1023.4,46,237,1.5,0.2,1157.9
55696,2019-09-17 13:32:00,34.0,1021.4,44,164,12.1,0.5,1029.1
55773,2019-09-17 13:32:00,5.1,1014.8,61,104,2.2,0.4,1233.4
56106,2019-09-17 13:32:00,9.2,1012.4,31,273,5.7,1.3,1311.8
56116,2019-09-17 13:32:00,2.6,1018.4,14,198,3.8,0.3,1447.6
56137,2019-09-17 13:32:00,18.0,1005.1,13,7,3.6,0.7,1217.7
56202,2019-09-17 13:32:00,1.0,1007.8,44,123,7.6,1.5,1310.7
56223,2019-09-17 13:32:00,0.7,1024.2,83,297,12.1,0.4,1297.9
56227,2019-09-17 13:32:00,17.2,1017.6,54,116,13.7,1.1,1279.2
56312,2019-09-17 13:32:00,34.1,1012.8,11,123,3.1,0.6,1115.4
56331,2019-09-17 13:32:00,2.5,1010.5,48,97,9.3,1.4,1196.6
56434,2019-09-17 13:32:00,26.6,1021.2,8,244,2.4,0.1,1491.8
51053,2019-09-17 13:32:00,26.3,1013.3,5,256,8.4,1.3,1088.5
51059,2019-09-17 13:32:00,34.4,1004.3,27,89,0.8,1.2,1229.8
51060,2019-09-17 13:32:00,11.8,1026.3,57,339,4.3,1.5,1008.5
51068,2019-09-17 13:32:00,26.3,1020.0,9,41,9.4,1.5,1049.6
51076,2019-09-17 13:32:00,20.0,1007.4,40,67,11.9,1.1,1150.6
51087,2019-09-17 13:32:00,31.7,1021.0,28,326,3.3,0.6,1222.3
51133,2019-09-17 13:32:00,31.2,1018.9,14,322,5.9,0.5,1473.2
51156,2019-09-17 13:32:00,2.5,1021.1,31,34,2.1,0.2,1230.8
51186,2019-09-17 13:32:00,1.1,1009.3,43,157,1.9,0.5,1212.6
51232,2019-09-17 13:32:00,17.1,1000.4,53,153,3.4,0.3,1278.4
51238,2019-09-17 13:32:00,0.7,1000.2,100,11,8.4,1.2,1211.3
51241,2019-09-17 13:32:00,14.6,1006.5,40,208,11.1,1.3,1199.4
51243,2019-09-17 13:32:00,21.1,1013.9,51,321,6.9,0.0,1340.7
51288,2019-09-17 13:32:00,27.7,1012.3,48,286,0.7,1.1,1233.3
51330,2019-09-17 13:32:00,21.6,1009.5,44,212,11.8,1.4,1395.9
51334,2019-09-17 13:32:00,5.8,1005.9,70,157,4.4,0.8,1314.7
51346,2019-09-17 13:32:00,16.0,1025.4,93,144,9.1,1.4,1298.4
51358,2019-09-17 13:32:00,33.1,1018.7,89,339,1.5,0.7,1211.4
51365,2019-09-17 13:32:00,28.6,1012.1,50,205,11.9,0.0,1009.3
51367,2019-09-17 13:32:00,3.6,1007.1,54,101,4.7,1.5,1442.3
51379,2019-09-17 13:32:00,22.2,1006.8,89,112,11.3,0.8,1437.0
51431,2019-09-17 13:32:00,4.8,1005.7,47,296,0.9,1.1,1291.9
51433,2019-09-17 13:32:00,34.2,1011.9,46,158,11.3,1.4,1361.0
51437,2019-09-17 13:32:00,13.6,1021.0,46,71,2.8,0.6,1034.9
51463,2019-09-17 13:32:00,11.8,1004.6,3,340,5.7,1.4,1468.6
51467,2019-09-17 13:32:00,32.6,1018.7,73,156,14.7,1.5,1477.2
51469,2019-09-17 13:32:00,18.9,1012.8,13,53,13.2,0.5,1382.4
51470,2019-09-17 13:32:00,16.8,1019.0,100,79,9.5,0.4,1177.6
51477,2019-09-17 13:32:00,3.0,1015.7,15,11,1.6,0.1,1464.4
51495,2019-09-17 13:32:00,25.6,1011.1,48,175,3.6,0.8,1277.4
51526,2019-09-17 13:32:00,26.7,1020.8,68,301,5.3,1.5,1159.4
51542,2019-09-17 13:32:00,6.6,1011.8,63,55,4.3,1.3,1318.0
51567,2019-09-17 13:32:00,8.1,1000.2,70,254,9.9,1.5,1071.5
51573,2019-09-17 13:32:00,27.2,1015.4,90,112,1.8,1.2,1356.4
51581,2019-09-17 13:32:00,16.9,1022.0,63,281,10.5,1.0,1411.7
51628,2019-09-17 13:32:00,16.1,1013.6,62,66,0.0,0.7,1308.9
51633,2019-09-17 13:32:00,22.3,1009.6,100,294,14.3,1.2,1318.2
51639,2019-09-17 13:32:00,0.6,1005.9,14,124,1.0,0.6,1131.6
51642,2019-09-17 13:32:00,7.9,1022.4,97,194,0.1,0.6,1082.3
51644,2019-09-17 13:32:00,30.5,1002.7,11,167,0.4,1.1,1354.0
51655,2019-09-17 13:32:00,0.1,1007.3,99,69,8.6,0.2,1219.0
51656,2019-09-17 13:32:00,32.5,1001.5,32,275,7.6,1.3,1203.1
51701,2019-09-17 13:32:00,12.0,1002.9,97,235,4.0,0.0,1389.9
51704,2019-09-17 13:32:00,7.5,1017.1,30,209,9.9,1.1,1391.1
51705,2019-09-17 13:32:00,20.9,1021.6,35,1,1.4,1.2,1012.1
51709,2019-09-17 13:32:00,11.5,1008.9,47,321,10.5,0.1,1311.4
51711,2019-09-17 13:32:00,27.4,1021.9,97,358,7.4,0.8,1107.5
51716,2019-09-17 13:32:00,33.9,1025.5,41,358,14.7,0.9,1255.1
51720,2019-09-17 13:32:00,14.8,1003.8,29,303,7.9,0.2,1300.7
51730,2019-09-17 13:32:00,29.9,1006.6,27,178,13.1,0.8,1272.7
51747,2019-09-17 13:32:00,19.5,1009.7,90,161,12.8,1.3,1477.2
51765,2019-09-17 13:32:00,19.4,1014.9,31,219,12.4,1.0,1329.3
51777,2019-09-17 13:32:00,26.0,1009.1,90,291,0.6,0.9,1373.0
51804,2019-09-17 13:32:00,22.8,1018.6,43,336,7.7,0.1,1083.6
51810,2019-09-17 13:32:00,1.7,1019.8,19,120,4.5,0.7,1457.2
51811,2019-09-17 13:32:00,1.9,1002.2,67,150,8.1,0.4,1220.6
51818,2019-09-17 13:32:00,11.0,1006.8,32,191,6.1,0.4,1115.2
51828,2019-09-17 13:32:00,9.0,1002.4,82,318,12.0,1.5,1130.6
51839,2019-09-17 13:32:00,18.8,1024.4,33,240,8.8,0.7,1484.6
51855,2019-09-17 13:32:00,10.1,1017.5,35,201,0.9,1.2,1234.4
51931,2019-09-17 13:32:00,14.4,1005.3,94,280,6.8,1.2,1068.7
52101,2019-09-17 13:32:00,20.5,1025.1,38,250,3.5,1.4,1168.5
52112,2019-09-17 13:32:00,12.3,1019.9,7,247,3.8,1.4,1325.0
52118,2019-09-17 13:32:00,30.0,1000.1,80,94,5.4,0.2,1045.4
52203,2019-09-17 13:32:00,30.9,1008.8,20,326,6.9,0.9,1296.4
52313,2019-09-17 13:32:00,23.9,1005.1,90,109,4.0,0.6,1358.7
56444,2019-09-17 13:32:00,24.4,1002.0,32,305,4.1,1.3,1025.8
56533,2019-09-17 13:32:00,26.8,1018.8,12,18,2.1,0.6,1490.9
56543,2019-09-17 13:32:00,21.3,1006.5,100,341,13.1,1.5,1282.4
56548,2019-09-17 13:32:00,32.0,1000.9,6,179,7.7,1.4,1463.0
56586,2019-09-17 13:32:00,16.8,1017.0,81,87,11.7,0.8,1095.0
56643,2019-09-17 13:32:00,27.5,1010.6,77,110,8.1,1.5,1157.1
56651,2019-09-17 13:32:00,23.9,1008.1,73,72,9.2,0.7,1286.7
56664,2019-09-17 13:32:00,3.7,1009.5,73,355,2.6,0.9,1058.6
56684,2019-09-17 13:32:00,9.9,1006.0,76,175,14.6,0.8,1181.6
56739,2019-09-17 13:32:00,32.1,1014.7,7,226,7.5,0.6,1330.9
56748,2019-09-17 13:32:00,5.6,1003.8,65,34,0.5,0.0,1164.3
56751,2019-09-17 13:32:00,26.3,1021.4,73,334,10.2,0.0,1335.6
56763,2019-09-17 13:32:00,21.0,1017.8,16,336,0.3,0.7,1486.5
56768,2019-09-17 13:32:00,23.1,1025.8,87,67,2.7,0.5,1081.5
56778,2019-09-17 13:32:00,14.7,1020.9,62,3,0.3,1.3,1280.9
56786,2019-09-17 13:32:00,15.2,1024.8,77,269,2.4,0.0,1288.3
56838,2019-09-17 13:32:00,0.3,1002.3,85,7,7.6,0.3,1328.0
56856,2019-09-17 13:32:00,32.1,1008.4,8,273,4.9,1.4,1040.6
56872,2019-09-17 13:32:00,24.4,1020.6,46,149,2.0,0.6,1033.2
56875,2019-09-17 13:32:00,15.5,1018.3,23,323,9.8,0.6,1040.9
56886,2019-09-17 13:32:00,28.5,1012.5,28,279,0.0,1.5,1389.3
56946,2019-09-17 13:32:00,14.4,1022.8,55,141,10.9,1.3,1398.7
56950,2019-09-17 13:32:00,24.3,1011.9,48,55,10.0,0.4,1269.8
56951,2019-09-17 13:32:00,29.3,1012.6,10,196,13.4,0.3,1357.2
56954,2019-09-17 13:32:00,23.1,1019.3,77,228,3.5,1.2,1017.5
56959,2019-09-17 13:32:00,5.6,1020.7,71,254,13.2,0.0,1132.8
56964,2019-09-17 13:32:00,25.4,1018.2,71,243,4.7,1.3,1156.7
56966,2019-09-17 13:32:00,4.3,1002.6,56,244,1.2,0.4,1139.3
56969,2019-09-17 13:32:00,27.7,1008.1,6,274,8.4,0.1,1480.2
56977,2019-09-17 13:32:00,8.3,1008.2,6,236,5.7,1.1,1306.5
56985,2019-09-17 13:32:00,9.3,1018.9,99,131,8.9,0.8,1230.3
56986,2019-09-17 13:32:00,12.5,1015.2,26,49,9.9,0.8,1185.4
56991,2019-09-17 13:32:00,27.4,1011.8,88,182,9.9,0.8,1065.5
59007,2019-09-17 13:32:00,5.2,1021.2,95,106,6.5,0.0,1262.5
58448,2019-09-17 13:32:00,9.2,1013.2,34,183,2.7,0.0,1398.7
58450,2019-09-17 13:32:00,17.6,1002.2,82,146,14.2,1.0,1268.8
58457,2019-09-17 13:32:00,31.9,1016.0,10,96,3.8,0.8,1020.5
58464,2019-09-17 13:32:00,1.8,1021.2,72,356,12.0,0.6,1278.7
58467,2019-09-17 13:32:00,12.3,1006.8,46,321,14.5,1.4,1147.6
58472,2019-09-17 13:32:00,16.4,1007.9,72,32,11.9,0.5,1029.5
58477,2019-09-17 13:32:00,23.1,1009.3,95,314,0.4,1.5,1061.7
58543,2019-09-17 13:32:00,14.2,1017.7,34,186,4.6,0.9,1371.0
58549,2019-09-17 13:32:00,28.3,1017.6,98,35,13.9,1.0,1086.4
58553,2019-09-17 13:32:00,0.0,1002.4,94,111,9.1,0.0,1059.0
58556,2019-09-17 13:32:00,25.2,1017.6,3,51,8.5,0.8,1371.1
58557,2019-09-17 13:32:00,10.8,1024.3,40,295,0.7,0.9,1318.7
58562,2019-09-17 13:32:00,15.9,1010.3,37,242,5.1,1.3,1475.1
58569,2019-09-17 13:32:00,28.7,1026.0,99,188,0.1,1.5,1355.2
58633,2019-09-17 13:32:00,24.2,1014.5,96,204,8.1,0.5,1226.0
58646,2019-09-17 13:32:00,13.4,1019.9,5,89,0.2,0.4,1118.4
58652,2019-09-17 13:32:00,16.6,1009.9,19,244,4.9,0.2,1496.3
58665,2019-09-17 13:32:00,11.5,1001.7,69,94,1.4,0.7,1175.3
58666,2019-09-17 13:32:00,11.9,1015.5,67,100,7.0,0.1,1345.9
58667,2019-09-17 13:32:00,24.6,1025.7,45,54,11.1,1.3,1366.0
58742,2019-09-17 13:32:00,11.7,1024.0,34,355,1.4,0.3,1466.8
58752,2019-09-17 13:32:00,7.9,1012.8,31,5,9.7,0.2,1421.0
58760,2019-09-17 13:32:00,31.0,1006.7,86,330,12.8,0.3,1416.6
57348,2019-09-17 13:32:00,34.9,1012.4,60,154,2.8,0.8,1468.8
57426,2019-09-17 13:32:00,20.9,1009.0,66,237,10.2,0.2,1492.8
57432,2019-09-17 13:32:00,34.7,1025.6,77,201,5.9,0.6,1252.9
57502,2019-09-17 13:32:00,23.8,1008.8,62,141,7.8,0.6,1075.3
57512,2019-09-17 13:32:00,34.4,1021.0,46,216,1.4,1.3,1216.0
57516,2019-09-17 13:32:00,2.3,1007.6,93,158,6.8,0.5,1117.2
57517,2019-09-17 13:32:00,6.5,1008.2,81,68,5.8,0.4,1164.4
57520,2019-09-17 13:32:00,12.5,1022.6,72,57,2.6,0.4,1483.3
57523,2019-09-17 13:32:00,13.4,1014.3,2,62,12.8,0.2,1067.9
57536,2019-09-17 13:32:00,27.6,1024.0,35,20,1.8,1.4,1378.8
57612,2019-09-17 13:32:00,14.3,1019.2,27,278,14.6,1.0,1067.9
57633,2019-09-17 13:32:00,32.1,1002.1,20,246,8.4,1.0,1323.2
