58015,2019-10-12 14:24:00,2.2,1002.4,94,143,12.1,0.6,1168.3
58102,2019-10-12 14:24:00,7.1,1020.1,68,68,11.4,1.0,1378.7
58118,2019-10-12 14:24:00,19.0,1017.1,86,130,0.5,1.3,1316.6
58122,2019-10-12 14:24:00,23.5,1024.6,74,127,5.6,0.0,1144.2
58203,2019-10-12 14:24:00,34.9,1016.8,70,128,5.3,1.0,1039.9
58215,2019-10-12 14:24:00,23.7,1009.9,18,288,0.2,0.4,1469.3
58221,2019-10-12 14:24:00,32.9,1005.8,5,301,9.1,1.3,1445.7
58225,2019-10-12 14:24:00,31.5,1014.0,74,215,6.9,0.3,1282.6
58236,2019-10-12 14:24:00,33.5,1001.5,46,225,1.6,1.4,1181.6
58311,2019-10-12 14:24:00,23.4,1018.4,51,235,10.0,1.5,1262.7
58314,2019-10-12 14:24:00,30.3,1018.5,86,0,11.4,1.3,1469.1
58319,2019-10-12 14:24:00,24.4,1003.0,38,54,11.2,1.4,1385.7
58321,2019-10-12 14:24:00,16.0,1001.2,5,269,11.5,0.1,1048.2
58326,2019-10-12 14:24:00,14.3,1002.6,13,132,14.7,1.0,1210.1
58336,2019-10-12 14:24:00,31.1,1010.1,84,101,13.7,1.2,1305.4
58338,2019-10-12 14:24:00,4.2,1015.4,19,50,9.1,1.5,1321.8
58414,2019-10-12 14:24:00,12.9,1005.8,47,235,12.5,1.0,1110.8
58419,2019-10-12 14:24:00,20.5,1012.9,24,303,11.7,1.5,1386.8
58424,2019-10-12 14:24:00,8.5,1005.3,76,135,13.1,0.6,1001.1
58429,2019-10-12 14:24:00,22.4,1006.4,42,23,9.0,0.4,1370.8
58436,2019-10-12 14:24:00,23.9,1004.5,3,168,13.3,0.0,1242.9
58437,2019-10-12 14:24:00,1.1,1010.5,73,205,10.2,0.3,1095.7
58520,2019-10-12 14:24:00,9.6,1007.5,9,198,13.0,1.1,1061.5
58531,2019-10-12 14:24:00,34.6,1015.6,23,192,7.7,0.3,1137.5
54406,2019-10-12 14:24:00,22.8,1023.5,47,161,9.3,1.2,1427.8
54416,2019-10-12 14:24:00,1.7,1018.4,18,341,0.1,0.1,1449.2
54511,2019-10-12 14:24:00,12.7,1024.1,29,15,11.6,0.8,1262.5
58725,2019-10-12 14:24:00,21.5,1022.9,67,291,7.2,1.2,1181.6
58730,2019-10-12 14:24:00,20.4,1015.9,4,180,13.1,0.5,1476.7
58731,2019-10-12 14:24:00,29.3,1016.2,16,23,0.1,1.2,1364.0
58734,2019-10-12 14:24:00,21.9,1000.1,44,68,5.9,1.5,1326.4
58737,2019-10-12 14:24:00,12.8,1002.2,49,235,3.6,1.0,1137.6
58744,2019-10-12 14:24:00,6.4,1014.7,34,61,6.3,0.5,1163.6
58754,2019-10-12 14:24:00,1.7,1026.0,56,201,4.2,1.5,1072.0
58818,2019-10-12 14:24:00,14.6,1006.3,73,330,2.7,1.2,1239.4
58820,2019-10-12 14:24:00,0.8,1018.4,46,314,10.1,0.1,1391.3
58834,2019-10-12 14:24:00,6.3,1014.8,80,161,12.2,1.3,1200.1
58837,2019-10-12 14:24:00,11.9,1022.4,97,72,4.6,1.5,1015.4
58843,2019-10-12 14:24:00,32.4,1000.9,82,108,8.0,0.5,1068.8
58846,2019-10-12 14:24:00,23.9,1008.4,1,245,6.1,0.5,1030.6
58847,2019-10-12 14:24:00,23.8,1016.4,54,336,0.8,0.9,1358.1
58911,2019-10-12 14:24:00,16.0,1014.5,73,278,0.6,0.8,1449.7
58918,2019-10-12 14:24:00,27.5,1005.1,8,5,9.6,0.8,1479.7
58921,2019-10-12 14:24:00,1.4,1010.1,77,35,1.3,0.5,1273.5
58926,2019-10-12 14:24:00,26.1,1003.6,45,220,7.3,1.4,1107.3
58927,2019-10-12 14:24:00,31.9,1008.7,7,263,13.7,1.4,1049.1
58931,2019-10-12 14:24:00,27.3,1008.5,36,89,12.1,1.0,1070.2
58933,2019-10-12 14:24:00,14.6,1014.0,34,347,2.4,0.1,1315.8
58936,2019-10-12 14:24:00,19.4,1013.3,68,275,1.7,0.7,1309.4
58944,2019-10-12 14:24:00,33.1,1022.5,57,245,0.2,0.2,1463.6
59113,2019-10-12 14:24:00,11.0,1002.9,75,86,4.4,1.3,1114.6
59126,2019-10-12 14:24:00,10.6,1012.2,36,127,13.4,0.8,1235.8
59133,2019-10-12 14:24:00,28.5,1013.4,70,81,12.0,0.8,1437.0
59134,2019-10-12 14:24:00,8.0,1014.3,77,339,6.9,0.0,1021.8
59321,2019-10-12 14:24:00,20.0,1023.1,45,75,14.2,0.6,1414.5
52323,2019-10-12 14:24:00,31.3,1015.3,42,275,3.2,0.0,1238.2
52418,2019-10-12 14:24:00,15.2,1004.3,30,121,7.8,1.4,1218.5
52424,2019-10-12 14:24:00,23.5,1007.8,52,27,4.3,1.1,1222.7
52436,2019-10-12 14:24:00,24.7,1000.1,75,356,5.7,0.2,1415.4
52446,2019-10-12 14:24:00,10.1,1010.4,5,279,1.9,0.2,1193.8
52447,2019-10-12 14:24:00,18.4,1005.4,90,343,7.5,0.2,1156.2
52533,2019-10-12 14:24:00,10.9,1000.7,40,335,1.2,1.0,1405.3
52546,2019-10-12 14:24:00,13.6,1006.4,13,78,8.0,0.6,1152.6
52652,2019-10-12 14:24:00,30.0,1023.3,6,140,14.9,0.9,1455.7
52661,2019-10-12 14:24:00,13.3,1014.7,78,263,3.4,1.0,1140.9
52674,2019-10-12 14:24:00,7.0,1025.5,56,134,1.2,0.2,1092.0
52679,2019-10-12 14:24:00,28.8,1010.6,16,110,10.5,1.5,1351.3
52681,2019-10-12 14:24:00,14.3,1007.9,55,254,7.7,1.5,1364.4
52787,2019-10-12 14:24:00,28.8,1018.7,50,349,13.0,0.3,1312.8
52797,2019-10-12 14:24:00,10.4,1023.5,25,235,8.6,0.3,1049.9
52884,2019-10-12 14:24:00,25.8,1024.6,63,25,1.2,1.3,1054.1
52895,2019-10-12 14:24:00,8.6,1017.3,8,85,2.7,0.1,1348.8
52983,2019-10-12 14:24:00,31.5,1025.4,51,45,4.6,1.2,1390.3
52984,2019-10-12 14:24:00,16.7,1015.7,13,62,7.4,1.2,1094.6
52986,2019-10-12 14:24:00,14.6,1013.4,11,333,14.7,0.0,1405.8
52996,2019-10-12 14:24:00,19.6,1014.8,98,172,11.3,0.8,1476.3
53821,2019-10-12 14:24:00,27.0,1002.7,22,289,14.3,0.4,1137.6
53915,2019-10-12 14:24:00,23.1,1009.9,74,118,0.1,0.1,1079.0
53923,2019-10-12 14:24:00,23.5,1009.2,83,2,14.9,0.0,1268.5
56074,2019-10-12 14:24:00,12.2,1015.4,98,298,7.4,0.2,1207.8
56080,2019-10-12 14:24:00,22.2,1002.0,81,42,1.9,1.3,1449.9
56093,2019-10-12 14:24:00,9.6,1021.0,23,253,14.9,0.3,1166.2
56096,2019-10-12 14:24:00,20.5,1001.2,37,52,1.4,1.4,1420.0
57014,2019-10-12 14:24:00,5.8,1017.4,82,10,3.5,0.2,1461.0
57996,2019-10-12 14:24:00,1.2,1009.1,12,342,12.8,1.1,1271.3
59072,2019-10-12 14:24:00,30.0,1009.2,73,61,12.0,0.6,1048.3
59082,2019-10-12 14:24:00,10.1,1014.3,91,44,13.0,1.4,1259.8
59087,2019-10-12 14:24:00,13.3,1006.8,31,0,11.2,0.3,1261.4
59088,2019-10-12 14:24:00,21.8,1017.3,92,32,7.1,0.2,1277.2
59096,2019-10-12 14:24:00,26.8,1005.8,55,8,13.7,1.0,1306.4
59097,2019-10-12 14:24:00,32.9,1022.7,28,339,1.8,0.5,1364.4
59107,2019-10-12 14:24:00,12.7,1024.5,60,105,4.3,0.5,1495.1
59116,2019-10-12 14:24:00,34.3,1018.1,29,228,0.1,1.1,1361.8
59117,2019-10-12 14:24:00,27.9,1010.8,91,293,6.8,0.0,1242.5
59271,2019-10-12 14:24:00,6.8,1020.5,83,215,9.9,0.9,1303.2
59278,2019-10-12 14:24:00,15.0,1002.4,50,78,12.4,0.0,1264.6
59280,2019-10-12 14:24:00,30.7,1013.3,70,308,5.9,1.4,1431.7
59287,2019-10-12 14:24:00,6.0,1021.9,13,184,4.5,0.6,1159.9
59289,2019-10-12 14:24:00,29.9,1009.8,31,41,7.3,1.2,1459.2
59293,2019-10-12 14:24:00,23.3,1012.6,84,282,0.5,1.3,1400.5
59294,2019-10-12 14:24:00,24.7,1017.0,25,41,9.9,0.9,1307.7
59298,2019-10-12 14:24:00,27.2,1019.0,70,331,6.7,0.1,1324.0
59303,2019-10-12 14:24:00,27.1,1009.0,18,217,8.6,1.1,1003.1
59304,2019-10-12 14:24:00,6.9,1004.7,89,84,3.8,0.7,1439.6
59306,2019-10-12 14:24:00,8.3,1014.3,88,186,0.4,0.7,1104.5
59310,2019-10-12 14:24:00,19.9,1022.6,14,21,5.6,1.5,1140.6
59316,2019-10-12 14:24:00,1.3,1011.3,93,129,5.6,0.5,1029.4
59317,2019-10-12 14:24:00,28.0,1001.8,19,293,7.2,0.2,1227.1
59324,2019-10-12 14:24:00,29.3,1021.1,18,257,9.0,0.0,1470.2
59456,2019-10-12 14:24:00,2.9,1007.2,17,309,8.3,0.1,1320.8
59462,2019-10-12 14:24:00,31.7,1000.6,48,187,13.7,0.7,1105.5
59478,2019-10-12 14:24:00,15.1,1003.7,28,215,6.0,1.3,1049.0
59485,2019-10-12 14:24:00,22.7,1020.0,27,347,13.9,0.7,1435.5
59488,2019-10-12 14:24:00,18.8,1016.7,42,127,2.4,0.1,1158.9
59493,2019-10-12 14:24:00,13.5,1023.0,91,290,0.9,0.1,1408.4
59501,2019-10-12 14:24:00,32.9,1016.5,79,309,3.4,0.9,1095.9
59658,2019-10-12 14:24:00,20.3,1013.0,65,302,1.0,0.7,1036.7
59663,2019-10-12 14:24:00,20.4,1013.8,35,302,4.2,1.5,1297.7
59664,2019-10-12 14:24:00,15.4,1002.1,90,127,2.7,0.0,1271.9
59673,2019-10-12 14:24:00,17.8,1003.6,48,354,10.2,0.1,1367.0
59754,2019-10-12 14:24:00,1.9,1019.5,100,103,9.0,0.3,1465.0
57947,2019-10-12 14:24:00,10.4,1021.1,96,264,14.7,1.3,1341.4
57957,2019-10-12 14:24:00,13.2,1020.2,53,278,4.5,0.5,1418.5
57958,2019-10-12 14:24:00,1.2,1021.8,16,62,4.7,1.5,1016.4
59021,2019-10-12 14:24:00,5.6,1019.9,72,127,2.9,1.0,1432.9
59023,2019-10-12 14:24:00,4.7,1011.8,89,294,4.6,1.1,1286.9
59027,2019-10-12 14:24:00,4.6,1019.7,21,105,7.6,0.8,1246.8
59037,2019-10-12 14:24:00,4.0,1016.1,81,276,9.1,1.2,1212.0
59046,2019-10-12 14:24:00,5.7,1002.8,56,219,5.7,0.2,1300.8
59058,2019-10-12 14:24:00,33.4,1007.8,51,100,9.1,1.4,1130.9
59065,2019-10-12 14:24:00,18.2,1008.6,65,173,9.3,0.5,1079.7
59209,2019-10-12 14:24:00,29.2,1017.9,14,260,7.5,0.9,1235.2
59211,2019-10-12 14:24:00,2.7,1000.1,48,57,5.6,0.6,1222.8
59218,2019-10-12 14:24:00,6.4,1020.2,77,155,3.7,1.0,1209.4
59228,2019-10-12 14:24:00,12.2,1020.3,51,348,4.4,1.0,1093.6
59242,2019-10-12 14:24:00,30.2,1024.6,72,358,6.1,1.2,1211.1
59254,2019-10-12 14:24:00,33.2,1005.4,40,287,12.3,0.6,1316.6
59265,2019-10-12 14:24:00,14.9,1017.0,67,15,2.5,0.6,1440.7
59417,2019-10-12 14:24:00,28.4,1000.0,19,243,8.8,0.4,1125.8
59431,2019-10-12 14:24:00,14.9,1004.1,17,352,9.0,0.7,1166.6
59446,2019-10-12 14:24:00,32.8,1021.3,35,91,10.2,0.5,1252.7
59453,2019-10-12 14:24:00,30.0,1009.2,17,7,5.4,0.2,1088.7
59626,2019-10-12 14:24:00,28.6,1007.1,58,344,9.8,0.3,1208.8
59631,2019-10-12 14:24:00,5.8,1015.2,3,243,8.5,1.0,1388.5
59632,2019-10-12 14:24:00,26.5,1024.5,84,78,8.0,0.5,1418.8
59644,2019-10-12 14:24:00,16.7,1017.2,22,160,0.6,0.9,1461.0
59647,2019-10-12 14:24:00,16.3,1015.0,74,132,5.1,0.6,1242.4
56691,2019-10-12 14:24:00,3.0,1004.9,28,131,10.8,0.9,1080.5
56693,2019-10-12 14:24:00,30.0,1000.9,68,241,5.4,1.4,1391.5
56792,2019-10-12 14:24:00,18.6,1006.9,27,309,1.3,0.7,1419.9
56793,2019-10-12 14:24:00,14.1,1000.8,1,275,6.3,0.9,1020.6
57606,2019-10-12 14:24:00,12.4,1002.6,69,89,11.5,1.1,1170.0
57614,2019-10-12 14:24:00,13.8,1016.2,80,312,2.6,1.4,1098.6
57625,2019-10-12 14:24:00,17.5,1013.8,98,109,6.9,1.1,1005.0
57647,2019-10-12 14:24:00,18.6,1019.2,24,57,6.2,0.3,1284.9
57707,2019-10-12 14:24:00,27.6,1018.7,72,155,10.5,0.7,1354.4
57710,2019-10-12 14:24:00,15.7,1009.2,78,16,11.6,0.4,1024.4
57712,2019-10-12 14:24:00,35.0,1004.2,15,237,10.7,1.1,1057.9
57718,2019-10-12 14:24:00,13.0,1017.4,42,244,1.3,1.3,1408.5
57722,2019-10-12 14:24:00,19.1,1018.5,66,305,3.9,0.4,1135.5
57729,2019-10-12 14:24:00,3.6,1002.3,18,185,11.7,0.2,1032.2
57731,2019-10-12 14:24:00,17.6,1008.5,35,247,6.4,1.2,1359.1
57741,2019-10-12 14:24:00,15.7,1005.5,9,152,0.6,0.5,1148.6
57803,2019-10-12 14:24:00,9.8,1023.8,42,28,0.9,0.2,1450.7
57805,2019-10-12 14:24:00,8.4,1004.7,59,283,12.7,1.2,1150.7
57806,2019-10-12 14:24:00,14.8,1013.2,26,169,7.9,1.5,1207.2
57816,2019-10-12 14:24:00,25.2,1026.3,66,329,12.9,1.3,1253.4
57825,2019-10-12 14:24:00,32.8,1001.7,43,57,9.5,0.7,1378.2
57827,2019-10-12 14:24:00,16.7,1020.7,16,25,14.1,1.3,1107.7
57832,2019-10-12 14:24:00,31.3,1010.4,61,182,7.4,1.3,1122.4
57839,2019-10-12 14:24:00,14.5,1017.4,100,101,11.4,0.5,1418.4
57840,2019-10-12 14:24:00,18.1,1006.2,96,213,6.9,1.3,1424.6
57902,2019-10-12 14:24:00,10.9,1013.8,1,283,6.7,1.5,1117.2
57906,2019-10-12 14:24:00,21.1,1014.5,29,236,4.2,0.0,1383.3
57907,2019-10-12 14:24:00,33.2,1006.5,34,171,13.1,0.8,1118.8
57910,2019-10-12 14:24:00,11.3,1005.6,47,151,4.4,0.6,1385.9
57912,2019-10-12 14:24:00,2.7,1018.8,19,352,0.8,0.6,1317.5
57916,2019-10-12 14:24:00,28.2,1019.2,37,223,12.8,0.1,1055.9
57922,2019-10-12 14:24:00,33.3,1008.9,2,278,14.1,1.4,1095.4
57926,2019-10-12 14:24:00,11.6,1020.9,39,30,2.0,0.8,1033.2
57932,2019-10-12 14:24:00,11.0,1000.5,90,282,11.6,1.1,1349.7
59758,2019-10-12 14:24:00,25.6,1024.8,75,170,11.5,1.5,1391.3
59838,2019-10-12 14:24:00,30.4,1017.7,98,97,9.1,1.0,1147.1
59845,2019-10-12 14:24:00,34.2,1010.7,22,339,5.6,0.3,1243.9
59849,2019-10-12 14:24:00,14.3,1005.5,95,65,2.8,1.5,1181.5
59855,2019-10-12 14:24:00,5.7,1002.8,46,358,7.1,1.2,1289.3
59948,2019-10-12 14:24:00,33.7,1012.7,7,174,11.9,0.7,1357.2
59954,2019-10-12 14:24:00,30.4,1015.7,12,277,14.4,0.0,1311.0
59981,2019-10-12 14:24:00,13.4,1000.3,39,359,3.8,0.9,1390.2
53399,2019-10-12 14:24:00,22.9,1015.8,56,52,6.1,0.8,1233.2
53593,2019-10-12 14:24:00,16.5,1003.1,4,213,11.3,0.5,1379.5
53698,2019-10-12 14:24:00,13.9,1021.8,63,255,12.6,0.9,1184.4
53798,2019-10-12 14:24:00,5.1,1025.9,2,283,0.2,0.0,1149.5
54308,2019-10-12 14:24:00,13.5,1018.0,31,211,4.3,0.5,1133.8
54311,2019-10-12 14:24:00,16.0,1011.1,60,109,6.8,0.6,1036.1
54401,2019-10-12 14:24:00,23.8,1012.6,22,196,9.6,0.0,1220.6
54405,2019-10-12 14:24:00,34.9,1016.1,56,95,7.1,0.5,1148.0
54423,2019-10-12 14:24:00,15.2,1020.6,25,98,12.8,1.4,1199.1
54429,2019-10-12 14:24:00,25.9,1017.0,7,140,13.6,0.9,1065.8
54436,2019-10-12 14:24:00,3.3,1005.6,85,108,5.9,0.2,1385.6
54449,2019-10-12 14:24:00,28.2,1013.4,68,10,5.7,1.0,1103.0
54518,2019-10-12 14:24:00,5.1,1021.3,100,6,8.6,1.5,1489.0
54534,2019-10-12 14:24:00,25.3,1008.1,59,18,7.6,1.2,1460.1
54535,2019-10-12 14:24:00,6.9,1023.3,41,19,6.7,0.5,1280.0
54539,2019-10-12 14:24:00,7.8,1003.7,64,124,8.3,1.0,1198.4
54602,2019-10-12 14:24:00,28.1,1026.0,97,43,4.0,0.4,1202.7
54606,2019-10-12 14:24:00,28.9,1003.9,58,243,5.3,0.0,1069.9
54618,2019-10-12 14:24:00,3.6,1024.4,53,274,2.0,0.4,1379.2
54624,2019-10-12 14:24:00,15.4,1011.3,74,167,6.0,0.5,1400.3
54705,2019-10-12 14:24:00,23.3,1010.4,72,254,2.4,0.3,1276.4
53898,2019-10-12 14:24:00,17.9,1016.3,91,34,13.5,1.1,1261.4
53986,2019-10-12 14:24:00,33.5,1022.2,72,317,0.4,1.5,1371.0
57051,2019-10-12 14:24:00,8.7,1012.9,79,185,4.3,0.3,1425.5
57067,2019-10-12 14:24:00,17.0,1005.2,37,359,6.2,1.5,1062.6
57071,2019-10-12 14:24:00,32.0,1004.5,95,173,3.8,0.8,1250.5
57077,2019-10-12 14:24:00,33.8,1010.3,38,241,0.1,0.0,1305.9
57083,2019-10-12 14:24:00,15.8,1005.8,96,81,10.4,0.5,1149.3
57084,2019-10-12 14:24:00,7.9,1021.5,79,205,2.3,1.5,1117.0
57089,2019-10-12 14:24:00,15.1,1013.9,42,253,9.9,1.5,1188.2
57091,2019-10-12 14:24:00,10.0,1003.4,27,265,10.2,0.7,1159.4
57156,2019-10-12 14:24:00,18.1,1004.8,11,168,10.8,0.1,1432.0
57178,2019-10-12 14:24:00,26.2,1012.4,88,224,6.6,1.4,1428.4
57181,2019-10-12 14:24:00,13.1,1013.8,26,136,0.9,0.2,1280.8
57193,2019-10-12 14:24:00,21.1,1006.3,30,201,12.2,1.1,1398.2
57285,2019-10-12 14:24:00,30.1,1024.8,46,12,14.8,1.5,1257.9
57290,2019-10-12 14:24:00,18.2,1022.1,35,154,10.0,0.2,1088.8
57297,2019-10-12 14:24:00,7.2,1009.0,61,68,2.5,0.1,1250.9
58005,2019-10-12 14:24:00,32.5,1009.4,88,165,10.7,0.4,1037.3
58111,2019-10-12 14:24:00,31.5,1001.3,66,281,9.6,0.6,1182.9
58208,2019-10-12 14:24:00,3.2,1007.0,39,14,13.6,0.9,1162.1
50136,2019-10-12 14:24:00,29.2,1005.7,71,58,3.9,0.2,1165.9
50246,2019-10-12 14:24:00,17.0,1006.0,4,0,2.6,1.4,1334.7
50247,2019-10-12 14:24:00,31.4,1023.3,97,107,13.4,1.3,1004.7
50349,2019-10-12 14:24:00,29.4,1011.9,27,9,9.6,0.4,1356.7
50353,2019-10-12 14:24:00,0.1,1004.9,16,221,8.6,0.2,1124.8
50442,2019-10-12 14:24:00,6.6,1022.8,99,83,8.8,0.9,1275.5
50468,2019-10-12 14:24:00,16.8,1007.1,95,150,10.4,0.6,1150.3
50557,2019-10-12 14:24:00,29.3,1008.6,51,273,3.2,0.0,1220.5
50564,2019-10-12 14:24:00,20.9,1021.5,91,210,8.2,0.9,1289.3
50656,2019-10-12 14:24:00,32.4,1023.6,16,38,11.0,0.5,1360.4
50658,2019-10-12 14:24:00,16.2,1011.2,38,185,6.3,0.7,1225.2
50674,2019-10-12 14:24:00,30.9,1013.6,85,270,3.2,0.6,1313.9
50739,2019-10-12 14:24:00,7.9,1007.2,90,124,5.5,0.3,1087.2
50742,2019-10-12 14:24:00,2.3,1000.5,91,327,2.8,1.4,1143.0
50745,2019-10-12 14:24:00,28.3,1015.6,100,329,13.8,0.4,1269.9
50756,2019-10-12 14:24:00,16.6,1016.8,22,323,4.6,0.1,1225.3
50758,2019-10-12 14:24:00,19.8,1005.1,73,14,1.0,0.9,1422.2
50774,2019-10-12 14:24:00,2.3,1004.3,97,134,7.8,1.5,1040.9
50778,2019-10-12 14:24:00,24.2,1017.2,72,139,6.8,0.2,1114.4
50788,2019-10-12 14:24:00,34.6,1016.2,47,332,12.7,0.7,1035.6
50844,2019-10-12 14:24:00,26.9,1025.1,25,33,12.4,0.8,1363.5
50853,2019-10-12 14:24:00,30.6,1024.5,90,192,0.3,0.1,1280.2
50854,2019-10-12 14:24:00,27.1,1013.1,74,171,7.3,0.0,1087.7
50862,2019-10-12 14:24:00,29.2,1023.2,31,161,2.6,0.8,1427.1
50873,2019-10-12 14:24:00,29.4,1010.2,6,138,7.6,0.5,1290.8
50877,2019-10-12 14:24:00,30.5,1011.8,31,215,4.0,0.3,1496.5
50888,2019-10-12 14:24:00,30.7,1023.1,48,56,8.3,1.2,1043.8
50950,2019-10-12 14:24:00,12.1,1020.6,11,80,8.5,1.2,1257.6
50953,2019-10-12 14:24:00,21.0,1024.1,72,286,6.8,0.4,1176.3
50955,2019-10-12 14:24:00,2.4,1006.2,80,285,3.5,0.5,1114.3
50963,2019-10-12 14:24:00,6.9,1024.7,21,230,4.1,1.1,1061.1
50968,2019-10-12 14:24:00,22.1,1003.1,19,324,6.0,1.2,1327.6
50973,2019-10-12 14:24:00,19.0,1019.9,91,309,4.5,0.5,1266.3
50978,2019-10-12 14:24:00,27.1,1015.7,25,302,14.7,0.7,1071.1
50983,2019-10-12 14:24:00,8.3,1001.7,93,250,5.1,1.2,1205.5
54094,2019-10-12 14:24:00,25.4,1010.4,80,268,12.5,0.9,1277.2
54096,2019-10-12 14:24:00,5.0,1011.1,43,23,0.5,0.4,1394.2
57251,2019-10-12 14:24:00,20.8,1006.6,72,29,3.3,1.1,1225.1
57256,2019-10-12 14:24:00,19.2,1012.8,92,265,7.2,1.5,1077.3
57259,2019-10-12 14:24:00,17.4,1017.9,8,328,13.5,0.2,1164.1
57265,2019-10-12 14:24:00,13.3,1023.7,94,190,2.0,0.3,1473.5
57278,2019-10-12 14:24:00,30.8,1025.3,30,129,1.6,0.9,1082.5
57279,2019-10-12 14:24:00,22.6,1020.3,34,12,5.1,0.0,1111.2
57355,2019-10-12 14:24:00,3.4,1022.1,77,29,11.3,1.1,1278.4
57358,2019-10-12 14:24:00,8.1,1002.9,58,185,11.3,0.7,1222.1
57359,2019-10-12 14:24:00,19.7,1020.3,2,280,0.8,0.7,1250.7
57363,2019-10-12 14:24:00,15.9,1002.4,44,186,13.2,0.8,1315.1
57378,2019-10-12 14:24:00,8.6,1003.0,60,291,11.8,0.3,1122.1
57381,2019-10-12 14:24:00,8.5,1019.2,82,194,14.6,0.7,1397.3
57395,2019-10-12 14:24:00,15.8,1005.0,68,56,13.0,0.1,1232.9
57399,2019-10-12 14:24:00,9.4,1025.7,2,343,8.6,0.0,1073.9
57439,2019-10-12 14:24:00,3.6,1006.2,100,176,12.7,0.2,1246.1
57445,2019-10-12 14:24:00,6.4,1016.2,33,221,7.0,0.2,1278.6
57447,2019-10-12 14:24:00,19.8,1014.8,20,318,4.5,1.4,1335.3
57458,2019-10-12 14:24:00,14.5,1022.2,83,194,11.1,0.7,1499.7
57461,2019-10-12 14:24:00,29.1,1012.4,20,220,0.2,0.3,1493.6
57476,2019-10-12 14:24:00,23.8,1014.9,49,59,12.7,1.3,1159.0
57482,2019-10-12 14:24:00,1.7,1005.2,81,15,10.2,1.1,1280.3
57483,2019-10-12 14:24:00,32.5,1020.8,21,254,14.7,1.1,1485.4
57493,2019-10-12 14:24:00,24.1,1021.3,72,208,6.8,0.6,1044.4
57494,2019-10-12 14:24:00,24.5,1011.6,10,355,14.3,0.1,1042.8
57545,2019-10-12 14:24:00,3.4,1000.0,1,249,3.9,0.8,1042.1
57573,2019-10-12 14:24:00,17.4,1016.4,83,220,2.2,1.1,1440.0
57581,2019-10-12 14:24:00,24.1,1005.8,61,120,14.8,1.5,1303.6
57583,2019-10-12 14:24:00,27.0,1013.5,22,180,8.9,0.6,1262.7
57595,2019-10-12 14:24:00,33.7,1014.7,36,216,13.2,1.5,1346.5
58402,2019-10-12 14:24:00,4.7,1025.4,14,185,0.3,0.8,1416.9
58407,2019-10-12 14:24:00,30.7,1023.9,26,97,5.9,1.3,1233.2
58500,2019-10-12 14:24:00,8.7,1007.5,71,356,9.5,0.8,1012.2
57554,2019-10-12 14:24:00,2.6,1018.9,65,318,6.6,0.7,1131.4
57562,2019-10-12 14:24:00,24.8,1002.1,52,257,5.6,0.1,1100.7
57574,2019-10-12 14:24:00,23.6,1006.8,53,227,1.4,0.9,1359.2
57584,2019-10-12 14:24:00,5.8,1016.1,14,62,13.6,0.0,1051.7
57642,2019-10-12 14:24:00,33.2,1017.8,28,340,0.4,0.3,1411.6
57649,2019-10-12 14:24:00,16.5,1020.0,18,186,13.1,0.1,1318.5
57655,2019-10-12 14:24:00,24.2,1013.3,98,81,10.1,1.4,1068.9
57662,2019-10-12 14:24:00,4.1,1013.1,25,180,14.8,1.3,1261.8
57669,2019-10-12 14:24:00,16.5,1015.0,34,20,5.5,0.8,1255.4
57671,2019-10-12 14:24:00,32.2,1001.5,85,17,0.0,0.5,1377.6
57673,2019-10-12 14:24:00,1.3,1001.7,19,183,1.0,0.3,1326.1
57679,2019-10-12 14:24:00,7.6,1024.4,65,90,5.3,1.2,1097.6
57682,2019-10-12 14:24:00,31.5,1020.0,98,199,5.7,0.6,1013.0
57687,2019-10-12 14:24:00,13.2,1015.2,54,337,14.9,0.1,1465.9
57745,2019-10-12 14:24:00,8.1,1021.0,30,184,11.3,0.3,1141.1
57749,2019-10-12 14:24:00,23.8,1024.1,85,241,3.8,1.2,1367.4
57752,2019-10-12 14:24:00,5.8,1015.9,47,112,7.1,0.3,1011.4
57758,2019-10-12 14:24:00,25.5,1019.7,44,135,12.1,0.0,1434.3
57761,2019-10-12 14:24:00,23.1,1011.7,91,240,7.8,0.7,1009.2
57766,2019-10-12 14:24:00,21.3,1011.5,17,170,13.9,0.8,1183.6
57774,2019-10-12 14:24:00,20.4,1003.0,36,298,14.1,0.1,1417.6
57776,2019-10-12 14:24:00,22.7,1025.0,46,355,0.7,1.3,1002.9
57779,2019-10-12 14:24:00,4.7,1003.4,20,60,12.9,0.5,1359.8
57780,2019-10-12 14:24:00,5.4,1000.3,78,292,0.5,0.5,1322.2
57841,2019-10-12 14:24:00,5.4,1003.5,35,321,9.6,0.1,1488.0
57845,2019-10-12 14:24:00,18.9,1012.6,54,352,3.6,1.5,1258.5
57853,2019-10-12 14:24:00,10.7,1013.7,42,343,13.3,0.0,1016.3
57857,2019-10-12 14:24:00,10.4,1001.5,97,311,5.5,1.4,1249.0
57860,2019-10-12 14:24:00,15.9,1015.6,99,115,1.7,1.2,1047.6
57866,2019-10-12 14:24:00,9.9,1013.0,21,34,6.3,1.3,1148.5
57872,2019-10-12 14:24:00,5.7,1023.8,6,344,7.2,1.1,1271.3
57874,2019-10-12 14:24:00,30.8,1001.4,95,122,8.1,1.1,1343.4
57889,2019-10-12 14:24:00,13.3,1025.4,70,39,9.0,0.7,1450.7
57965,2019-10-12 14:24:00,5.1,1022.6,35,256,5.8,0.6,1189.7
57972,2019-10-12 14:24:00,18.1,1006.2,42,220,1.2,0.3,1224.8
57974,2019-10-12 14:24:00,16.6,1019.3,88,51,0.7,0.6,1136.1
50936,2019-10-12 14:24:00,31.7,1018.0,60,135,9.4,0.5,1381.3
50945,2019-10-12 14:24:00,0.8,1024.5,81,148,0.2,0.7,1493.7
50948,2019-10-12 14:24:00,11.7,1005.8,60,144,10.7,1.3,1437.5
50949,2019-10-12 14:24:00,20.1,1015.0,74,115,14.8,1.2,1009.8
54041,2019-10-12 14:24:00,20.0,1018.9,64,274,6.9,1.1,1305.4
54049,2019-10-12 14:24:00,19.7,1006.6,49,332,10.8,0.1,1057.1
54063,2019-10-12 14:24:00,32.3,1005.8,29,133,2.3,0.4,1487.0
54064,2019-10-12 14:24:00,27.6,1002.4,14,153,8.9,0.2,1231.2
54142,2019-10-12 14:24:00,25.2,1025.6,11,54,9.5,0.5,1273.9
54157,2019-10-12 14:24:00,14.5,1024.5,16,162,5.8,1.1,1080.1
54161,2019-10-12 14:24:00,5.9,1008.6,39,209,4.6,1.1,1403.0
54165,2019-10-12 14:24:00,19.1,1025.2,64,305,9.8,0.5,1174.6
54171,2019-10-12 14:24:00,21.7,1000.7,23,296,1.8,0.8,1226.8
54181,2019-10-12 14:24:00,17.1,1014.2,64,53,11.0,1.0,1019.7
54186,2019-10-12 14:24:00,16.0,1014.1,55,147,9.2,0.4,1304.6
54195,2019-10-12 14:24:00,26.9,1006.8,24,73,2.0,1.5,1133.9
54260,2019-10-12 14:24:00,34.7,1003.6,81,87,8.5,1.0,1322.2
54263,2019-10-12 14:24:00,3.5,1025.6,11,330,4.5,0.5,1294.5
54266,2019-10-12 14:24:00,23.0,1000.6,19,308,10.2,1.2,1297.2
54273,2019-10-12 14:24:00,0.0,1020.4,37,287,3.2,0.8,1452.2
54276,2019-10-12 14:24:00,7.8,1009.6,23,245,6.9,1.4,1130.9
54284,2019-10-12 14:24:00,32.8,1025.1,73,48,9.4,0.2,1245.7
54285,2019-10-12 14:24:00,6.8,1015.3,34,287,1.4,0.0,1288.7
54286,2019-10-12 14:24:00,23.7,1023.8,44,174,9.7,0.7,1189.7
54292,2019-10-12 14:24:00,34.6,1015.3,7,325,14.4,0.9,1054.4
54363,2019-10-12 14:24:00,22.8,1001.8,48,8,14.2,0.4,1196.8
54374,2019-10-12 14:24:00,7.4,1012.9,8,68,6.4,1.2,1131.9
54377,2019-10-12 14:24:00,4.6,1015.1,4,148,7.5,1.0,1088.5
54386,2019-10-12 14:24:00,3.1,1021.3,70,204,7.1,0.7,1050.9
58026,2019-10-12 14:24:00,0.6,1004.1,5,241,9.2,0.3,1466.2
58027,2019-10-12 14:24:00,17.5,1020.0,79,274,8.2,0.5,1003.7
58038,2019-10-12 14:24:00,23.4,1025.9,32,299,7.8,0.2,1156.9
58040,2019-10-12 14:24:00,20.7,1005.3,95,317,11.1,0.3,1111.0
58047,2019-10-12 14:24:00,34.2,1025.6,76,240,14.9,1.5,1384.6
58130,2019-10-12 14:24:00,32.6,1013.5,36,339,1.2,0.5,1386.7
58135,2019-10-12 14:24:00,0.5,1007.7,10,285,3.4,0.8,1293.0
58138,2019-10-12 14:24:00,1.3,1015.1,4,137,0.9,0.2,1176.8
58141,2019-10-12 14:24:00,30.4,1009.3,29,287,10.6,0.4,1146.1
58143,2019-10-12 14:24:00,23.0,1020.0,94,151,2.2,0.5,1300.3
58150,2019-10-12 14:24:00,4.5,1020.4,90,113,4.9,1.4,1247.8
58158,2019-10-12 14:24:00,30.0,1023.2,55,187,11.8,0.6,1322.6
58238,2019-10-12 14:24:00,18.6,1022.0,11,254,2.5,1.1,1106.3
58241,2019-10-12 14:24:00,14.4,1003.5,22,50,13.2,0.6,1173.7
58251,2019-10-12 14:24:00,34.2,1014.2,77,234,9.4,1.3,1420.6
58252,2019-10-12 14:24:00,19.7,1001.5,11,180,10.7,0.8,1302.0
58255,2019-10-12 14:24:00,11.9,1006.3,96,330,8.8,1.3,1350.6
58259,2019-10-12 14:24:00,7.2,1020.1,79,178,9.3,0.3,1212.7
58265,2019-10-12 14:24:00,30.7,1026.2,82,35,1.5,1.0,1085.1
58343,2019-10-12 14:24:00,19.4,1017.5,61,94,4.3,0.2,1085.4
58345,2019-10-12 14:24:00,19.6,1020.4,66,142,11.9,1.2,1406.9
58354,2019-10-12 14:24:00,26.8,1018.2,10,284,6.4,0.7,1337.3
58356,2019-10-12 14:24:00,0.8,1014.8,63,187,5.7,0.7,1432.6
58358,2019-10-12 14:24:00,21.4,1004.0,4,75,8.3,0.4,1003.5
57598,2019-10-12 14:24:00,33.4,1011.1,28,80,7.7,0.4,1228.1
57696,2019-10-12 14:24:00,32.6,1003.2,8,315,2.0,0.0,1306.6
57789,2019-10-12 14:24:00,12.1,1002.0,6,37,9.5,0.7,1093.6
57793,2019-10-12 14:24:00,3.3,1013.6,8,157,12.4,0.3,1038.6
57799,2019-10-12 14:24:00,14.7,1025.7,55,317,6.3,0.6,1338.2
57894,2019-10-12 14:24:00,33.3,1025.6,33,218,7.9,0.4,1174.6
57896,2019-10-12 14:24:00,22.9,1025.5,29,249,6.8,0.9,1237.4
57993,2019-10-12 14:24:00,34.9,1015.4,72,346,12.2,1.5,1265.8
58506,2019-10-12 14:24:00,21.0,1016.9,10,175,7.1,1.1,1390.6
58507,2019-10-12 14:24:00,27.5,1017.2,63,237,2.4,1.4,1467.6
58519,2019-10-12 14:24:00,28.1,1009.3,13,148,9.9,0.8,1238.1
58527,2019-10-12 14:24:00,31.4,1015.5,36,240,7.9,0.3,1334.8
58600,2019-10-12 14:24:00,19.4,1016.7,96,350,3.6,0.4,1154.4
58606,2019-10-12 14:24:00,6.5,1006.9,3,203,1.9,0.4,1495.6
58608,2019-10-12 14:24:00,11.0,1021.1,37,92,5.1,1.3,1453.1
58622,2019-10-12 14:24:00,0.3,1009.6,62,279,6.7,0.0,1288.5
58626,2019-10-12 14:24:00,17.7,1014.7,4,272,14.9,0.6,1059.4
58634,2019-10-12 14:24:00,10.8,1008.4,14,254,2.5,1.5,1117.8
58637,2019-10-12 14:24:00,8.7,1016.7,12,303,14.5,1.1,1001.7
58705,2019-10-12 14:24:00,13.9,1004.5,8,249,14.2,0.8,1164.5
58715,2019-10-12 14:24:00,28.1,1016.9,25,197,12.8,1.1,1370.1
58718,2019-10-12 14:24:00,34.1,1003.0,66,267,8.1,1.0,1018.0
58806,2019-10-12 14:24:00,8.7,1000.2,53,255,3.1,1.5,1102.7
58813,2019-10-12 14:24:00,23.6,1026.4,47,185,1.5,1.4,1311.1
59092,2019-10-12 14:24:00,30.7,1022.1,47,246,14.5,1.1,1267.6
59102,2019-10-12 14:24:00,26.9,1022.5,86,214,7.8,0.6,1280.1
54236,2019-10-12 14:24:00,18.6,1011.4,36,48,3.2,0.7,1060.2
54237,2019-10-12 14:24:00,23.2,1011.4,76,44,12.1,0.1,1004.3
54243,2019-10-12 14:24:00,7.9,1000.4,48,53,10.6,0.9,1151.5
54254,2019-10-12 14:24:00,32.7,1009.3,87,209,11.9,0.8,1085.0
54259,2019-10-12 14:24:00,27.2,1000.3,10,78,1.3,0.4,1252.2
54324,2019-10-12 14:24:00,13.9,1025.3,56,272,4.4,0.6,1380.0
54326,2019-10-12 14:24:00,2.7,1001.0,30,151,8.5,0.0,1262.0
54333,2019-10-12 14:24:00,32.4,1004.7,60,66,4.0,0.6,1043.9
54334,2019-10-12 14:24:00,6.6,1013.2,64,228,0.0,1.2,1139.9
54335,2019-10-12 14:24:00,29.3,1021.8,47,124,6.1,0.9,1481.0
54337,2019-10-12 14:24:00,28.8,1001.5,38,323,4.2,1.1,1305.2
54339,2019-10-12 14:24:00,5.6,1013.3,76,2,11.7,1.4,1165.4
54342,2019-10-12 14:24:00,16.5,1002.2,50,301,10.6,0.4,1305.3
54346,2019-10-12 14:24:00,17.6,1017.1,98,314,11.4,1.5,1050.8
54349,2019-10-12 14:24:00,31.3,1005.3,69,302,3.5,0.5,1017.0
54351,2019-10-12 14:24:00,24.2,1008.2,85,227,1.8,0.3,1421.4
54353,2019-10-12 14:24:00,4.0,1014.0,3,277,12.8,0.3,1234.6
54365,2019-10-12 14:24:00,34.8,1015.8,2,63,11.1,1.0,1164.1
54452,2019-10-12 14:24:00,31.5,1003.0,10,122,14.3,0.5,1402.5
54454,2019-10-12 14:24:00,8.3,1008.9,95,37,5.7,0.6,1023.5
54455,2019-10-12 14:24:00,25.6,1008.9,99,224,8.4,0.8,1337.7
54470,2019-10-12 14:24:00,11.7,1010.1,34,41,2.4,1.4,1477.2
54471,2019-10-12 14:24:00,8.5,1020.4,15,112,8.1,0.3,1398.2
54472,2019-10-12 14:24:00,3.9,1023.7,55,266,3.7,0.4,1180.1
54476,2019-10-12 14:24:00,22.7,1025.0,33,85,11.9,0.6,1281.5
54486,2019-10-12 14:24:00,26.2,1004.9,56,62,4.0,1.2,1426.1
54493,2019-10-12 14:24:00,31.3,1004.6,69,243,11.2,1.0,1138.5
54497,2019-10-12 14:24:00,18.4,1014.5,34,349,11.4,0.0,1435.4
54563,2019-10-12 14:24:00,30.7,1022.8,44,199,6.9,1.5,1396.8
54579,2019-10-12 14:24:00,18.6,1013.9,67,248,4.3,0.5,1028.4
54584,2019-10-12 14:24:00,18.0,1003.9,95,140,14.2,1.4,1345.9
54660,2019-10-12 14:24:00,12.6,1005.4,24,290,11.1,0.1,1384.8
54662,2019-10-12 14:24:00,16.8,1022.2,100,159,13.7,0.6,1222.1
50425,2019-10-12 14:24:00,20.7,1001.1,56,79,13.2,0.5,1144.0
50434,2019-10-12 14:24:00,9.0,1011.6,19,124,11.2,1.3,1474.1
50514,2019-10-12 14:24:00,28.8,1009.4,73,232,3.0,1.2,1198.0
50527,2019-10-12 14:24:00,27.6,1020.8,35,337,10.2,1.0,1496.1
50548,2019-10-12 14:24:00,13.4,1003.0,27,288,5.4,0.9,1276.5
50603,2019-10-12 14:24:00,19.6,1014.6,99,158,5.3,1.3,1339.6
50618,2019-10-12 14:24:00,13.5,1005.9,100,270,11.3,0.3,1145.0
50632,2019-10-12 14:24:00,19.5,1019.2,98,165,7.2,0.3,1005.0
50639,2019-10-12 14:24:00,3.7,1007.9,3,46,0.2,1.3,1003.8
50727,2019-10-12 14:24:00,3.5,1006.9,18,76,7.1,1.1,1194.2
50834,2019-10-12 14:24:00,22.1,1010.9,98,131,6.8,0.0,1037.3
50838,2019-10-12 14:24:00,18.5,1026.0,49,146,8.9,0.9,1403.2
50915,2019-10-12 14:24:00,4.0,1019.9,71,50,0.0,0.4,1174.4
50924,2019-10-12 14:24:00,4.7,1005.5,75,260,12.2,0.3,1020.2
52267,2019-10-12 14:24:00,32.9,1025.4,25,91,9.3,0.1,1025.3
52495,2019-10-12 14:24:00,19.2,1006.2,81,314,14.2,0.9,1383.0
52576,2019-10-12 14:24:00,5.8,1026.1,88,17,0.7,0.1,1000.5
53068,2019-10-12 14:24:00,26.3,1020.2,97,130,3.9,1.1,1079.0
53083,2019-10-12 14:24:00,32.4,1022.1,81,68,2.7,0.4,1314.8
53149,2019-10-12 14:24:00,18.4,1017.5,99,223,9.9,0.6,1074.2
53192,2019-10-12 14:24:00,4.0,1014.9,54,7,3.6,0.0,1295.8
53195,2019-10-12 14:24:00,14.6,1022.5,13,283,13.2,0.1,1004.5
53276,2019-10-12 14:24:00,19.0,1009.6,38,47,0.4,1.3,1015.8
53336,2019-10-12 14:24:00,13.7,1018.1,80,213,14.8,0.9,1225.8
53352,2019-10-12 14:24:00,5.9,1013.7,70,331,1.7,0.2,1220.1
53362,2019-10-12 14:24:00,30.0,1008.4,44,282,1.4,0.7,1098.3
53367,2019-10-12 14:24:00,19.5,1002.8,73,332,0.6,0.9,1434.2
53391,2019-10-12 14:24:00,27.8,1004.1,7,343,4.9,0.9,1457.7
53446,2019-10-12 14:24:00,32.3,1024.1,89,355,12.4,1.3,1163.5
53463,2019-10-12 14:24:00,11.2,1021.4,6,50,9.3,1.2,1266.9
53480,2019-10-12 14:24:00,5.5,1017.3,11,178,7.8,1.4,1359.4
53502,2019-10-12 14:24:00,23.5,1018.3,42,88,6.9,0.0,1316.2
53513,2019-10-12 14:24:00,28.9,1016.7,92,98,10.6,1.1,1136.5
53529,2019-10-12 14:24:00,2.7,1001.3,53,175,11.9,1.4,1048.1
53543,2019-10-12 14:24:00,0.6,1004.5,82,214,7.0,0.8,1283.5
53547,2019-10-12 14:24:00,24.5,1000.6,16,316,7.0,0.9,1477.0
53602,2019-10-12 14:24:00,23.0,1018.7,80,32,9.6,1.4,1246.4
54012,2019-10-12 14:24:00,23.5,1026.3,96,244,14.3,0.4,1231.9
54026,2019-10-12 14:24:00,0.1,1024.5,41,16,2.2,0.2,1387.6
54027,2019-10-12 14:24:00,11.4,1001.6,37,294,14.2,1.5,1317.0
54102,2019-10-12 14:24:00,9.5,1021.8,19,306,11.7,0.1,1367.7
54115,2019-10-12 14:24:00,28.0,1002.6,1,18,7.4,1.1,1374.7
54134,2019-10-12 14:24:00,32.2,1006.0,19,89,0.7,0.7,1464.5
54135,2019-10-12 14:24:00,2.1,1015.1,61,25,4.7,0.0,1079.6
54208,2019-10-12 14:24:00,2.8,1007.3,2,266,5.8,1.5,1212.0
54213,2019-10-12 14:24:00,17.0,1022.3,83,142,8.9,0.2,1303.2
54218,2019-10-12 14:24:00,34.7,1020.4,20,192,7.7,1.0,1080.4
54226,2019-10-12 14:24:00,5.2,1023.7,23,316,3.0,0.3,1254.4
53519,2019-10-12 14:24:00,12.3,1003.1,65,160,12.9,0.5,1173.5
53612,2019-10-12 14:24:00,8.4,1020.6,91,198,5.6,0.4,1231.8
53614,2019-10-12 14:24:00,11.2,1009.8,77,322,13.8,0.4,1463.0
53615,2019-10-12 14:24:00,21.9,1023.9,60,343,13.1,1.4,1336.7
53704,2019-10-12 14:24:00,8.6,1009.2,66,110,9.8,0.6,1115.9
53705,2019-10-12 14:24:00,30.1,1010.2,42,340,8.6,0.7,1314.9
53723,2019-10-12 14:24:00,33.7,1022.3,3,160,6.6,0.2,1311.0
53806,2019-10-12 14:24:00,10.9,1008.4,50,103,6.0,0.8,1139.0
53810,2019-10-12 14:24:00,34.7,1002.2,52,44,0.9,0.4,1425.3
53817,2019-10-12 14:24:00,26.1,1020.8,10,20,9.8,0.2,1063.9
53903,2019-10-12 14:24:00,1.3,1007.0,3,258,4.5,0.0,1029.2
53910,2019-10-12 14:24:00,20.9,1005.4,74,262,6.1,0.2,1256.2
51886,2019-10-12 14:24:00,19.3,1010.0,78,305,12.5,0.0,1442.7
52602,2019-10-12 14:24:00,25.8,1000.3,69,76,4.9,0.9,1310.8
52633,2019-10-12 14:24:00,23.7,1020.1,49,203,11.8,0.2,1459.5
52645,2019-10-12 14:24:00,28.1,1008.4,33,290,14.1,1.3,1156.3
52657,2019-10-12 14:24:00,1.6,1013.7,51,315,5.9,0.3,1360.8
52707,2019-10-12 14:24:00,4.1,1011.7,63,3,0.6,1.0,1293.2
52713,2019-10-12 14:24:00,6.7,1012.3,57,52,9.4,0.0,1311.2
52737,2019-10-12 14:24:00,22.4,1015.0,49,188,1.1,0.4,1029.2
52754,2019-10-12 14:24:00,13.5,1013.7,12,16,1.6,0.5,1163.1
52765,2019-10-12 14:24:00,11.9,1000.1,25,124,14.8,1.0,1159.1
52818,2019-10-12 14:24:00,24.4,1009.7,8,59,13.5,1.5,1484.6
52825,2019-10-12 14:24:00,7.0,1009.4,51,104,12.6,1.1,1430.4
52833,2019-10-12 14:24:00,34.2,1019.8,36,162,2.1,0.2,1281.7
52836,2019-10-12 14:24:00,8.9,1011.6,36,307,0.2,1.5,1189.9
52842,2019-10-12 14:24:00,14.8,1024.5,20,57,12.2,0.6,1330.1
52856,2019-10-12 14:24:00,23.1,1021.6,33,299,1.1,0.3,1281.0
52866,2019-10-12 14:24:00,22.4,1002.1,13,87,11.9,1.1,1078.2
52868,2019-10-12 14:24:00,14.1,1000.0,26,184,10.6,1.2,1323.3
52876,2019-10-12 14:24:00,31.1,1025.6,84,162,7.3,0.3,1408.1
52908,2019-10-12 14:24:00,34.9,1004.8,41,146,12.7,0.5,1121.1
52943,2019-10-12 14:24:00,4.9,1019.5,86,19,4.6,0.1,1114.3
52955,2019-10-12 14:24:00,21.1,1025.6,82,162,14.3,1.0,1314.5
52974,2019-10-12 14:24:00,17.4,1005.3,50,170,3.9,0.9,1072.6
56004,2019-10-12 14:24:00,30.5,1025.5,49,211,7.5,0.8,1325.9
56018,2019-10-12 14:24:00,19.6,1013.8,19,144,7.5,0.3,1006.5
56021,2019-10-12 14:24:00,1.4,1005.7,84,271,9.8,1.2,1306.2
56029,2019-10-12 14:24:00,30.8,1021.4,52,303,9.2,0.0,1096.9
56033,2019-10-12 14:24:00,5.7,1017.0,83,236,7.7,0.6,1139.9
56034,2019-10-12 14:24:00,27.0,1021.0,29,167,3.6,1.5,1187.2
56043,2019-10-12 14:24:00,29.4,1010.7,29,37,0.7,1.1,1245.0
56046,2019-10-12 14:24:00,7.6,1021.2,86,241,5.1,0.0,1081.8
56065,2019-10-12 14:24:00,19.2,1007.3,2,78,12.6,1.5,1230.1
56067,2019-10-12 14:24:00,26.1,1009.2,87,250,9.0,1.5,1199.0
56125,2019-10-12 14:24:00,6.4,1011.1,23,41,6.8,1.4,1051.6
56151,2019-10-12 14:24:00,32.2,1014.3,59,255,14.2,0.7,1280.3
54715,2019-10-12 14:24:00,24.7,1010.1,33,358,12.2,0.9,1070.4
54725,2019-10-12 14:24:00,30.5,1008.8,44,105,14.2,0.2,1486.8
54727,2019-10-12 14:24:00,15.7,1022.9,87,282,6.5,0.8,1186.6
54744,2019-10-12 14:24:00,12.5,1023.5,83,223,2.3,1.3,1079.4
54751,2019-10-12 14:24:00,24.3,1015.6,87,20,11.8,1.4,1009.1
54753,2019-10-12 14:24:00,10.8,1010.8,19,150,12.8,0.6,1495.3
54764,2019-10-12 14:24:00,14.2,1002.3,64,353,4.7,0.9,1279.0
54774,2019-10-12 14:24:00,35.0,1014.9,73,311,2.1,1.0,1068.2
54776,2019-10-12 14:24:00,9.5,1023.9,17,21,3.6,1.0,1198.3
54808,2019-10-12 14:24:00,25.4,1004.7,76,236,7.8,0.2,1048.3
54823,2019-10-12 14:24:00,8.6,1025.0,86,327,5.8,1.3,1205.6
54826,2019-10-12 14:24:00,0.4,1009.5,2,201,1.0,1.3,1425.4
54836,2019-10-12 14:24:00,28.1,1002.9,92,278,7.9,1.1,1367.5
54842,2019-10-12 14:24:00,20.2,1003.2,66,283,3.6,0.0,1021.0
54843,2019-10-12 14:24:00,1.5,1017.6,10,343,14.8,1.0,1320.8
54857,2019-10-12 14:24:00,19.7,1002.0,36,3,9.8,0.4,1186.4
54863,2019-10-12 14:24:00,4.9,1020.9,62,213,14.1,0.4,1484.5
54909,2019-10-12 14:24:00,29.0,1013.8,16,267,12.7,0.4,1243.4
54916,2019-10-12 14:24:00,32.1,1003.9,82,210,1.3,0.6,1441.1
54929,2019-10-12 14:24:00,11.3,1008.3,57,68,8.6,1.5,1142.2
54936,2019-10-12 14:24:00,10.0,1001.0,21,284,13.9,0.1,1056.9
54945,2019-10-12 14:24:00,7.7,1017.9,62,214,10.4,0.4,1393.8
58034,2019-10-12 14:24:00,23.6,1014.7,56,350,13.6,0.4,1194.7
53478,2019-10-12 14:24:00,4.2,1004.0,39,93,7.1,0.2,1002.1
53487,2019-10-12 14:24:00,4.6,1018.7,17,153,1.7,0.4,1109.8
53490,2019-10-12 14:24:00,23.3,1004.3,79,121,6.2,0.3,1374.5
53564,2019-10-12 14:24:00,27.3,1019.9,42,113,8.1,0.9,1255.5
53578,2019-10-12 14:24:00,25.2,1013.2,88,231,2.0,0.9,1170.5
53579,2019-10-12 14:24:00,12.1,1016.6,70,30,5.9,0.6,1300.9
53588,2019-10-12 14:24:00,2.8,1007.1,33,277,10.0,1.0,1044.7
53594,2019-10-12 14:24:00,8.5,1004.2,28,313,12.3,0.0,1167.2
53663,2019-10-12 14:24:00,32.6,1005.2,94,137,0.7,0.1,1076.8
53664,2019-10-12 14:24:00,34.5,1008.3,38,178,13.2,1.0,1478.0
53673,2019-10-12 14:24:00,11.0,1009.9,64,109,2.3,1.1,1462.6
53687,2019-10-12 14:24:00,27.0,1021.9,39,29,1.3,0.1,1391.9
53764,2019-10-12 14:24:00,27.5,1002.5,14,214,5.5,1.1,1300.4
53772,2019-10-12 14:24:00,17.0,1023.0,76,81,0.0,0.4,1238.3
53775,2019-10-12 14:24:00,0.9,1020.8,80,263,11.9,0.2,1091.7
53787,2019-10-12 14:24:00,18.4,1022.6,53,317,10.0,0.2,1058.4
53853,2019-10-12 14:24:00,34.2,1025.2,83,311,4.4,1.1,1410.2
53859,2019-10-12 14:24:00,14.8,1017.9,73,145,4.4,1.1,1037.3
53863,2019-10-12 14:24:00,5.7,1011.9,66,237,8.9,0.0,1248.5
53868,2019-10-12 14:24:00,20.9,1021.5,99,185,8.1,0.2,1241.0
53877,2019-10-12 14:24:00,28.1,1026.4,82,56,0.1,0.3,1330.8
53882,2019-10-12 14:24:00,4.3,1018.8,49,219,11.7,0.0,1156.1
53884,2019-10-12 14:24:00,0.7,1010.6,24,289,8.7,0.4,1135.2
53959,2019-10-12 14:24:00,14.6,1019.7,44,129,7.7,0.5,1121.7
53963,2019-10-12 14:24:00,23.4,1023.5,17,281,3.9,1.0,1086.6
53968,2019-10-12 14:24:00,29.5,1009.7,41,310,13.0,1.2,1304.9
53975,2019-10-12 14:24:00,29.6,1009.7,6,274,8.3,0.4,1457.1
57052,2019-10-12 14:24:00,4.3,1013.9,14,61,5.6,1.3,1361.0
53646,2019-10-12 14:24:00,17.8,1014.5,85,284,9.6,0.9,1111.7
53651,2019-10-12 14:24:00,0.0,1009.0,27,168,2.2,1.4,1437.8
53725,2019-10-12 14:24:00,21.9,1000.6,60,63,11.8,0.4,1009.7
53735,2019-10-12 14:24:00,14.3,1012.0,93,177,1.6,0.5,1238.1
53738,2019-10-12 14:24:00,17.5,1001.4,22,189,1.5,1.3,1392.7
53740,2019-10-12 14:24:00,23.4,1000.5,92,268,11.5,1.4,1124.9
53754,2019-10-12 14:24:00,15.7,1002.1,47,223,4.3,0.1,1437.3
53845,2019-10-12 14:24:00,4.5,1006.9,68,107,6.9,0.3,1261.6
53854,2019-10-12 14:24:00,30.2,1025.1,28,81,8.1,0.0,1461.4
53929,2019-10-12 14:24:00,31.6,1020.2,77,199,1.8,0.0,1273.2
53942,2019-10-12 14:24:00,14.0,1007.8,37,135,7.4,0.2,1026.0
53948,2019-10-12 14:24:00,16.5,1020.7,21,263,11.6,0.3,1243.1
53955,2019-10-12 14:24:00,15.2,1002.8,100,74,11.5,0.2,1116.1
57003,2019-10-12 14:24:00,22.1,1001.1,58,186,8.5,1.0,1290.3
57025,2019-10-12 14:24:00,25.0,1024.4,65,281,14.2,1.2,1143.1
57028,2019-10-12 14:24:00,17.5,1024.2,40,116,7.9,1.1,1479.8
57030,2019-10-12 14:24:00,5.1,1005.4,22,102,9.7,0.4,1264.3
57034,2019-10-12 14:24:00,20.6,1007.3,96,182,7.6,1.2,1267.5
57037,2019-10-12 14:24:00,23.1,1002.5,66,227,9.6,1.4,1223.6
57046,2019-10-12 14:24:00,34.1,1026.1,30,139,2.3,1.2,1487.6
57048,2019-10-12 14:24:00,4.3,1024.1,19,281,8.0,1.5,1354.9
57049,2019-10-12 14:24:00,11.9,1022.2,44,224,6.0,1.0,1233.0
57106,2019-10-12 14:24:00,20.0,1024.8,16,51,3.3,0.9,1003.8
57124,2019-10-12 14:24:00,24.2,1009.0,80,142,10.1,0.8,1078.2
57127,2019-10-12 14:24:00,29.7,1004.8,29,23,1.1,0.2,1448.4
57131,2019-10-12 14:24:00,22.1,1004.1,73,14,10.0,0.0,1471.7
57134,2019-10-12 14:24:00,9.5,1019.9,26,131,4.9,0.5,1336.2
57140,2019-10-12 14:24:00,5.7,1024.6,22,317,4.3,0.8,1272.4
57143,2019-10-12 14:24:00,5.5,1022.0,22,305,14.0,0.5,1043.4
57144,2019-10-12 14:24:00,9.1,1000.3,47,265,13.6,1.0,1178.5
57154,2019-10-12 14:24:00,29.3,1014.9,91,208,14.1,1.1,1217.0
57211,2019-10-12 14:24:00,4.9,1025.0,3,77,8.6,0.7,1392.8
57232,2019-10-12 14:24:00,4.9,1009.2,35,130,13.9,1.1,1485.4
57238,2019-10-12 14:24:00,14.1,1005.8,17,123,0.6,1.4,1172.4
57245,2019-10-12 14:24:00,23.8,1007.3,1,250,1.9,0.2,1122.5
57343,2019-10-12 14:24:00,4.9,1009.2,32,223,1.8,0.9,1060.4
58362,2019-10-12 14:24:00,30.6,1000.8,28,248,4.0,1.3,1136.6
56038,2019-10-12 14:24:00,4.6,1005.5,26,331,8.0,1.0,1050.6
56079,2019-10-12 14:24:00,32.7,1020.1,28,131,8.9,1.5,1453.5
56144,2019-10-12 14:24:00,11.2,1008.9,46,141,12.8,0.0,1228.2
56146,2019-10-12 14:24:00,17.0,1001.5,10,25,7.8,0.8,1328.0
56152,2019-10-12 14:24:00,27.0,1001.6,16,163,12.3,0.8,1144.9
56167,2019-10-12 14:24:00,8.1,1009.4,14,334,14.1,0.0,1137.8
56172,2019-10-12 14:24:00,7.8,1022.4,93,233,9.0,0.9,1367.9
56173,2019-10-12 14:24:00,19.2,1026.2,96,147,13.2,1.2,1168.8
56178,2019-10-12 14:24:00,28.9,1021.9,70,352,4.7,0.0,1152.1
56182,2019-10-12 14:24:00,22.2,1000.6,54,268,6.1,0.6,1407.0
56187,2019-10-12 14:24:00,7.7,1003.8,1,146,12.9,1.2,1231.0
56188,2019-10-12 14:24:00,34.9,1021.6,100,92,4.8,1.4,1095.7
56196,2019-10-12 14:24:00,22.6,1007.1,36,54,9.5,0.0,1050.3
56247,2019-10-12 14:24:00,20.7,1006.5,66,87,11.6,1.0,1377.5
56251,2019-10-12 14:24:00,25.9,1009.9,71,145,9.9,1.0,1191.9
56257,2019-10-12 14:24:00,19.9,1007.0,57,42,14.6,0.3,1494.7
56287,2019-10-12 14:24:00,24.4,1012.1,58,308,10.2,0.8,1036.9
56357,2019-10-12 14:24:00,25.6,1009.0,53,317,14.0,0.9,1335.4
56374,2019-10-12 14:24:00,17.4,1016.9,13,260,2.8,1.4,1199.3
56385,2019-10-12 14:24:00,9.2,1015.9,51,289,12.1,1.0,1286.4
56386,2019-10-12 14:24:00,5.5,1011.5,11,335,1.6,0.7,1253.4
56459,2019-10-12 14:24:00,19.8,1019.9,22,263,6.6,1.3,1358.7
56462,2019-10-12 14:24:00,29.7,1017.7,89,298,13.3,0.0,1087.6
56475,2019-10-12 14:24:00,11.7,1014.6,37,290,14.3,1.4,1004.9
56479,2019-10-12 14:24:00,29.1,1006.6,15,74,6.1,0.0,1016.4
56485,2019-10-12 14:24:00,23.5,1005.6,49,271,11.0,0.9,1433.6
56492,2019-10-12 14:24:00,15.5,1013.9,99,225,3.6,0.2,1498.4
56565,2019-10-12 14:24:00,12.2,1024.4,15,84,7.5,1.4,1192.6
56571,2019-10-12 14:24:00,1.8,1011.9,78,175,13.5,1.5,1395.7
56666,2019-10-12 14:24:00,33.6,1004.8,72,319,11.4,0.7,1333.6
56671,2019-10-12 14:24:00,9.0,1003.9,9,144,13.3,0.6,1201.5
57206,2019-10-12 14:24:00,26.7,1020.4,98,234,8.5,1.5,1226.5
57237,2019-10-12 14:24:00,11.7,1006.9,5,333,5.3,1.3,1280.3
57306,2019-10-12 14:24:00,9.6,1016.6,91,99,9.4,0.1,1415.6
57313,2019-10-12 14:24:00,32.9,1013.7,1,228,12.3,1.2,1202.4
57314,2019-10-12 14:24:00,2.4,1001.8,88,253,6.5,1.2,1167.6
57328,2019-10-12 14:24:00,3.6,1000.3,58,243,1.4,0.9,1304.3
57405,2019-10-12 14:24:00,16.4,1015.8,18,269,12.4,0.3,1320.2
57411,2019-10-12 14:24:00,16.9,1015.0,72,163,5.3,0.4,1235.4
57503,2019-10-12 14:24:00,13.8,1016.9,70,207,5.5,0.4,1450.5
57604,2019-10-12 14:24:00,32.7,1007.2,52,172,14.0,0.8,1068.0
57608,2019-10-12 14:24:00,12.4,1014.0,34,243,2.3,1.4,1371.8
54525,2019-10-12 14:24:00,21.4,1014.5,87,201,3.0,1.3,1261.4
54527,2019-10-12 14:24:00,6.3,1012.3,29,274,2.0,0.1,1366.5
54623,2019-10-12 14:24:00,18.6,1014.8,27,187,9.8,0.9,1222.8
55228,2019-10-12 14:24:00,1.7,1025.5,56,257,6.5,0.0,1495.0
55248,2019-10-12 14:24:00,32.9,1011.3,58,109,0.3,0.7,1163.0
55279,2019-10-12 14:24:00,1.3,1022.0,67,131,9.0,1.5,1208.2
55294,2019-10-12 14:24:00,33.5,1006.2,39,125,14.8,0.4,1183.6
55299,2019-10-12 14:24:00,32.4,1022.1,53,206,13.6,0.7,1152.8
55437,2019-10-12 14:24:00,4.2,1025.5,57,342,14.5,0.1,1244.9
55472,2019-10-12 14:24:00,17.0,1013.8,94,255,7.0,1.2,1036.8
55493,2019-10-12 14:24:00,20.2,1001.7,44,61,9.9,0.6,1224.1
55569,2019-10-12 14:24:00,26.9,1018.0,92,125,4.6,0.3,1384.0
55578,2019-10-12 14:24:00,26.0,1011.9,20,76,5.6,1.5,1480.7
55585,2019-10-12 14:24:00,12.9,1010.8,63,281,5.6,1.5,1160.5
55591,2019-10-12 14:24:00,16.3,1002.2,96,68,12.4,1.1,1135.0
55598,2019-10-12 14:24:00,26.4,1014.3,69,155,7.5,1.5,1154.2
55655,2019-10-12 14:24:00,24.2,1020.9,58,356,1.0,0.0,1383.1
55664,2019-10-12 14:24:00,26.8,1016.9,24,208,4.9,0.1,1451.0
55680,2019-10-12 14:24:00,21.4,1024.7,60,35,1.0,0.6,1198.1
55681,2019-10-12 14:24:00,29.7,1012.0,34,12,1.8,1.3,1406.6
55690,2019-10-12 14:24:00,32.9,1021.7,14,58,6.8,0.6,1014.8
55696,2019-10-12 14:24:00,14.4,1021.1,20,25,10.2,1.0,1260.1
55773,2019-10-12 14:24:00,26.2,1015.9,37,98,12.1,0.7,1302.2
56106,2019-10-12 14:24:00,30.6,1003.3,70,10,4.9,1.4,1236.3
56116,2019-10-12 14:24:00,26.0,1017.2,75,175,6.9,1.5,1294.3
56137,2019-10-12 14:24:00,13.5,1026.4,13,207,0.8,0.7,1364.8
56202,2019-10-12 14:24:00,17.3,1023.7,32,74,5.8,0.7,1007.0
56223,2019-10-12 14:24:00,32.3,1005.6,19,295,11.9,0.7,1351.2
56227,2019-10-12 14:24:00,30.9,1003.6,72,100,4.8,1.4,1355.1
56312,2019-10-12 14:24:00,3.4,1023.0,42,268,4.5,1.3,1251.9
56331,2019-10-12 14:24:00,32.6,1001.8,93,65,1.7,1.5,1167.2
56434,2019-10-12 14:24:00,11.4,1015.2,5,336,11.0,1.0,1342.4
51053,2019-10-12 14:24:00,27.5,1006.1,9,330,5.4,0.8,1279.7
51059,2019-10-12 14:24:00,7.3,1021.8,47,53,1.3,1.5,1429.1
51060,2019-10-12 14:24:00,13.7,1014.1,13,245,13.4,0.9,1455.0
51068,2019-10-12 14:24:00,32.9,1004.2,63,38,2.7,1.0,1268.1
51076,2019-10-12 14:24:00,5.0,1002.5,7,307,0.1,0.6,1436.7
51087,2019-10-12 14:24:00,6.5,1009.1,9,201,2.4,0.6,1245.7
51133,2019-10-12 14:24:00,9.0,1025.7,20,342,4.5,1.2,1395.4
51156,2019-10-12 14:24:00,35.0,1015.6,52,254,12.3,1.3,1215.5
51186,2019-10-12 14:24:00,10.5,1005.7,48,280,2.2,0.1,1214.1
51232,2019-10-12 14:24:00,22.3,1001.6,78,333,12.0,0.6,1075.8
51238,2019-10-12 14:24:00,6.4,1021.6,34,226,14.6,0.5,1343.2
51241,2019-10-12 14:24:00,1.1,1025.7,62,333,12.8,0.0,1389.0
51243,2019-10-12 14:24:00,2.7,1000.2,21,304,5.9,0.3,1004.7
51288,2019-10-12 14:24:00,1.3,1017.6,4,180,9.7,0.5,1038.4
51330,2019-10-12 14:24:00,18.8,1014.1,93,316,1.7,1.4,1221.1
51334,2019-10-12 14:24:00,16.6,1026.1,96,77,11.8,0.4,1209.9
51346,2019-10-12 14:24:00,15.7,1020.5,38,301,14.8,0.5,1492.0
51358,2019-10-12 14:24:00,3.9,1017.5,54,41,5.6,0.1,1416.0
51365,2019-10-12 14:24:00,14.3,1005.0,48,25,11.3,1.5,1336.5
51367,2019-10-12 14:24:00,22.0,1010.5,97,106,9.6,0.3,1039.6
51379,2019-10-12 14:24:00,11.0,1021.0,86,166,2.2,1.4,1232.6
51431,2019-10-12 14:24:00,4.7,1025.4,78,310,6.4,0.7,1008.7
51433,2019-10-12 14:24:00,22.0,1016.0,26,289,8.2,1.2,1106.7
51437,2019-10-12 14:24:00,10.2,1015.3,49,295,12.9,0.4,1306.3
51463,2019-10-12 14:24:00,9.4,1010.9,29,86,14.1,0.9,1278.8
51467,2019-10-12 14:24:00,22.1,1025.8,85,266,2.2,0.2,1216.6
51469,2019-10-12 14:24:00,12.9,1000.0,89,41,13.7,1.3,1068.1
51470,2019-10-12 14:24:00,26.7,1022.7,98,54,0.0,1.3,1480.5
51477,2019-10-12 14:24:00,30.7,1004.6,16,159,3.2,0.7,1350.4
51495,2019-10-12 14:24:00,8.7,1005.6,22,180,0.1,1.0,1207.5
51526,2019-10-12 14:24:00,3.0,1000.7,44,213,6.9,1.5,1160.5
51542,2019-10-12 14:24:00,29.3,1017.8,66,245,8.5,1.4,1087.9
51567,2019-10-12 14:24:00,9.4,1008.4,33,319,10.2,0.7,1239.6
51573,2019-10-12 14:24:00,18.3,1004.0,88,61,10.8,0.4,1475.7
51581,2019-10-12 14:24:00,1.9,1007.5,80,94,9.2,1.4,1322.6
51628,2019-10-12 14:24:00,6.2,1009.9,23,29,0.7,1.2,1481.4
51633,2019-10-12 14:24:00,4.2,1015.9,38,72,1.6,0.6,1460.3
51639,2019-10-12 14:24:00,25.4,1010.6,82,327,6.6,0.0,1016.9
51642,2019-10-12 14:24:00,11.8,1000.2,74,245,10.3,0.5,1053.4
51644,2019-10-12 14:24:00,15.9,1023.9,68,229,3.9,0.9,1402.0
51655,2019-10-12 14:24:00,1.4,1007.8,78,273,9.0,1.0,1096.0
51656,2019-10-12 14:24:00,10.3,1017.1,29,328,5.8,1.3,1098.6
51701,2019-10-12 14:24:00,30.8,1025.1,5,103,11.3,1.0,1419.5
51704,2019-10-12 14:24:00,33.0,1018.3,61,74,6.4,1.5,1284.8
51705,2019-10-12 14:24:00,32.9,1023.7,6,254,0.8,1.4,1378.6
51709,2019-10-12 14:24:00,24.8,1024.9,77,196,3.5,0.8,1269.0
51711,2019-10-12 14:24:00,26.8,1001.0,21,314,9.6,0.1,1179.5
51716,2019-10-12 14:24:00,30.6,1005.2,70,320,14.2,0.5,1225.7
51720,2019-10-12 14:24:00,15.2,1003.5,70,264,3.3,1.0,1021.8
51730,2019-10-12 14:24:00,21.8,1019.4,70,41,0.8,1.3,1007.5
51747,2019-10-12 14:24:00,22.7,1017.4,34,91,11.6,0.6,1018.3
51765,2019-10-12 14:24:00,3.3,1007.8,47,15,9.0,0.3,1144.2
51777,2019-10-12 14:24:00,18.7,1018.7,2,40,10.7,1.0,1430.9
51804,2019-10-12 14:24:00,6.0,1016.4,75,285,5.8,1.1,1088.2
51810,2019-10-12 14:24:00,16.6,1019.8,28,123,13.9,0.5,1135.5
51811,2019-10-12 14:24:00,8.4,1009.7,24,99,5.0,0.1,1371.9
51818,2019-10-12 14:24:00,28.5,1002.5,3,56,3.2,1.2,1261.9
51828,2019-10-12 14:24:00,11.0,1016.3,74,286,2.7,0.7,1406.3
51839,2019-10-12 14:24:00,27.2,1003.3,3,105,13.3,0.5,1394.0
51855,2019-10-12 14:24:00,14.8,1008.5,28,160,0.9,0.7,1180.0
51931,2019-10-12 14:24:00,0.8,1000.0,52,3,5.7,0.1,1440.0
52101,2019-10-12 14:24:00,4.4,1016.1,49,63,9.0,0.5,1163.0
52112,2019-10-12 14:24:00,1.0,1015.7,93,337,6.5,0.2,1337.7
52118,2019-10-12 14:24:00,26.3,1017.4,36,276,6.6,1.1,1488.3
52203,2019-10-12 14:24:00,10.3,1024.9,13,127,13.6,1.5,1236.3
52313,2019-10-12 14:24:00,6.8,1017.9,71,155,3.0,1.0,1063.8
56444,2019-10-12 14:24:00,34.6,1002.6,40,274,1.6,0.0,1040.4
56533,2019-10-12 14:24:00,34.5,1018.5,18,302,5.4,0.5,1376.8
56543,2019-10-12 14:24:00,4.7,1021.1,20,69,8.2,0.7,1087.8
56548,2019-10-12 14:24:00,0.2,1014.0,80,284,11.6,0.6,1429.8
56586,2019-10-12 14:24:00,22.7,1001.2,71,41,1.6,1.0,1033.0
56643,2019-10-12 14:24:00,32.6,1001.1,19,255,12.6,0.3,1067.6
56651,2019-10-12 14:24:00,16.7,1009.0,61,196,10.8,0.7,1000.8
56664,2019-10-12 14:24:00,14.3,1009.1,46,191,5.8,1.3,1218.9
56684,2019-10-12 14:24:00,11.4,1024.6,28,132,10.3,0.6,1046.1
56739,2019-10-12 14:24:00,19.8,1000.0,61,263,10.8,1.4,1095.2
56748,2019-10-12 14:24:00,31.5,1009.8,22,77,1.0,1.3,1030.7
56751,2019-10-12 14:24:00,11.3,1015.3,35,301,12.6,0.8,1064.0
56763,2019-10-12 14:24:00,30.4,1007.9,53,328,14.0,0.3,1302.2
56768,2019-10-12 14:24:00,5.2,1003.9,27,287,4.1,0.2,1392.0
56778,2019-10-12 14:24:00,15.8,1001.9,94,346,8.9,1.0,1004.6
56786,2019-10-12 14:24:00,13.5,1001.5,82,248,11.3,0.3,1155.6
56838,2019-10-12 14:24:00,9.2,1016.4,7,243,0.8,0.2,1026.0
56856,2019-10-12 14:24:00,15.5,1010.0,64,316,12.1,0.9,1355.0
56872,2019-10-12 14:24:00,4.6,1020.8,38,4,9.9,0.7,1322.1
56875,2019-10-12 14:24:00,18.8,1014.4,7,197,4.9,0.7,1062.7
56886,2019-10-12 14:24:00,13.0,1024.1,41,303,10.8,1.4,1247.3
56946,2019-10-12 14:24:00,28.1,1025.9,62,39,14.9,0.5,1329.9
56950,2019-10-12 14:24:00,2.5,1009.8,83,87,4.8,0.7,1400.1
56951,2019-10-12 14:24:00,3.3,1004.4,55,327,5.4,0.0,1321.7
56954,2019-10-12 14:24:00,31.4,1000.8,36,40,11.2,1.5,1117.4
56959,2019-10-12 14:24:00,15.4,1006.0,55,118,3.4,1.5,1024.1
56964,2019-10-12 14:24:00,24.1,1018.9,25,220,1.3,0.6,1386.8
56966,2019-10-12 14:24:00,22.3,1024.8,52,21,3.2,1.0,1349.5
56969,2019-10-12 14:24:00,31.5,1001.5,26,54,7.4,0.4,1475.6
56977,2019-10-12 14:24:00,3.0,1009.4,90,76,6.7,0.7,1092.1
56985,2019-10-12 14:24:00,23.0,1023.6,5,29,0.5,0.8,1018.7
56986,2019-10-12 14:24:00,18.4,1003.9,49,12,6.7,0.4,1447.3
56991,2019-10-12 14:24:00,12.1,1008.3,94,230,7.8,1.5,1195.3
59007,2019-10-12 14:24:00,5.6,1015.1,51,30,7.1,1.5,1141.2
58448,2019-10-12 14:24:00,4.2,1001.5,46,351,4.8,1.3,1492.6
58450,2019-10-12 14:24:00,24.0,1025.1,34,56,7.2,1.0,1334.2
58457,2019-10-12 14:24:00,16.7,1023.9,6,163,9.4,0.2,1166.3
58464,2019-10-12 14:24:00,29.8,1025.2,22,47,0.1,1.5,1249.2
58467,2019-10-12 14:24:00,22.8,1026.4,17,52,0.1,1.3,1164.2
58472,2019-10-12 14:24:00,3.5,1000.9,89,357,9.7,0.5,1102.6
58477,2019-10-12 14:24:00,27.9,1005.7,98,293,14.3,1.4,1100.5
58543,2019-10-12 14:24:00,29.1,1016.2,94,230,2.0,1.4,1328.1
58549,2019-10-12 14:24:00,31.3,1019.6,7,235,10.8,0.2,1300.6
58553,2019-10-12 14:24:00,25.6,1016.2,15,173,5.3,1.0,1211.2
58556,2019-10-12 14:24:00,8.9,1002.1,8,125,8.5,0.0,1114.7
58557,2019-10-12 14:24:00,29.5,1018.5,48,46,11.2,0.4,1493.0
58562,2019-10-12 14:24:00,29.2,1018.4,18,47,0.2,1.2,1179.7
58569,2019-10-12 14:24:00,31.7,1020.5,14,302,4.0,0.4,1349.9
58633,2019-10-12 14:24:00,3.1,1007.0,58,48,10.8,1.2,1217.1
58646,2019-10-12 14:24:00,1.1,1011.2,65,243,13.2,0.3,1371.0
58652,2019-10-12 14:24:00,10.9,1008.0,71,249,6.6,0.7,1474.9
58665,2019-10-12 14:24:00,25.8,1004.0,44,359,6.8,1.2,1061.0
58666,2019-10-12 14:24:00,10.2,1003.4,37,223,6.5,1.3,1165.3
58667,2019-10-12 14:24:00,2.1,1012.6,30,59,3.5,0.5,1142.2
58742,2019-10-12 14:24:00,21.5,1003.8,37,224,6.4,1.4,1304.8
58752,2019-10-12 14:24:00,7.7,1004.4,34,101,11.7,1.2,1191.7
58760,2019-10-12 14:24:00,11.6,1008.3,87,315,6.7,1.1,1285.5
57348,2019-10-12 14:24:00,10.0,1000.5,55,230,8.4,0.0,1370.4
57426,2019-10-12 14:24:00,6.2,1000.6,77,287,14.0,0.0,1020.0
57432,2019-10-12 14:24:00,10.0,1004.9,49,168,12.3,0.1,1269.2
57502,2019-10-12 14:24:00,12.6,1008.8,76,87,9.3,1.3,1213.9
57512,2019-10-12 14:24:00,3.4,1005.8,74,97,6.1,1.5,1155.1
57516,2019-10-12 14:24:00,1.3,1024.0,41,354,14.7,0.8,1010.5
57517,2019-10-12 14:24:00,31.1,1022.7,57,265,0.6,0.0,1361.9
57520,2019-10-12 14:24:00,0.5,1001.3,28,174,9.8,0.2,1060.4
57523,2019-10-12 14:24:00,2.0,1000.3,77,223,5.6,0.5,1227.6
57536,2019-10-12 14:24:00,32.2,1006.8,60,164,4.8,0.0,1062.2
57612,2019-10-12 14:24:00,11.8,1010.3,85,76,10.1,0.9,1318.2
57633,2019-10-12 14:24:00,29.4,1007.4,68,153,8.7,1.4,1069.7
