58015,2019-10-13 22:21:00,19.9,1009.1,67,51,0.5,0.7,1424.3
58102,2019-10-13 22:21:00,1.4,1020.8,99,126,0.1,1.3,1315.5
58118,2019-10-13 22:21:00,8.0,1001.2,43,249,13.5,0.3,1265.1
58122,2019-10-13 22:21:00,10.7,1011.3,34,299,7.4,0.1,1299.0
58203,2019-10-13 22:21:00,2.3,1013.2,58,276,14.5,0.7,1028.8
58215,2019-10-13 22:21:00,21.2,1008.6,5,172,10.2,0.2,1309.3
58221,2019-10-13 22:21:00,17.0,1008.2,33,320,2.6,0.6,1223.5
58225,2019-10-13 22:21:00,10.3,1014.2,86,100,7.2,0.6,1318.1
58236,2019-10-13 22:21:00,21.3,1010.8,29,315,13.3,0.1,1122.4
58311,2019-10-13 22:21:00,8.3,1017.2,91,151,0.1,1.4,1485.4
58314,2019-10-13 22:21:00,12.1,1003.3,36,228,0.7,0.3,1050.7
58319,2019-10-13 22:21:00,21.7,1012.6,32,149,8.5,0.8,1157.7
58321,2019-10-13 22:21:00,2.6,1000.2,83,57,14.0,0.2,1012.3
58326,2019-10-13 22:21:00,25.8,1002.9,56,214,1.3,0.9,1078.2
58336,2019-10-13 22:21:00,33.2,1011.6,30,327,9.1,0.0,1203.9
58338,2019-10-13 22:21:00,20.6,1008.3,70,205,13.6,0.0,1033.1
58414,2019-10-13 22:21:00,22.4,1021.8,78,169,10.5,1.5,1254.3
58419,2019-10-13 22:21:00,25.3,1013.3,71,293,12.2,0.9,1019.8
58424,2019-10-13 22:21:00,10.5,1019.4,66,202,1.7,1.0,1389.8
58429,2019-10-13 22:21:00,27.9,1013.8,50,78,5.3,0.6,1135.5
58436,2019-10-13 22:21:00,22.2,1016.0,32,230,4.1,1.2,1366.2
58437,2019-10-13 22:21:00,12.6,1016.1,31,316,4.6,0.9,1498.8
58520,2019-10-13 22:21:00,21.4,1017.5,2,175,0.5,0.6,1379.5
58531,2019-10-13 22:21:00,31.1,1004.0,32,303,13.0,0.0,1028.9
54406,2019-10-13 22:21:00,19.5,1015.6,90,192,2.3,0.8,1216.9
54416,2019-10-13 22:21:00,24.7,1003.7,27,203,5.3,0.9,1440.2
54511,2019-10-13 22:21:00,34.2,1007.2,86,131,4.4,0.7,1462.8
58725,2019-10-13 22:21:00,21.7,1017.7,89,176,7.2,0.7,1064.7
58730,2019-10-13 22:21:00,10.6,1001.5,5,317,0.3,0.6,1016.5
58731,2019-10-13 22:21:00,2.9,1013.6,97,241,9.9,0.2,1304.0
58734,2019-10-13 22:21:00,4.5,1025.0,68,206,4.7,0.5,1133.9
58737,2019-10-13 22:21:00,13.1,1008.2,57,283,0.1,0.1,1403.5
58744,2019-10-13 22:21:00,20.0,1006.6,31,178,1.6,0.7,1141.2
58754,2019-10-13 22:21:00,11.6,1023.6,30,308,4.9,0.9,1463.0
58818,2019-10-13 22:21:00,26.3,1012.4,98,217,8.9,0.4,1074.1
58820,2019-10-13 22:21:00,33.9,1001.1,93,191,1.5,1.3,1484.9
58834,2019-10-13 22:21:00,8.3,1025.6,47,31,11.2,0.0,1316.5
58837,2019-10-13 22:21:00,23.5,1000.0,90,342,14.8,0.7,1164.7
58843,2019-10-13 22:21:00,3.4,1014.8,96,270,5.4,0.8,1175.6
58846,2019-10-13 22:21:00,23.4,1008.1,23,33,3.4,0.7,1268.8
58847,2019-10-13 22:21:00,32.3,1022.1,43,307,11.2,0.8,1395.4
58911,2019-10-13 22:21:00,19.8,1016.4,84,127,3.6,1.3,1231.3
58918,2019-10-13 22:21:00,6.2,1007.6,17,285,14.4,0.0,1436.3
58921,2019-10-13 22:21:00,34.9,1013.8,96,5,12.1,0.1,1465.3
58926,2019-10-13 22:21:00,23.1,1003.9,47,176,5.0,0.0,1373.6
58927,2019-10-13 22:21:00,30.7,1024.1,38,191,5.2,0.0,1166.3
58931,2019-10-13 22:21:00,11.5,1021.8,13,175,3.9,0.5,1029.5
58933,2019-10-13 22:21:00,31.1,1018.8,49,127,5.1,0.3,1417.4
58936,2019-10-13 22:21:00,32.9,1022.9,15,351,10.1,0.8,1372.8
58944,2019-10-13 22:21:00,15.2,1021.5,15,208,8.3,1.5,1315.4
59113,2019-10-13 22:21:00,25.5,1006.1,62,126,11.7,0.2,1334.9
59126,2019-10-13 22:21:00,29.8,1022.5,63,204,5.0,1.0,1005.9
59133,2019-10-13 22:21:00,0.6,1002.4,68,108,7.3,0.1,1181.5
59134,2019-10-13 22:21:00,30.7,1018.8,99,280,9.4,1.2,1255.8
59321,2019-10-13 22:21:00,2.2,1001.0,60,215,8.7,0.4,1383.7
52323,2019-10-13 22:21:00,25.0,1005.6,95,134,10.3,0.4,1498.7
52418,2019-10-13 22:21:00,17.1,1021.7,95,59,3.1,1.4,1062.0
52424,2019-10-13 22:21:00,24.3,1006.0,48,91,13.9,1.3,1220.7
52436,2019-10-13 22:21:00,22.2,1006.5,12,334,12.5,0.2,1351.7
52446,2019-10-13 22:21:00,0.5,1011.3,27,48,4.1,1.3,1060.4
52447,2019-10-13 22:21:00,27.2,1009.1,47,252,5.4,0.0,1365.6
52533,2019-10-13 22:21:00,22.3,1017.1,100,32,0.4,0.2,1256.4
52546,2019-10-13 22:21:00,17.1,1015.8,40,202,0.3,1.1,1488.4
52652,2019-10-13 22:21:00,0.0,1011.8,31,183,1.8,0.8,1228.7
52661,2019-10-13 22:21:00,24.7,1011.4,100,69,1.1,0.1,1206.1
52674,2019-10-13 22:21:00,11.4,1011.2,26,202,4.4,0.0,1040.3
52679,2019-10-13 22:21:00,15.6,1013.7,24,325,1.5,0.6,1284.0
52681,2019-10-13 22:21:00,8.5,1021.5,76,58,9.1,1.3,1471.2
52787,2019-10-13 22:21:00,4.1,1023.1,6,333,9.5,0.8,1200.5
52797,2019-10-13 22:21:00,1.1,1011.6,49,305,3.9,1.3,1052.1
52884,2019-10-13 22:21:00,32.7,1010.9,28,265,7.1,0.6,1458.0
52895,2019-10-13 22:21:00,6.2,1025.7,58,75,13.0,1.2,1191.0
52983,2019-10-13 22:21:00,32.3,1021.2,100,112,10.8,0.0,1174.6
52984,2019-10-13 22:21:00,13.4,1016.8,45,54,6.6,1.2,1078.9
52986,2019-10-13 22:21:00,29.4,1005.2,72,232,6.6,1.0,1070.7
52996,2019-10-13 22:21:00,13.4,1013.8,60,6,6.3,0.4,1252.7
53821,2019-10-13 22:21:00,17.9,1007.8,40,248,14.5,0.6,1257.5
53915,2019-10-13 22:21:00,17.2,1020.8,11,358,6.1,0.7,1231.5
53923,2019-10-13 22:21:00,10.7,1017.6,17,255,7.1,1.5,1344.4
56074,2019-10-13 22:21:00,22.2,1009.8,58,49,8.8,0.9,1451.3
56080,2019-10-13 22:21:00,28.1,1014.7,89,298,9.2,0.7,1145.8
56093,2019-10-13 22:21:00,12.7,1014.6,20,92,12.0,0.1,1476.9
56096,2019-10-13 22:21:00,27.5,1024.3,28,173,14.2,1.1,1032.1
57014,2019-10-13 22:21:00,12.6,1016.0,30,4,7.3,0.6,1165.2
57996,2019-10-13 22:21:00,15.5,1007.4,41,95,4.9,0.5,1173.1
59072,2019-10-13 22:21:00,25.5,1004.5,33,221,8.2,0.7,1265.4
59082,2019-10-13 22:21:00,11.8,1024.9,81,105,12.5,0.4,1496.2
59087,2019-10-13 22:21:00,0.6,1023.5,1,22,4.0,0.9,1204.8
59088,2019-10-13 22:21:00,24.8,1005.6,73,87,13.1,1.2,1344.6
59096,2019-10-13 22:21:00,26.7,1006.8,8,351,0.4,0.3,1222.0
59097,2019-10-13 22:21:00,10.5,1011.7,31,70,12.9,1.0,1388.7
59107,2019-10-13 22:21:00,9.2,1020.2,79,33,2.8,1.0,1099.8
59116,2019-10-13 22:21:00,4.8,1002.1,94,16,8.3,0.1,1370.6
59117,2019-10-13 22:21:00,22.4,1006.5,6,86,12.5,1.2,1494.7
59271,2019-10-13 22:21:00,15.6,1020.6,27,117,10.0,0.8,1026.0
59278,2019-10-13 22:21:00,25.6,1019.0,40,265,9.3,0.1,1344.2
59280,2019-10-13 22:21:00,19.4,1018.8,66,15,1.1,0.3,1018.4
59287,2019-10-13 22:21:00,0.2,1025.0,95,44,1.0,0.3,1035.8
59289,2019-10-13 22:21:00,18.1,1008.3,33,47,7.4,1.0,1492.1
59293,2019-10-13 22:21:00,24.4,1025.8,97,328,4.0,0.3,1408.8
59294,2019-10-13 22:21:00,29.0,1002.0,5,268,10.5,0.5,1138.6
59298,2019-10-13 22:21:00,14.7,1012.4,88,195,6.5,0.2,1415.2
59303,2019-10-13 22:21:00,28.0,1023.2,95,225,0.7,0.2,1063.3
59304,2019-10-13 22:21:00,10.6,1022.3,71,0,10.6,0.6,1155.9
59306,2019-10-13 22:21:00,24.2,1003.1,14,272,1.3,1.3,1122.8
59310,2019-10-13 22:21:00,23.8,1010.8,49,248,12.7,0.4,1160.5
59316,2019-10-13 22:21:00,27.1,1011.4,88,192,11.3,0.5,1126.3
59317,2019-10-13 22:21:00,31.9,1010.4,23,254,14.7,0.0,1413.4
59324,2019-10-13 22:21:00,7.0,1006.3,87,211,7.1,0.0,1376.5
59456,2019-10-13 22:21:00,6.6,1020.3,29,104,1.6,0.0,1124.9
59462,2019-10-13 22:21:00,6.7,1017.3,49,140,9.2,1.5,1104.7
59478,2019-10-13 22:21:00,3.9,1015.3,55,79,12.7,0.0,1235.3
59485,2019-10-13 22:21:00,27.1,1003.6,53,159,8.6,0.2,1210.1
59488,2019-10-13 22:21:00,12.7,1013.2,67,353,6.6,0.6,1075.1
59493,2019-10-13 22:21:00,15.2,1006.9,42,300,14.3,1.3,1018.4
59501,2019-10-13 22:21:00,7.7,1008.3,90,35,9.6,0.3,1092.2
59658,2019-10-13 22:21:00,4.7,1017.2,13,129,9.5,0.4,1347.7
59663,2019-10-13 22:21:00,27.7,1022.6,12,150,10.1,0.9,1061.7
59664,2019-10-13 22:21:00,15.2,1004.5,33,113,14.9,0.1,1195.7
59673,2019-10-13 22:21:00,5.3,1023.2,60,302,14.5,0.4,1115.1
59754,2019-10-13 22:21:00,23.7,1011.9,57,239,6.8,0.4,1492.7
57947,2019-10-13 22:21:00,32.5,1008.3,2,134,9.6,0.4,1132.0
57957,2019-10-13 22:21:00,32.6,1006.8,20,296,1.8,1.1,1109.1
57958,2019-10-13 22:21:00,10.0,1007.3,57,234,9.7,0.7,1131.7
59021,2019-10-13 22:21:00,8.5,1012.2,79,259,1.3,1.4,1248.5
59023,2019-10-13 22:21:00,31.2,1011.8,84,304,14.6,0.5,1124.9
59027,2019-10-13 22:21:00,8.9,1004.1,79,72,4.5,0.5,1142.1
59037,2019-10-13 22:21:00,19.9,1000.7,79,245,8.3,1.0,1267.0
59046,2019-10-13 22:21:00,26.1,1007.3,49,175,7.1,1.0,1455.1
59058,2019-10-13 22:21:00,6.6,1024.1,30,8,7.6,0.8,1328.0
59065,2019-10-13 22:21:00,30.7,1006.6,8,37,10.3,0.1,1141.5
59209,2019-10-13 22:21:00,10.1,1025.5,70,345,13.9,0.8,1018.3
59211,2019-10-13 22:21:00,28.8,1022.1,4,125,9.0,1.5,1254.8
59218,2019-10-13 22:21:00,22.8,1012.9,52,49,5.2,1.2,1337.8
59228,2019-10-13 22:21:00,0.9,1022.6,35,73,0.0,0.1,1173.4
59242,2019-10-13 22:21:00,32.0,1016.1,84,295,11.3,0.9,1020.0
59254,2019-10-13 22:21:00,1.3,1006.0,76,317,14.1,1.4,1173.5
59265,2019-10-13 22:21:00,8.2,1006.4,16,256,2.0,1.4,1416.5
59417,2019-10-13 22:21:00,13.8,1010.5,68,111,9.8,1.3,1120.8
59431,2019-10-13 22:21:00,0.5,1018.7,80,73,2.1,0.3,1457.8
59446,2019-10-13 22:21:00,12.8,1013.8,34,267,7.5,0.8,1251.1
59453,2019-10-13 22:21:00,24.9,1024.1,100,312,12.7,0.2,1415.1
59626,2019-10-13 22:21:00,4.5,1021.9,99,39,8.4,0.6,1226.9
59631,2019-10-13 22:21:00,7.2,1014.2,29,41,11.2,1.5,1405.5
59632,2019-10-13 22:21:00,25.9,1015.2,48,117,9.2,1.2,1046.1
59644,2019-10-13 22:21:00,11.3,1018.5,23,84,13.6,1.3,1446.2
59647,2019-10-13 22:21:00,17.7,1020.3,89,222,7.2,1.5,1357.6
56691,2019-10-13 22:21:00,24.8,1019.0,5,84,7.4,1.2,1367.2
56693,2019-10-13 22:21:00,5.4,1021.2,65,221,6.6,0.4,1118.2
56792,2019-10-13 22:21:00,11.4,1015.3,49,56,4.3,1.4,1337.2
56793,2019-10-13 22:21:00,5.4,1024.8,1,186,13.3,1.3,1405.9
57606,2019-10-13 22:21:00,5.1,1002.5,43,279,8.5,1.0,1484.8
57614,2019-10-13 22:21:00,10.3,1022.1,41,68,2.5,0.9,1392.0
57625,2019-10-13 22:21:00,11.2,1015.6,61,190,11.9,0.0,1155.5
57647,2019-10-13 22:21:00,20.9,1012.7,92,108,7.8,0.4,1016.4
57707,2019-10-13 22:21:00,0.4,1026.3,8,161,6.3,1.3,1213.8
57710,2019-10-13 22:21:00,9.8,1012.8,4,111,8.1,1.2,1009.3
57712,2019-10-13 22:21:00,25.0,1005.8,34,227,2.4,0.9,1063.2
57718,2019-10-13 22:21:00,17.7,1004.1,30,170,8.8,0.4,1040.3
57722,2019-10-13 22:21:00,29.0,1015.4,59,160,4.9,0.5,1323.2
57729,2019-10-13 22:21:00,33.4,1007.5,47,124,1.5,0.5,1014.7
57731,2019-10-13 22:21:00,14.4,1020.7,40,52,5.0,0.4,1085.6
57741,2019-10-13 22:21:00,27.2,1005.5,2,0,2.8,1.0,1091.2
57803,2019-10-13 22:21:00,12.0,1009.8,94,267,1.7,1.5,1032.0
57805,2019-10-13 22:21:00,24.1,1021.7,25,231,8.4,0.6,1338.9
57806,2019-10-13 22:21:00,34.2,1009.2,25,45,12.1,1.5,1095.0
57816,2019-10-13 22:21:00,7.0,1004.0,1,268,6.2,1.0,1118.4
57825,2019-10-13 22:21:00,6.7,1020.7,56,250,3.5,0.0,1240.2
57827,2019-10-13 22:21:00,8.1,1020.2,21,52,7.1,1.3,1302.6
57832,2019-10-13 22:21:00,21.9,1012.0,52,208,8.9,0.7,1101.2
57839,2019-10-13 22:21:00,15.7,1025.0,3,353,3.5,1.4,1324.7
57840,2019-10-13 22:21:00,32.6,1021.6,55,231,14.1,0.1,1398.9
57902,2019-10-13 22:21:00,30.6,1006.9,56,243,11.3,0.7,1379.1
57906,2019-10-13 22:21:00,22.1,1010.5,64,323,8.6,1.0,1315.9
57907,2019-10-13 22:21:00,1.9,1000.6,57,228,9.1,0.6,1236.1
57910,2019-10-13 22:21:00,30.1,1025.3,8,177,12.1,0.5,1144.4
57912,2019-10-13 22:21:00,31.0,1012.9,74,131,3.3,0.8,1350.1
57916,2019-10-13 22:21:00,8.5,1001.4,87,135,2.4,0.9,1075.0
57922,2019-10-13 22:21:00,22.8,1002.2,31,300,6.3,0.7,1425.7
57926,2019-10-13 22:21:00,5.2,1011.2,3,2,6.2,0.1,1451.5
57932,2019-10-13 22:21:00,16.3,1023.4,32,138,4.8,0.5,1154.8
59758,2019-10-13 22:21:00,10.6,1012.0,21,92,9.1,1.0,1415.9
59838,2019-10-13 22:21:00,18.5,1010.2,100,150,2.4,0.5,1015.6
59845,2019-10-13 22:21:00,14.8,1007.5,52,234,2.0,0.9,1172.3
59849,2019-10-13 22:21:00,29.0,1024.9,41,100,13.8,1.2,1116.3
59855,2019-10-13 22:21:00,1.3,1011.7,13,63,11.4,0.8,1338.4
59948,2019-10-13 22:21:00,12.8,1008.5,29,14,9.7,0.7,1422.9
59954,2019-10-13 22:21:00,27.5,1017.0,28,232,8.3,1.0,1409.6
59981,2019-10-13 22:21:00,2.0,1015.3,36,319,4.7,0.0,1197.7
53399,2019-10-13 22:21:00,3.6,1019.5,32,137,2.9,1.5,1197.6
53593,2019-10-13 22:21:00,10.1,1024.5,9,319,2.0,1.2,1099.7
53698,2019-10-13 22:21:00,20.0,1024.0,83,52,12.8,0.1,1211.5
53798,2019-10-13 22:21:00,15.4,1007.6,15,156,2.4,0.6,1431.0
54308,2019-10-13 22:21:00,23.4,1006.5,20,232,13.0,1.0,1179.4
54311,2019-10-13 22:21:00,22.8,1010.3,42,122,12.8,1.4,1123.2
54401,2019-10-13 22:21:00,24.2,1011.3,32,100,10.4,0.9,1177.0
54405,2019-10-13 22:21:00,10.0,1014.1,21,263,6.7,0.3,1088.5
54423,2019-10-13 22:21:00,13.9,1011.9,19,326,6.9,0.6,1260.4
54429,2019-10-13 22:21:00,24.4,1007.0,68,200,14.0,0.1,1441.2
54436,2019-10-13 22:21:00,16.4,1011.6,21,281,4.9,0.4,1223.0
54449,2019-10-13 22:21:00,6.7,1017.7,59,77,4.4,1.0,1211.7
54518,2019-10-13 22:21:00,16.2,1024.2,96,345,5.6,1.4,1222.5
54534,2019-10-13 22:21:00,10.4,1014.4,51,166,9.6,1.3,1013.5
54535,2019-10-13 22:21:00,13.8,1004.5,2,219,4.3,1.3,1044.4
54539,2019-10-13 22:21:00,15.7,1019.5,27,350,4.3,0.8,1288.0
54602,2019-10-13 22:21:00,0.7,1006.1,73,212,3.4,0.0,1041.7
54606,2019-10-13 22:21:00,12.7,1010.4,82,268,9.0,1.1,1100.2
54618,2019-10-13 22:21:00,3.7,1019.9,34,317,13.7,1.0,1108.3
54624,2019-10-13 22:21:00,6.9,1022.9,70,107,8.5,1.5,1268.7
54705,2019-10-13 22:21:00,23.7,1020.8,71,199,10.2,1.4,1084.4
53898,2019-10-13 22:21:00,24.1,1015.7,34,8,9.8,1.4,1347.8
53986,2019-10-13 22:21:00,23.7,1010.4,96,149,0.5,0.8,1141.4
57051,2019-10-13 22:21:00,32.5,1014.6,96,285,12.5,0.1,1180.8
57067,2019-10-13 22:21:00,16.6,1013.4,83,322,14.8,0.0,1419.4
57071,2019-10-13 22:21:00,11.2,1024.2,38,108,6.1,0.6,1246.0
57077,2019-10-13 22:21:00,11.0,1018.8,70,32,13.9,0.8,1470.9
57083,2019-10-13 22:21:00,30.0,1009.6,93,39,1.4,0.3,1472.6
57084,2019-10-13 22:21:00,11.9,1005.1,21,214,7.1,1.5,1103.4
57089,2019-10-13 22:21:00,23.5,1020.2,63,311,0.4,1.5,1211.5
57091,2019-10-13 22:21:00,7.6,1011.1,80,150,1.1,0.0,1474.9
57156,2019-10-13 22:21:00,14.5,1013.1,21,76,6.2,0.4,1143.9
57178,2019-10-13 22:21:00,26.6,1004.8,4,350,1.0,1.2,1336.0
57181,2019-10-13 22:21:00,10.5,1012.4,73,142,8.6,1.4,1144.1
57193,2019-10-13 22:21:00,23.9,1010.0,37,133,0.8,1.5,1294.2
57285,2019-10-13 22:21:00,26.5,1003.8,30,273,13.4,0.5,1042.9
57290,2019-10-13 22:21:00,2.4,1013.5,10,227,6.9,0.1,1162.1
57297,2019-10-13 22:21:00,18.1,1010.1,74,70,2.0,0.2,1138.3
58005,2019-10-13 22:21:00,13.1,1024.7,90,323,12.0,0.1,1118.9
58111,2019-10-13 22:21:00,20.0,1016.2,64,140,11.0,0.5,1132.5
58208,2019-10-13 22:21:00,8.4,1013.9,96,306,6.2,0.5,1282.5
50136,2019-10-13 22:21:00,33.5,1019.9,24,210,1.5,1.2,1219.2
50246,2019-10-13 22:21:00,25.2,1000.6,37,5,3.1,0.5,1453.9
50247,2019-10-13 22:21:00,1.9,1019.0,70,181,9.4,0.5,1473.8
50349,2019-10-13 22:21:00,0.5,1014.3,60,224,7.4,1.0,1327.6
50353,2019-10-13 22:21:00,17.5,1001.3,28,357,3.7,0.6,1404.2
50442,2019-10-13 22:21:00,2.3,1025.4,52,131,14.7,1.1,1343.5
50468,2019-10-13 22:21:00,17.8,1002.7,43,141,1.4,0.3,1163.4
50557,2019-10-13 22:21:00,16.4,1007.6,49,268,12.6,1.1,1351.1
50564,2019-10-13 22:21:00,14.5,1008.1,79,239,3.1,1.3,1461.8
50656,2019-10-13 22:21:00,28.8,1003.1,41,75,10.7,1.2,1030.0
50658,2019-10-13 22:21:00,29.0,1021.9,57,73,9.4,0.2,1294.4
50674,2019-10-13 22:21:00,10.3,1002.6,30,51,11.0,0.6,1311.3
50739,2019-10-13 22:21:00,11.0,1005.4,16,39,10.5,0.1,1458.5
50742,2019-10-13 22:21:00,23.6,1015.1,93,288,10.7,0.0,1495.6
50745,2019-10-13 22:21:00,13.0,1012.9,51,130,0.6,1.0,1042.8
50756,2019-10-13 22:21:00,6.8,1014.8,71,162,2.0,0.3,1465.4
50758,2019-10-13 22:21:00,3.2,1018.3,26,320,12.3,0.9,1215.4
50774,2019-10-13 22:21:00,16.8,1000.3,44,215,8.9,0.3,1237.5
50778,2019-10-13 22:21:00,26.3,1010.2,60,94,4.4,0.5,1024.0
50788,2019-10-13 22:21:00,0.9,1002.5,41,104,2.8,0.6,1153.8
50844,2019-10-13 22:21:00,33.4,1012.9,53,94,4.7,0.6,1161.5
50853,2019-10-13 22:21:00,20.4,1023.8,68,121,6.1,0.6,1355.9
50854,2019-10-13 22:21:00,16.4,1005.0,45,31,11.4,1.1,1135.7
50862,2019-10-13 22:21:00,18.0,1002.9,4,304,13.6,0.3,1011.1
50873,2019-10-13 22:21:00,24.1,1020.1,88,339,12.2,1.1,1423.5
50877,2019-10-13 22:21:00,33.8,1012.4,10,174,4.4,0.0,1001.6
50888,2019-10-13 22:21:00,16.7,1008.8,16,61,3.5,1.5,1135.3
50950,2019-10-13 22:21:00,23.1,1014.2,83,232,12.9,0.1,1280.1
50953,2019-10-13 22:21:00,12.7,1025.1,98,152,8.9,0.4,1111.7
50955,2019-10-13 22:21:00,0.1,1009.5,59,42,14.7,0.7,1018.6
50963,2019-10-13 22:21:00,2.7,1012.5,24,131,3.5,1.5,1021.9
50968,2019-10-13 22:21:00,18.1,1020.8,30,151,6.3,0.7,1361.2
50973,2019-10-13 22:21:00,6.1,1013.4,13,231,8.2,0.1,1487.9
50978,2019-10-13 22:21:00,16.8,1004.2,1,232,7.4,1.0,1102.2
50983,2019-10-13 22:21:00,30.3,1004.2,96,7,12.4,0.2,1268.5
54094,2019-10-13 22:21:00,18.3,1023.4,84,281,11.0,0.0,1418.8
54096,2019-10-13 22:21:00,25.1,1024.2,89,229,7.6,0.0,1292.3
57251,2019-10-13 22:21:00,14.7,1024.8,77,43,11.2,0.0,1248.0
57256,2019-10-13 22:21:00,0.1,1011.1,35,152,6.5,0.1,1388.6
57259,2019-10-13 22:21:00,9.9,1004.9,50,280,10.9,0.4,1301.5
57265,2019-10-13 22:21:00,20.4,1017.3,87,174,7.6,1.0,1379.9
57278,2019-10-13 22:21:00,21.3,1003.8,44,235,9.1,1.2,1160.1
57279,2019-10-13 22:21:00,18.6,1009.8,67,43,13.5,0.8,1488.8
57355,2019-10-13 22:21:00,27.5,1015.6,39,22,13.0,1.2,1272.1
57358,2019-10-13 22:21:00,18.6,1001.9,29,30,7.3,1.0,1138.4
57359,2019-10-13 22:21:00,19.2,1008.5,20,45,6.8,0.7,1174.8
57363,2019-10-13 22:21:00,12.7,1020.7,24,106,8.5,0.1,1084.6
57378,2019-10-13 22:21:00,14.0,1011.8,70,353,12.4,0.3,1061.6
57381,2019-10-13 22:21:00,27.6,1000.4,62,200,7.4,0.5,1480.8
57395,2019-10-13 22:21:00,7.3,1019.5,68,310,14.5,1.0,1062.0
57399,2019-10-13 22:21:00,17.1,1016.3,81,26,9.2,1.1,1362.8
57439,2019-10-13 22:21:00,34.6,1001.6,7,90,3.9,1.1,1183.3
57445,2019-10-13 22:21:00,34.1,1005.1,95,93,8.8,0.0,1030.5
57447,2019-10-13 22:21:00,28.6,1024.2,37,195,5.3,0.7,1335.6
57458,2019-10-13 22:21:00,28.0,1002.3,25,306,9.9,0.8,1323.6
57461,2019-10-13 22:21:00,24.5,1025.6,38,211,10.7,0.3,1445.8
57476,2019-10-13 22:21:00,5.6,1013.7,50,323,11.0,1.2,1293.4
57482,2019-10-13 22:21:00,6.7,1007.2,11,344,10.1,0.2,1434.0
57483,2019-10-13 22:21:00,0.5,1008.1,97,7,14.7,0.1,1006.1
57493,2019-10-13 22:21:00,33.0,1021.9,66,69,14.3,0.6,1338.9
57494,2019-10-13 22:21:00,9.7,1002.4,36,89,7.3,0.0,1124.3
57545,2019-10-13 22:21:00,17.0,1007.7,2,246,13.6,0.4,1375.0
57573,2019-10-13 22:21:00,29.8,1010.5,83,24,11.2,0.7,1188.2
57581,2019-10-13 22:21:00,8.0,1018.9,77,129,8.5,0.6,1043.5
57583,2019-10-13 22:21:00,31.5,1009.8,12,51,0.0,0.6,1179.1
57595,2019-10-13 22:21:00,19.4,1006.0,97,121,1.7,0.6,1370.4
58402,2019-10-13 22:21:00,29.3,1010.7,52,294,2.2,0.9,1438.3
58407,2019-10-13 22:21:00,14.7,1012.1,43,227,7.2,1.4,1234.8
58500,2019-10-13 22:21:00,11.1,1023.9,8,48,1.5,0.2,1334.9
57554,2019-10-13 22:21:00,24.7,1025.2,4,252,10.2,0.8,1384.2
57562,2019-10-13 22:21:00,23.4,1020.5,55,167,6.4,1.3,1442.4
57574,2019-10-13 22:21:00,10.1,1012.2,13,33,6.1,0.2,1480.6
57584,2019-10-13 22:21:00,16.1,1018.6,82,65,14.3,1.2,1079.9
57642,2019-10-13 22:21:00,28.2,1014.8,10,277,7.5,0.5,1235.9
57649,2019-10-13 22:21:00,13.0,1001.7,76,131,1.9,1.3,1051.1
57655,2019-10-13 22:21:00,17.6,1016.8,53,259,13.3,1.2,1406.4
57662,2019-10-13 22:21:00,4.5,1003.9,18,71,0.2,0.2,1304.8
57669,2019-10-13 22:21:00,11.9,1002.8,68,257,14.6,0.8,1208.2
57671,2019-10-13 22:21:00,4.3,1016.8,57,83,1.2,1.5,1400.0
57673,2019-10-13 22:21:00,14.5,1022.5,86,256,5.3,0.1,1438.7
57679,2019-10-13 22:21:00,6.7,1017.2,33,184,8.3,0.1,1238.7
57682,2019-10-13 22:21:00,5.5,1022.6,50,13,13.9,1.2,1316.3
57687,2019-10-13 22:21:00,19.4,1014.9,78,282,4.0,0.5,1104.4
57745,2019-10-13 22:21:00,31.3,1001.3,25,234,3.3,0.5,1258.8
57749,2019-10-13 22:21:00,34.6,1025.5,91,17,10.9,0.7,1161.2
57752,2019-10-13 22:21:00,21.6,1020.6,83,127,2.8,0.3,1391.5
57758,2019-10-13 22:21:00,20.7,1007.2,56,219,9.3,0.8,1319.6
57761,2019-10-13 22:21:00,10.4,1017.6,92,58,8.9,1.5,1080.0
57766,2019-10-13 22:21:00,34.9,1000.6,27,164,7.6,1.3,1337.4
57774,2019-10-13 22:21:00,32.1,1010.7,56,339,11.8,0.9,1293.5
57776,2019-10-13 22:21:00,19.7,1020.0,72,126,1.9,0.2,1262.3
57779,2019-10-13 22:21:00,9.2,1015.7,52,268,8.3,1.0,1333.6
57780,2019-10-13 22:21:00,26.2,1004.2,63,339,13.5,0.9,1085.1
57841,2019-10-13 22:21:00,3.8,1006.8,58,260,5.0,0.4,1350.3
57845,2019-10-13 22:21:00,21.6,1007.4,38,135,2.4,0.8,1351.4
57853,2019-10-13 22:21:00,6.3,1007.6,11,29,4.8,0.5,1001.0
57857,2019-10-13 22:21:00,5.9,1017.5,1,356,6.4,1.0,1259.7
57860,2019-10-13 22:21:00,12.4,1018.8,72,124,1.1,1.2,1425.1
57866,2019-10-13 22:21:00,12.2,1006.4,96,42,10.0,0.1,1464.8
57872,2019-10-13 22:21:00,19.5,1003.6,35,303,12.8,0.4,1491.7
57874,2019-10-13 22:21:00,30.3,1003.5,46,300,1.5,1.3,1449.1
57889,2019-10-13 22:21:00,18.0,1004.8,24,151,1.3,1.4,1405.4
57965,2019-10-13 22:21:00,35.0,1009.4,13,40,12.1,0.4,1457.3
57972,2019-10-13 22:21:00,33.3,1019.8,24,202,3.6,0.9,1110.9
57974,2019-10-13 22:21:00,12.3,1009.1,62,355,6.6,0.3,1003.2
50936,2019-10-13 22:21:00,26.8,1007.9,76,115,1.4,1.4,1473.2
50945,2019-10-13 22:21:00,30.1,1024.0,48,345,7.1,0.3,1011.8
50948,2019-10-13 22:21:00,8.2,1012.4,21,180,11.4,1.5,1401.2
50949,2019-10-13 22:21:00,27.4,1024.8,1,37,5.9,0.5,1097.4
54041,2019-10-13 22:21:00,9.0,1011.7,20,160,12.7,1.4,1333.9
54049,2019-10-13 22:21:00,9.3,1021.5,76,221,4.2,1.4,1339.0
54063,2019-10-13 22:21:00,20.0,1004.0,25,20,0.7,0.4,1265.7
54064,2019-10-13 22:21:00,27.4,1024.6,3,152,4.6,1.4,1242.2
54142,2019-10-13 22:21:00,8.2,1023.3,3,154,14.0,1.4,1080.5
54157,2019-10-13 22:21:00,16.3,1026.3,24,183,11.5,0.6,1470.9
54161,2019-10-13 22:21:00,34.3,1025.1,64,173,6.1,1.1,1387.1
54165,2019-10-13 22:21:00,10.7,1000.0,14,220,12.8,0.7,1030.9
54171,2019-10-13 22:21:00,26.2,1011.7,55,234,4.2,0.9,1302.9
54181,2019-10-13 22:21:00,13.4,1022.6,17,44,0.1,1.5,1239.9
54186,2019-10-13 22:21:00,21.1,1003.3,52,48,11.9,1.0,1080.0
54195,2019-10-13 22:21:00,13.9,1013.0,35,301,9.0,0.7,1225.9
54260,2019-10-13 22:21:00,30.1,1018.2,58,86,13.9,0.8,1080.1
54263,2019-10-13 22:21:00,30.1,1011.4,2,325,0.2,0.5,1312.3
54266,2019-10-13 22:21:00,3.4,1016.2,89,216,0.7,0.4,1128.2
54273,2019-10-13 22:21:00,32.8,1001.6,7,81,11.2,1.3,1208.4
54276,2019-10-13 22:21:00,25.1,1005.2,8,255,0.9,0.4,1018.3
54284,2019-10-13 22:21:00,28.4,1023.1,7,223,14.7,1.1,1477.7
54285,2019-10-13 22:21:00,29.0,1005.1,23,17,9.3,0.3,1227.3
54286,2019-10-13 22:21:00,5.7,1006.6,39,241,10.9,0.1,1256.9
54292,2019-10-13 22:21:00,18.8,1015.5,57,258,8.2,1.5,1468.3
54363,2019-10-13 22:21:00,8.4,1003.0,28,134,5.6,0.5,1163.9
54374,2019-10-13 22:21:00,0.9,1005.9,80,315,2.5,0.1,1000.9
54377,2019-10-13 22:21:00,17.7,1019.4,99,54,11.5,0.0,1042.7
54386,2019-10-13 22:21:00,23.2,1025.5,51,258,7.7,1.0,1031.5
58026,2019-10-13 22:21:00,14.6,1022.4,83,176,0.4,0.5,1451.0
58027,2019-10-13 22:21:00,6.7,1021.6,81,308,4.2,1.5,1365.5
58038,2019-10-13 22:21:00,15.5,1019.5,41,51,2.9,0.2,1413.1
58040,2019-10-13 22:21:00,15.5,1021.9,73,234,11.6,1.0,1421.0
58047,2019-10-13 22:21:00,16.8,1018.1,2,278,10.5,0.7,1372.4
58130,2019-10-13 22:21:00,30.1,1016.1,17,123,14.2,0.1,1408.6
58135,2019-10-13 22:21:00,14.6,1019.5,69,236,12.5,1.2,1493.1
58138,2019-10-13 22:21:00,7.4,1015.6,65,112,13.0,0.9,1094.3
58141,2019-10-13 22:21:00,14.2,1016.6,51,274,14.2,1.5,1287.7
58143,2019-10-13 22:21:00,30.5,1023.0,19,100,8.6,0.3,1386.9
58150,2019-10-13 22:21:00,0.7,1014.4,29,217,9.4,0.0,1389.7
58158,2019-10-13 22:21:00,33.4,1015.3,74,165,5.9,1.3,1363.5
58238,2019-10-13 22:21:00,2.8,1014.1,8,180,8.8,0.5,1252.2
58241,2019-10-13 22:21:00,34.2,1020.0,92,162,5.5,1.3,1176.6
58251,2019-10-13 22:21:00,2.8,1009.9,79,62,12.8,0.6,1411.7
58252,2019-10-13 22:21:00,15.4,1009.1,18,135,11.5,1.0,1280.8
58255,2019-10-13 22:21:00,18.3,1011.9,2,356,0.6,0.0,1317.4
58259,2019-10-13 22:21:00,24.7,1023.7,47,218,8.2,1.3,1050.7
58265,2019-10-13 22:21:00,2.7,1019.2,8,332,9.3,0.1,1219.2
58343,2019-10-13 22:21:00,24.6,1016.6,99,137,10.2,1.5,1410.0
58345,2019-10-13 22:21:00,12.4,1025.2,65,272,3.6,0.5,1475.7
58354,2019-10-13 22:21:00,31.5,1002.5,69,38,4.4,1.0,1156.0
58356,2019-10-13 22:21:00,22.1,1007.4,82,219,0.1,0.8,1263.0
58358,2019-10-13 22:21:00,30.4,1009.1,58,278,12.2,0.3,1333.7
57598,2019-10-13 22:21:00,14.9,1010.4,60,202,13.1,0.3,1431.8
57696,2019-10-13 22:21:00,11.1,1021.5,99,82,11.5,1.0,1441.2
57789,2019-10-13 22:21:00,14.6,1017.2,23,61,8.6,0.7,1445.6
57793,2019-10-13 22:21:00,28.9,1024.4,12,286,7.0,0.0,1300.6
57799,2019-10-13 22:21:00,34.0,1001.8,73,100,0.2,0.3,1389.4
57894,2019-10-13 22:21:00,15.0,1018.7,1,54,14.7,1.4,1259.1
57896,2019-10-13 22:21:00,11.4,1009.6,22,197,10.1,1.1,1004.2
57993,2019-10-13 22:21:00,12.5,1022.1,31,161,4.5,0.1,1466.5
58506,2019-10-13 22:21:00,3.8,1004.5,72,81,9.3,0.7,1369.1
58507,2019-10-13 22:21:00,27.4,1007.2,97,334,3.4,0.4,1468.5
58519,2019-10-13 22:21:00,24.2,1003.9,61,158,11.7,1.4,1371.9
58527,2019-10-13 22:21:00,34.1,1020.9,98,330,8.0,1.5,1325.7
58600,2019-10-13 22:21:00,2.1,1010.2,59,284,8.8,0.5,1317.7
58606,2019-10-13 22:21:00,29.9,1021.4,92,283,0.6,1.5,1117.5
58608,2019-10-13 22:21:00,8.3,1011.2,10,235,8.8,0.2,1065.6
58622,2019-10-13 22:21:00,23.9,1024.4,6,146,3.5,0.3,1052.1
58626,2019-10-13 22:21:00,20.1,1000.7,80,285,5.5,0.9,1399.1
58634,2019-10-13 22:21:00,6.3,1003.6,100,308,0.0,0.2,1386.2
58637,2019-10-13 22:21:00,16.3,1001.9,82,262,1.9,1.5,1407.7
58705,2019-10-13 22:21:00,18.2,1000.3,56,5,6.9,0.1,1497.3
58715,2019-10-13 22:21:00,3.2,1018.6,29,152,4.8,1.2,1131.8
58718,2019-10-13 22:21:00,0.5,1010.4,13,230,7.0,1.5,1181.7
58806,2019-10-13 22:21:00,6.5,1005.6,44,172,8.7,1.2,1314.0
58813,2019-10-13 22:21:00,15.1,1026.2,65,116,8.0,1.5,1279.1
59092,2019-10-13 22:21:00,10.1,1021.7,26,96,0.0,1.4,1213.6
59102,2019-10-13 22:21:00,22.3,1020.9,51,84,11.5,0.6,1420.9
54236,2019-10-13 22:21:00,19.5,1016.8,87,60,8.6,0.9,1016.2
54237,2019-10-13 22:21:00,3.5,1022.3,80,212,7.1,0.7,1151.1
54243,2019-10-13 22:21:00,11.0,1021.7,34,203,0.1,0.3,1096.3
54254,2019-10-13 22:21:00,19.4,1011.0,92,111,3.1,1.0,1014.5
54259,2019-10-13 22:21:00,18.8,1004.8,63,174,3.8,1.2,1306.4
54324,2019-10-13 22:21:00,14.5,1000.4,41,170,13.3,0.7,1394.6
54326,2019-10-13 22:21:00,2.8,1005.7,83,129,13.6,1.5,1020.7
54333,2019-10-13 22:21:00,27.5,1007.6,76,289,14.1,0.3,1252.2
54334,2019-10-13 22:21:00,10.9,1005.1,1,289,11.9,1.0,1325.9
54335,2019-10-13 22:21:00,32.6,1015.0,51,282,4.6,0.6,1335.4
54337,2019-10-13 22:21:00,25.5,1000.1,67,67,13.3,0.0,1214.8
54339,2019-10-13 22:21:00,1.7,1008.8,66,128,9.4,0.9,1485.9
54342,2019-10-13 22:21:00,31.8,1015.0,43,220,12.3,0.6,1239.1
54346,2019-10-13 22:21:00,34.1,1012.6,86,242,7.8,1.5,1188.8
54349,2019-10-13 22:21:00,14.8,1010.0,22,116,4.8,0.4,1230.5
54351,2019-10-13 22:21:00,29.5,1008.0,97,292,6.0,1.4,1216.1
54353,2019-10-13 22:21:00,26.6,1016.3,63,53,6.5,0.9,1238.6
54365,2019-10-13 22:21:00,19.7,1022.3,88,122,1.6,0.4,1487.4
54452,2019-10-13 22:21:00,7.3,1013.3,23,301,14.5,0.3,1091.9
54454,2019-10-13 22:21:00,2.5,1014.8,25,246,7.6,0.5,1211.0
54455,2019-10-13 22:21:00,29.2,1005.8,44,223,8.8,0.5,1460.3
54470,2019-10-13 22:21:00,31.6,1024.4,95,153,11.8,0.5,1398.7
54471,2019-10-13 22:21:00,13.4,1020.9,13,71,7.2,0.2,1181.2
54472,2019-10-13 22:21:00,18.6,1000.7,82,283,11.7,0.5,1488.9
54476,2019-10-13 22:21:00,22.9,1015.0,21,322,1.3,1.1,1224.0
54486,2019-10-13 22:21:00,2.4,1013.6,15,268,8.5,1.2,1099.5
54493,2019-10-13 22:21:00,13.5,1002.3,34,52,5.4,0.1,1039.0
54497,2019-10-13 22:21:00,25.3,1019.9,28,268,11.6,0.4,1126.3
54563,2019-10-13 22:21:00,9.6,1014.9,55,81,10.0,0.6,1489.1
54579,2019-10-13 22:21:00,34.2,1015.0,89,169,11.3,0.2,1492.3
54584,2019-10-13 22:21:00,14.8,1014.9,36,176,10.9,0.4,1441.9
54660,2019-10-13 22:21:00,21.1,1012.0,24,312,14.9,0.6,1218.2
54662,2019-10-13 22:21:00,12.2,1023.2,5,235,13.1,1.4,1459.4
50425,2019-10-13 22:21:00,6.3,1005.0,100,217,7.7,0.3,1054.9
50434,2019-10-13 22:21:00,23.8,1025.9,100,260,5.8,1.0,1214.0
50514,2019-10-13 22:21:00,10.9,1000.4,97,293,2.2,0.7,1240.6
50527,2019-10-13 22:21:00,31.9,1025.1,19,1,3.3,0.6,1078.0
50548,2019-10-13 22:21:00,6.9,1012.8,85,186,11.8,1.5,1081.5
50603,2019-10-13 22:21:00,6.3,1017.9,66,227,11.8,1.3,1283.3
50618,2019-10-13 22:21:00,17.2,1020.6,77,209,10.8,1.2,1149.3
50632,2019-10-13 22:21:00,20.5,1017.9,13,135,6.5,0.6,1122.6
50639,2019-10-13 22:21:00,29.7,1014.9,97,204,8.7,1.2,1244.0
50727,2019-10-13 22:21:00,24.2,1012.0,11,204,9.0,1.5,1399.8
50834,2019-10-13 22:21:00,8.6,1000.5,20,339,4.4,0.3,1166.5
50838,2019-10-13 22:21:00,25.7,1024.4,76,244,1.5,1.5,1483.4
50915,2019-10-13 22:21:00,31.8,1024.9,89,30,12.5,0.8,1486.1
50924,2019-10-13 22:21:00,6.9,1010.2,61,102,3.4,1.0,1161.5
52267,2019-10-13 22:21:00,31.6,1015.3,71,77,14.0,0.1,1352.2
52495,2019-10-13 22:21:00,4.9,1000.3,70,268,11.0,0.0,1484.8
52576,2019-10-13 22:21:00,29.3,1015.8,17,348,5.4,0.8,1220.6
53068,2019-10-13 22:21:00,26.6,1017.2,89,144,11.1,0.5,1429.1
53083,2019-10-13 22:21:00,17.6,1005.6,47,292,7.1,0.4,1334.5
53149,2019-10-13 22:21:00,12.2,1001.5,39,178,4.8,1.5,1438.4
53192,2019-10-13 22:21:00,24.0,1012.0,64,246,14.0,1.1,1118.6
53195,2019-10-13 22:21:00,29.4,1023.7,38,335,13.2,0.9,1492.7
53276,2019-10-13 22:21:00,11.1,1019.9,92,359,14.8,0.9,1118.4
53336,2019-10-13 22:21:00,31.9,1021.5,74,63,11.7,1.5,1444.9
53352,2019-10-13 22:21:00,32.2,1012.7,74,308,7.9,0.8,1446.1
53362,2019-10-13 22:21:00,7.5,1014.0,14,45,5.9,0.2,1133.6
53367,2019-10-13 22:21:00,8.0,1024.5,66,37,0.2,1.2,1210.7
53391,2019-10-13 22:21:00,34.9,1014.0,93,263,10.2,0.6,1074.5
53446,2019-10-13 22:21:00,14.8,1012.1,94,108,0.4,1.0,1378.8
53463,2019-10-13 22:21:00,3.6,1014.1,84,85,2.8,0.8,1078.5
53480,2019-10-13 22:21:00,6.1,1002.1,68,121,7.3,0.4,1010.1
53502,2019-10-13 22:21:00,17.4,1010.8,100,127,13.5,1.1,1474.2
53513,2019-10-13 22:21:00,26.2,1019.9,63,158,4.3,0.7,1220.1
53529,2019-10-13 22:21:00,6.6,1008.0,63,84,3.3,0.5,1338.3
53543,2019-10-13 22:21:00,14.6,1000.3,65,232,14.1,0.3,1155.1
53547,2019-10-13 22:21:00,10.1,1005.6,57,12,5.6,0.3,1201.2
53602,2019-10-13 22:21:00,19.5,1009.8,24,70,11.0,0.9,1109.5
54012,2019-10-13 22:21:00,30.0,1009.4,35,42,12.1,0.8,1415.8
54026,2019-10-13 22:21:00,11.8,1003.1,81,118,8.9,1.2,1417.3
54027,2019-10-13 22:21:00,17.5,1007.4,9,168,14.5,0.8,1325.2
54102,2019-10-13 22:21:00,22.6,1026.1,13,86,6.9,1.1,1236.7
54115,2019-10-13 22:21:00,16.4,1001.4,65,264,12.0,1.4,1204.3
54134,2019-10-13 22:21:00,2.2,1016.0,26,58,9.6,0.9,1378.9
54135,2019-10-13 22:21:00,20.8,1019.1,92,131,3.0,0.7,1498.3
54208,2019-10-13 22:21:00,11.3,1015.0,64,220,13.8,0.0,1423.6
54213,2019-10-13 22:21:00,13.2,1018.0,55,349,9.2,0.6,1467.5
54218,2019-10-13 22:21:00,17.9,1010.7,13,146,12.2,0.1,1407.8
54226,2019-10-13 22:21:00,34.8,1019.7,25,7,14.5,1.1,1079.0
53519,2019-10-13 22:21:00,25.0,1014.1,2,343,8.3,0.4,1205.5
53612,2019-10-13 22:21:00,2.3,1019.2,62,271,6.0,0.3,1195.6
53614,2019-10-13 22:21:00,2.9,1010.2,46,244,10.9,0.9,1375.4
53615,2019-10-13 22:21:00,21.4,1022.1,79,263,4.0,1.5,1183.1
53704,2019-10-13 22:21:00,3.5,1024.8,93,23,3.7,1.3,1490.5
53705,2019-10-13 22:21:00,28.8,1024.1,3,42,5.6,0.7,1458.6
53723,2019-10-13 22:21:00,8.0,1014.8,98,118,12.0,1.4,1035.1
53806,2019-10-13 22:21:00,13.2,1010.4,58,274,5.0,1.1,1233.2
53810,2019-10-13 22:21:00,13.7,1010.0,32,170,1.1,1.5,1126.4
53817,2019-10-13 22:21:00,30.6,1007.0,61,288,8.3,1.0,1265.0
53903,2019-10-13 22:21:00,19.0,1020.9,88,225,11.4,0.8,1449.3
53910,2019-10-13 22:21:00,23.3,1004.9,11,59,8.3,0.3,1429.1
51886,2019-10-13 22:21:00,20.0,1007.6,55,200,14.7,0.5,1305.6
52602,2019-10-13 22:21:00,24.0,1007.5,5,168,8.2,1.2,1493.2
52633,2019-10-13 22:21:00,25.8,1023.5,92,305,11.0,1.4,1166.2
52645,2019-10-13 22:21:00,6.9,1019.8,91,293,4.4,0.4,1233.9
52657,2019-10-13 22:21:00,10.4,1017.1,70,214,2.9,0.3,1112.1
52707,2019-10-13 22:21:00,8.1,1019.0,59,348,12.2,1.4,1473.1
52713,2019-10-13 22:21:00,5.4,1005.4,26,250,0.9,0.8,1448.6
52737,2019-10-13 22:21:00,14.7,1022.9,90,118,0.9,1.5,1357.1
52754,2019-10-13 22:21:00,27.2,1020.8,49,232,0.4,0.1,1367.6
52765,2019-10-13 22:21:00,15.5,1002.8,99,254,5.5,0.8,1097.5
52818,2019-10-13 22:21:00,0.8,1009.5,52,134,0.1,0.4,1483.7
52825,2019-10-13 22:21:00,24.8,1001.9,36,204,3.9,0.1,1422.3
52833,2019-10-13 22:21:00,2.2,1015.8,99,356,4.2,1.0,1222.4
52836,2019-10-13 22:21:00,13.7,1012.3,92,94,10.8,0.9,1303.1
52842,2019-10-13 22:21:00,4.5,1025.5,5,296,1.8,1.5,1041.0
52856,2019-10-13 22:21:00,22.9,1003.2,92,52,7.6,1.0,1022.7
52866,2019-10-13 22:21:00,4.4,1006.8,52,20,1.2,0.1,1191.8
52868,2019-10-13 22:21:00,24.3,1019.7,17,182,1.3,0.0,1390.1
52876,2019-10-13 22:21:00,13.9,1005.7,39,29,4.5,0.2,1266.8
52908,2019-10-13 22:21:00,26.7,1002.2,21,44,3.1,1.1,1080.8
52943,2019-10-13 22:21:00,9.4,1024.7,35,289,14.1,0.5,1261.9
52955,2019-10-13 22:21:00,19.5,1000.9,26,229,13.8,0.2,1240.6
52974,2019-10-13 22:21:00,10.6,1015.4,1,145,5.3,0.2,1294.3
56004,2019-10-13 22:21:00,26.0,1023.2,53,273,13.2,0.0,1319.5
56018,2019-10-13 22:21:00,29.3,1011.5,68,225,2.2,0.1,1347.0
56021,2019-10-13 22:21:00,31.7,1001.5,57,150,8.1,0.6,1007.3
56029,2019-10-13 22:21:00,10.0,1002.3,44,161,3.2,1.5,1422.8
56033,2019-10-13 22:21:00,6.1,1021.4,14,356,11.6,0.5,1245.6
56034,2019-10-13 22:21:00,5.4,1023.6,100,96,7.6,1.0,1154.2
56043,2019-10-13 22:21:00,6.3,1017.4,49,66,1.2,1.3,1050.1
56046,2019-10-13 22:21:00,14.7,1001.9,69,335,11.7,0.3,1020.7
56065,2019-10-13 22:21:00,3.5,1002.9,88,114,9.0,0.4,1005.9
56067,2019-10-13 22:21:00,13.6,1008.9,73,199,1.0,0.7,1094.6
56125,2019-10-13 22:21:00,13.5,1007.5,70,199,6.1,1.3,1271.0
56151,2019-10-13 22:21:00,30.1,1007.4,94,287,11.5,1.3,1004.3
54715,2019-10-13 22:21:00,2.5,1026.4,72,13,12.9,1.1,1041.3
54725,2019-10-13 22:21:00,5.2,1014.3,91,170,13.3,1.0,1199.0
54727,2019-10-13 22:21:00,3.3,1023.3,18,214,7.8,0.2,1353.9
54744,2019-10-13 22:21:00,23.5,1026.3,31,265,3.2,0.7,1030.3
54751,2019-10-13 22:21:00,9.5,1006.2,67,192,6.1,0.6,1200.3
54753,2019-10-13 22:21:00,24.5,1009.6,87,64,6.6,0.4,1146.2
54764,2019-10-13 22:21:00,7.1,1021.8,37,177,13.1,0.6,1043.1
54774,2019-10-13 22:21:00,34.5,1004.4,57,182,0.2,0.2,1228.6
54776,2019-10-13 22:21:00,6.6,1008.8,52,107,10.2,0.6,1115.2
54808,2019-10-13 22:21:00,17.4,1009.2,38,68,1.5,1.5,1139.3
54823,2019-10-13 22:21:00,22.5,1008.6,72,63,9.9,1.1,1337.6
54826,2019-10-13 22:21:00,28.8,1011.7,16,273,6.2,1.1,1231.8
54836,2019-10-13 22:21:00,8.5,1015.6,16,293,2.4,1.4,1150.7
54842,2019-10-13 22:21:00,16.1,1011.6,65,65,4.8,0.5,1020.3
54843,2019-10-13 22:21:00,2.1,1018.9,31,227,13.5,0.1,1084.5
54857,2019-10-13 22:21:00,5.5,1015.4,63,208,13.2,0.9,1190.3
54863,2019-10-13 22:21:00,27.8,1018.2,9,10,11.3,1.5,1026.3
54909,2019-10-13 22:21:00,14.1,1016.2,57,68,8.0,1.2,1361.9
54916,2019-10-13 22:21:00,6.1,1007.4,20,296,0.5,1.3,1422.3
54929,2019-10-13 22:21:00,30.3,1011.1,26,268,12.0,0.7,1484.7
54936,2019-10-13 22:21:00,21.3,1005.8,10,48,2.2,1.3,1112.5
54945,2019-10-13 22:21:00,21.7,1018.5,28,197,8.9,1.1,1119.3
58034,2019-10-13 22:21:00,16.1,1019.8,64,184,3.4,1.0,1075.5
53478,2019-10-13 22:21:00,30.6,1008.0,49,193,14.3,1.0,1032.0
53487,2019-10-13 22:21:00,24.2,1009.5,58,328,8.6,1.4,1416.8
53490,2019-10-13 22:21:00,27.1,1012.9,80,228,13.4,1.4,1166.2
53564,2019-10-13 22:21:00,13.1,1016.4,75,257,0.2,0.1,1197.2
53578,2019-10-13 22:21:00,21.0,1006.3,7,37,11.0,1.5,1447.2
53579,2019-10-13 22:21:00,33.1,1007.1,24,7,14.8,0.4,1443.0
53588,2019-10-13 22:21:00,32.2,1013.5,4,259,8.9,1.1,1373.0
53594,2019-10-13 22:21:00,2.4,1015.1,25,281,13.5,1.0,1113.0
53663,2019-10-13 22:21:00,30.3,1004.5,57,97,1.3,1.4,1128.9
53664,2019-10-13 22:21:00,28.3,1012.9,17,9,10.2,0.7,1068.8
53673,2019-10-13 22:21:00,32.6,1023.1,84,349,7.3,1.5,1186.2
53687,2019-10-13 22:21:00,17.3,1014.9,88,161,6.7,0.7,1067.4
53764,2019-10-13 22:21:00,27.6,1000.4,98,84,10.6,0.1,1103.7
53772,2019-10-13 22:21:00,30.0,1021.7,29,167,13.7,0.9,1406.8
53775,2019-10-13 22:21:00,15.5,1020.3,74,92,11.0,0.1,1076.4
53787,2019-10-13 22:21:00,8.2,1010.0,23,300,2.4,0.2,1231.0
53853,2019-10-13 22:21:00,29.9,1001.0,89,188,9.1,0.5,1309.7
53859,2019-10-13 22:21:00,17.9,1005.2,20,271,0.9,1.1,1314.4
53863,2019-10-13 22:21:00,31.4,1021.1,96,326,8.5,0.9,1350.3
53868,2019-10-13 22:21:00,24.4,1012.5,65,2,13.0,1.5,1159.7
53877,2019-10-13 22:21:00,4.7,1012.1,29,281,2.8,0.4,1258.2
53882,2019-10-13 22:21:00,30.3,1018.0,48,39,9.7,0.6,1028.9
53884,2019-10-13 22:21:00,13.4,1011.5,10,95,6.2,1.2,1177.5
53959,2019-10-13 22:21:00,3.7,1018.2,25,236,0.7,0.4,1460.4
53963,2019-10-13 22:21:00,8.7,1020.7,66,357,13.0,1.0,1231.9
53968,2019-10-13 22:21:00,2.4,1024.4,50,309,12.0,1.2,1219.7
53975,2019-10-13 22:21:00,11.9,1025.4,92,188,12.9,0.0,1296.0
57052,2019-10-13 22:21:00,18.9,1003.8,78,44,13.6,0.9,1451.1
53646,2019-10-13 22:21:00,7.4,1002.2,24,115,12.1,1.2,1305.8
53651,2019-10-13 22:21:00,22.2,1001.1,32,21,5.1,1.2,1089.8
53725,2019-10-13 22:21:00,18.4,1005.5,95,132,9.6,0.1,1073.5
53735,2019-10-13 22:21:00,20.6,1010.4,6,303,9.8,0.6,1245.7
53738,2019-10-13 22:21:00,3.9,1013.8,61,129,8.0,0.3,1293.5
53740,2019-10-13 22:21:00,5.2,1018.1,50,85,1.2,1.2,1315.8
53754,2019-10-13 22:21:00,31.5,1004.7,13,128,4.7,0.3,1429.0
53845,2019-10-13 22:21:00,19.0,1008.4,55,234,13.4,0.3,1347.4
53854,2019-10-13 22:21:00,16.4,1019.5,18,68,8.3,1.0,1168.2
53929,2019-10-13 22:21:00,1.1,1012.5,15,71,9.1,0.7,1352.5
53942,2019-10-13 22:21:00,23.7,1020.2,48,271,6.4,1.1,1075.1
53948,2019-10-13 22:21:00,4.0,1024.3,42,210,11.5,0.3,1262.5
53955,2019-10-13 22:21:00,16.5,1020.1,34,293,0.3,0.3,1212.3
57003,2019-10-13 22:21:00,6.6,1021.8,3,264,14.8,0.8,1243.5
57025,2019-10-13 22:21:00,16.9,1006.1,5,28,7.9,1.1,1070.1
57028,2019-10-13 22:21:00,14.6,1022.9,80,157,8.5,0.8,1326.5
57030,2019-10-13 22:21:00,26.0,1000.4,4,81,2.7,0.1,1306.0
57034,2019-10-13 22:21:00,10.3,1004.7,40,50,12.7,0.5,1103.2
57037,2019-10-13 22:21:00,7.1,1023.5,55,139,14.1,0.6,1360.5
57046,2019-10-13 22:21:00,0.8,1022.3,40,56,2.7,1.4,1082.3
57048,2019-10-13 22:21:00,22.9,1026.3,94,12,6.4,0.0,1096.0
57049,2019-10-13 22:21:00,17.3,1002.9,52,85,8.1,0.2,1168.1
57106,2019-10-13 22:21:00,16.3,1024.9,74,26,9.4,1.1,1092.4
57124,2019-10-13 22:21:00,14.3,1022.7,26,260,5.0,0.0,1031.4
57127,2019-10-13 22:21:00,3.1,1002.9,54,62,7.9,0.6,1016.6
57131,2019-10-13 22:21:00,0.7,1022.9,73,108,13.8,0.4,1098.0
57134,2019-10-13 22:21:00,10.3,1000.1,13,300,5.0,0.9,1178.8
57140,2019-10-13 22:21:00,9.7,1003.7,77,304,0.6,0.1,1305.8
57143,2019-10-13 22:21:00,4.0,1005.9,25,179,5.3,0.1,1146.9
57144,2019-10-13 22:21:00,8.0,1002.3,93,141,2.7,0.5,1331.0
57154,2019-10-13 22:21:00,3.4,1020.6,39,189,10.7,1.0,1045.8
57211,2019-10-13 22:21:00,27.9,1012.4,41,106,0.8,1.2,1267.9
57232,2019-10-13 22:21:00,30.4,1013.8,39,56,14.2,0.6,1334.4
57238,2019-10-13 22:21:00,16.4,1014.7,53,163,2.2,0.9,1413.0
57245,2019-10-13 22:21:00,25.7,1001.2,38,318,0.3,0.3,1252.1
57343,2019-10-13 22:21:00,27.9,1002.9,31,124,6.8,0.6,1048.6
58362,2019-10-13 22:21:00,20.1,1009.6,74,136,6.4,0.8,1290.2
56038,2019-10-13 22:21:00,29.4,1020.1,92,357,11.8,1.5,1243.7
56079,2019-10-13 22:21:00,1.5,1019.5,9,173,5.2,0.9,1374.7
56144,2019-10-13 22:21:00,23.0,1007.2,73,292,5.3,1.4,1263.0
56146,2019-10-13 22:21:00,6.7,1026.4,80,122,11.7,0.1,1349.8
56152,2019-10-13 22:21:00,8.7,1017.7,75,343,14.3,0.5,1061.9
56167,2019-10-13 22:21:00,8.6,1000.8,93,108,5.3,0.4,1246.6
56172,2019-10-13 22:21:00,10.1,1010.7,67,257,12.1,1.4,1098.1
56173,2019-10-13 22:21:00,15.3,1016.0,39,227,11.6,1.3,1252.2
56178,2019-10-13 22:21:00,4.8,1010.5,1,288,13.9,0.3,1092.5
56182,2019-10-13 22:21:00,28.7,1013.2,64,229,5.5,1.5,1387.4
56187,2019-10-13 22:21:00,25.1,1016.5,12,71,5.2,0.1,1185.5
56188,2019-10-13 22:21:00,9.2,1025.5,79,227,5.7,0.4,1396.7
56196,2019-10-13 22:21:00,22.8,1019.5,97,220,5.6,1.3,1363.1
56247,2019-10-13 22:21:00,34.6,1003.9,92,102,11.8,0.6,1322.7
56251,2019-10-13 22:21:00,22.8,1002.4,42,297,11.6,0.0,1153.8
56257,2019-10-13 22:21:00,1.8,1007.7,97,153,9.9,0.6,1204.6
56287,2019-10-13 22:21:00,11.5,1003.9,39,233,13.0,0.7,1452.1
56357,2019-10-13 22:21:00,10.9,1024.9,74,275,5.8,1.2,1335.5
56374,2019-10-13 22:21:00,30.9,1008.2,54,42,8.3,0.2,1037.3
56385,2019-10-13 22:21:00,6.7,1013.6,100,119,3.3,0.4,1207.5
56386,2019-10-13 22:21:00,17.2,1000.6,5,123,7.1,0.6,1373.7
56459,2019-10-13 22:21:00,22.9,1019.9,22,93,1.3,1.0,1427.5
56462,2019-10-13 22:21:00,3.9,1000.2,51,322,8.6,0.8,1296.3
56475,2019-10-13 22:21:00,30.7,1011.0,49,158,10.1,1.1,1157.6
56479,2019-10-13 22:21:00,19.4,1005.4,2,169,12.6,0.1,1222.4
56485,2019-10-13 22:21:00,28.2,1005.0,42,232,12.9,0.2,1193.6
56492,2019-10-13 22:21:00,16.5,1024.1,26,348,12.5,0.8,1351.5
56565,2019-10-13 22:21:00,21.5,1007.7,80,171,8.2,1.1,1438.4
56571,2019-10-13 22:21:00,31.6,1011.8,92,130,13.0,1.3,1219.3
56666,2019-10-13 22:21:00,27.4,1020.5,5,295,5.2,0.9,1078.0
56671,2019-10-13 22:21:00,23.3,1010.1,57,227,7.2,0.9,1315.0
57206,2019-10-13 22:21:00,10.6,1013.6,71,312,14.3,0.1,1049.6
57237,2019-10-13 22:21:00,32.3,1021.0,50,252,11.0,1.3,1043.9
57306,2019-10-13 22:21:00,26.4,1024.8,27,248,3.8,0.2,1346.3
57313,2019-10-13 22:21:00,6.1,1021.9,15,355,4.0,0.2,1404.5
57314,2019-10-13 22:21:00,3.0,1001.6,2,107,6.9,1.1,1457.4
57328,2019-10-13 22:21:00,27.0,1025.9,27,123,5.4,0.4,1410.4
57405,2019-10-13 22:21:00,31.3,1016.1,90,307,10.9,1.5,1226.3
57411,2019-10-13 22:21:00,29.5,1020.2,12,50,12.8,1.0,1409.3
57503,2019-10-13 22:21:00,6.2,1025.0,72,146,5.8,0.9,1448.9
57604,2019-10-13 22:21:00,33.2,1008.8,85,213,12.5,0.6,1452.1
57608,2019-10-13 22:21:00,23.3,1008.5,44,148,6.3,1.2,1200.7
54525,2019-10-13 22:21:00,1.0,1022.0,65,34,4.9,0.7,1177.1
54527,2019-10-13 22:21:00,29.8,1009.0,35,189,10.8,0.5,1107.7
54623,2019-10-13 22:21:00,7.6,1011.2,93,84,8.3,1.2,1285.0
55228,2019-10-13 22:21:00,22.0,1011.5,26,109,3.3,0.0,1049.8
55248,2019-10-13 22:21:00,28.9,1022.8,95,343,10.5,1.4,1179.0
55279,2019-10-13 22:21:00,4.9,1011.7,14,264,9.5,1.5,1120.4
55294,2019-10-13 22:21:00,22.4,1018.0,25,91,8.7,0.8,1177.2
55299,2019-10-13 22:21:00,17.6,1022.6,6,250,3.9,1.1,1160.2
55437,2019-10-13 22:21:00,24.3,1025.6,59,100,5.4,0.4,1220.2
55472,2019-10-13 22:21:00,13.9,1016.4,93,216,10.3,1.0,1083.5
55493,2019-10-13 22:21:00,8.2,1008.0,91,115,11.0,0.2,1063.6
55569,2019-10-13 22:21:00,28.9,1018.3,96,112,12.9,0.0,1136.5
55578,2019-10-13 22:21:00,33.3,1011.0,24,322,3.7,0.5,1180.1
55585,2019-10-13 22:21:00,15.8,1020.2,11,145,10.3,0.7,1363.5
55591,2019-10-13 22:21:00,3.0,1015.6,26,329,6.6,0.7,1215.1
55598,2019-10-13 22:21:00,8.2,1017.7,44,299,6.7,1.0,1112.0
55655,2019-10-13 22:21:00,16.9,1023.1,7,267,7.6,0.1,1243.1
55664,2019-10-13 22:21:00,12.5,1008.7,77,309,10.1,1.5,1108.7
55680,2019-10-13 22:21:00,15.0,1019.7,88,125,0.3,0.8,1374.5
55681,2019-10-13 22:21:00,33.4,1005.2,91,290,11.6,0.6,1085.7
55690,2019-10-13 22:21:00,31.6,1010.4,86,251,6.7,1.5,1203.1
55696,2019-10-13 22:21:00,2.4,1001.5,13,39,3.9,0.0,1165.0
55773,2019-10-13 22:21:00,6.6,1011.7,35,97,1.9,0.1,1161.1
56106,2019-10-13 22:21:00,24.8,1016.3,89,158,2.2,1.5,1358.1
56116,2019-10-13 22:21:00,1.6,1012.7,83,35,4.1,0.7,1354.2
56137,2019-10-13 22:21:00,17.8,1011.7,10,155,8.9,0.9,1226.8
56202,2019-10-13 22:21:00,9.9,1015.1,36,30,14.1,0.9,1115.9
56223,2019-10-13 22:21:00,30.5,1025.8,83,347,13.3,0.2,1154.4
56227,2019-10-13 22:21:00,15.5,1009.3,38,315,2.0,1.5,1497.9
56312,2019-10-13 22:21:00,23.7,1000.2,29,125,5.7,0.1,1046.6
56331,2019-10-13 22:21:00,14.3,1018.2,47,35,12.6,0.1,1470.4
56434,2019-10-13 22:21:00,29.7,1015.5,18,179,10.0,0.7,1184.4
51053,2019-10-13 22:21:00,1.1,1009.6,56,290,2.5,0.1,1329.0
51059,2019-10-13 22:21:00,31.6,1021.8,8,301,6.1,1.5,1406.5
51060,2019-10-13 22:21:00,24.8,1026.2,19,256,4.1,1.3,1176.0
51068,2019-10-13 22:21:00,10.4,1010.5,42,284,10.7,0.6,1405.3
51076,2019-10-13 22:21:00,1.8,1021.7,35,162,3.1,1.4,1336.5
51087,2019-10-13 22:21:00,7.5,1000.2,18,355,10.5,0.4,1381.0
51133,2019-10-13 22:21:00,26.9,1017.9,56,58,14.3,0.6,1177.3
51156,2019-10-13 22:21:00,26.5,1009.1,52,224,9.3,0.4,1065.9
51186,2019-10-13 22:21:00,13.2,1001.6,57,258,11.0,0.3,1252.7
51232,2019-10-13 22:21:00,0.0,1002.0,34,129,12.2,1.1,1170.7
51238,2019-10-13 22:21:00,18.8,1013.9,75,78,4.3,0.1,1017.2
51241,2019-10-13 22:21:00,10.9,1007.7,44,33,14.8,0.2,1288.0
51243,2019-10-13 22:21:00,4.8,1010.7,70,135,14.0,1.0,1337.3
51288,2019-10-13 22:21:00,25.0,1014.1,59,114,5.6,0.0,1151.3
51330,2019-10-13 22:21:00,2.8,1002.7,53,277,2.8,0.6,1399.7
51334,2019-10-13 22:21:00,19.0,1019.5,93,182,11.7,0.7,1016.2
51346,2019-10-13 22:21:00,13.5,1019.2,17,102,11.9,1.4,1069.1
51358,2019-10-13 22:21:00,19.0,1001.9,15,141,13.5,0.5,1420.3
51365,2019-10-13 22:21:00,3.8,1010.7,52,1,11.6,0.3,1481.4
51367,2019-10-13 22:21:00,33.3,1023.9,87,208,4.6,0.6,1238.6
51379,2019-10-13 22:21:00,0.8,1005.5,19,323,4.7,0.7,1193.2
51431,2019-10-13 22:21:00,33.2,1013.3,7,27,13.9,1.3,1473.8
51433,2019-10-13 22:21:00,34.0,1005.1,97,277,1.3,0.3,1489.5
51437,2019-10-13 22:21:00,30.0,1003.5,69,145,8.9,0.6,1474.1
51463,2019-10-13 22:21:00,25.6,1004.4,30,12,10.0,0.7,1064.8
51467,2019-10-13 22:21:00,8.2,1005.1,86,298,5.9,0.0,1164.3
51469,2019-10-13 22:21:00,26.1,1005.0,39,194,6.1,1.5,1037.9
51470,2019-10-13 22:21:00,13.2,1002.1,82,277,4.1,0.2,1196.4
51477,2019-10-13 22:21:00,24.5,1021.1,29,69,9.1,0.1,1009.7
51495,2019-10-13 22:21:00,20.3,1006.7,11,112,14.3,0.3,1318.6
51526,2019-10-13 22:21:00,20.4,1023.4,61,355,5.4,1.4,1170.0
51542,2019-10-13 22:21:00,24.5,1010.5,26,53,12.2,0.3,1090.0
51567,2019-10-13 22:21:00,14.0,1012.1,86,188,1.7,0.9,1079.8
51573,2019-10-13 22:21:00,15.6,1011.8,92,321,8.2,0.5,1133.8
51581,2019-10-13 22:21:00,34.9,1006.6,9,254,4.0,1.2,1183.4
51628,2019-10-13 22:21:00,15.6,1001.4,25,284,10.6,0.5,1114.6
51633,2019-10-13 22:21:00,29.1,1009.5,13,234,12.1,0.5,1468.0
51639,2019-10-13 22:21:00,24.2,1007.8,64,261,13.8,1.1,1067.1
51642,2019-10-13 22:21:00,26.0,1005.7,2,121,11.3,1.3,1079.9
51644,2019-10-13 22:21:00,5.8,1002.5,79,203,10.1,0.2,1054.4
51655,2019-10-13 22:21:00,22.2,1023.3,30,46,1.4,0.6,1309.8
51656,2019-10-13 22:21:00,6.7,1000.9,79,280,5.4,0.5,1314.0
51701,2019-10-13 22:21:00,3.1,1015.5,38,298,6.5,0.6,1157.8
51704,2019-10-13 22:21:00,4.6,1023.9,57,264,13.1,1.4,1163.1
51705,2019-10-13 22:21:00,25.9,1019.3,8,320,4.3,0.4,1044.5
51709,2019-10-13 22:21:00,28.2,1018.8,63,357,7.0,1.2,1468.1
51711,2019-10-13 22:21:00,20.6,1011.3,12,301,8.6,0.8,1184.8
51716,2019-10-13 22:21:00,23.2,1024.5,12,141,4.2,1.5,1294.4
51720,2019-10-13 22:21:00,25.7,1012.5,6,346,9.5,0.4,1111.3
51730,2019-10-13 22:21:00,27.1,1008.6,77,308,2.9,0.6,1072.0
51747,2019-10-13 22:21:00,3.7,1021.0,28,298,1.3,0.2,1219.6
51765,2019-10-13 22:21:00,21.4,1019.4,43,264,3.1,1.0,1212.2
51777,2019-10-13 22:21:00,0.1,1024.2,5,187,3.5,0.5,1031.7
51804,2019-10-13 22:21:00,28.0,1008.4,52,81,7.5,0.7,1051.7
51810,2019-10-13 22:21:00,14.1,1013.2,20,240,4.7,0.6,1303.4
51811,2019-10-13 22:21:00,17.8,1015.0,42,24,12.6,1.5,1416.8
51818,2019-10-13 22:21:00,25.6,1025.3,7,321,2.1,1.0,1315.2
51828,2019-10-13 22:21:00,1.4,1004.0,34,238,14.6,0.0,1499.8
51839,2019-10-13 22:21:00,9.8,1013.5,35,219,3.2,0.5,1033.0
51855,2019-10-13 22:21:00,34.4,1023.7,30,333,3.9,0.6,1269.2
51931,2019-10-13 22:21:00,33.3,1016.8,31,254,5.1,0.4,1061.2
52101,2019-10-13 22:21:00,4.0,1014.9,88,52,7.1,0.4,1194.5
52112,2019-10-13 22:21:00,0.4,1019.3,36,190,7.5,0.1,1409.6
52118,2019-10-13 22:21:00,8.0,1010.4,10,170,12.8,1.0,1499.8
52203,2019-10-13 22:21:00,19.1,1012.8,94,144,7.1,0.3,1149.1
52313,2019-10-13 22:21:00,28.8,1024.9,67,329,6.3,1.0,1059.5
56444,2019-10-13 22:21:00,19.1,1012.1,57,231,8.7,0.3,1361.9
56533,2019-10-13 22:21:00,34.8,1003.4,63,22,13.9,1.1,1491.4
56543,2019-10-13 22:21:00,8.1,1012.4,49,37,7.7,1.4,1118.9
56548,2019-10-13 22:21:00,33.7,1000.9,81,164,3.3,0.3,1239.6
56586,2019-10-13 22:21:00,18.3,1013.8,60,102,13.1,0.3,1465.0
56643,2019-10-13 22:21:00,11.1,1019.1,27,253,2.5,0.9,1470.1
56651,2019-10-13 22:21:00,16.5,1016.7,72,236,12.6,0.4,1235.5
56664,2019-10-13 22:21:00,26.0,1008.4,95,343,3.5,1.1,1308.2
56684,2019-10-13 22:21:00,34.8,1025.6,54,277,13.1,0.4,1371.0
56739,2019-10-13 22:21:00,10.3,1014.2,86,53,4.3,0.4,1412.0
56748,2019-10-13 22:21:00,13.7,1008.0,26,105,6.9,0.8,1030.2
56751,2019-10-13 22:21:00,33.4,1016.8,95,61,8.2,1.2,1028.6
56763,2019-10-13 22:21:00,10.9,1002.2,38,239,9.3,0.2,1082.6
56768,2019-10-13 22:21:00,27.5,1002.2,61,359,8.9,1.0,1005.0
56778,2019-10-13 22:21:00,28.5,1011.7,43,312,11.7,1.1,1128.4
56786,2019-10-13 22:21:00,11.7,1010.2,11,224,3.6,1.2,1158.0
56838,2019-10-13 22:21:00,31.1,1012.7,96,40,11.6,0.4,1033.9
56856,2019-10-13 22:21:00,20.7,1010.1,41,246,3.3,1.2,1434.1
56872,2019-10-13 22:21:00,29.9,1009.8,2,186,11.0,0.7,1483.7
56875,2019-10-13 22:21:00,13.2,1001.4,49,196,3.2,1.1,1416.8
56886,2019-10-13 22:21:00,9.2,1022.5,91,268,11.4,1.3,1215.1
56946,2019-10-13 22:21:00,8.7,1000.8,61,103,0.0,0.0,1150.7
56950,2019-10-13 22:21:00,15.6,1005.3,60,186,10.1,0.4,1143.1
56951,2019-10-13 22:21:00,0.8,1005.6,24,311,2.0,1.2,1036.7
56954,2019-10-13 22:21:00,21.1,1009.6,13,202,4.8,0.2,1137.5
56959,2019-10-13 22:21:00,15.7,1007.4,93,64,6.7,0.8,1397.1
56964,2019-10-13 22:21:00,32.8,1007.2,69,303,1.0,1.5,1124.5
56966,2019-10-13 22:21:00,24.0,1003.5,74,345,14.6,1.3,1149.8
56969,2019-10-13 22:21:00,25.7,1018.6,29,91,0.4,0.4,1249.0
56977,2019-10-13 22:21:00,8.2,1015.9,9,5,9.5,0.0,1447.1
56985,2019-10-13 22:21:00,4.6,1010.2,1,274,11.6,0.9,1126.1
56986,2019-10-13 22:21:00,33.9,1012.0,99,289,14.0,1.5,1469.1
56991,2019-10-13 22:21:00,16.1,1003.7,85,347,9.5,0.8,1428.2
59007,2019-10-13 22:21:00,1.8,1001.2,76,92,0.8,0.8,1275.3
58448,2019-10-13 22:21:00,0.7,1003.6,84,107,9.5,0.3,1478.9
58450,2019-10-13 22:21:00,11.8,1025.9,91,187,0.5,0.8,1138.6
58457,2019-10-13 22:21:00,32.3,1009.4,45,206,13.6,1.2,1279.1
58464,2019-10-13 22:21:00,8.3,1004.9,76,263,0.3,0.2,1267.5
58467,2019-10-13 22:21:00,30.2,1016.9,10,264,12.3,0.4,1384.7
58472,2019-10-13 22:21:00,25.7,1006.0,38,160,13.0,0.0,1277.5
58477,2019-10-13 22:21:00,5.8,1025.3,49,354,8.4,0.0,1071.3
58543,2019-10-13 22:21:00,0.3,1002.7,66,167,11.9,0.8,1200.5
58549,2019-10-13 22:21:00,9.8,1009.8,31,104,12.9,0.7,1477.9
58553,2019-10-13 22:21:00,17.7,1000.6,85,21,5.8,0.6,1353.2
58556,2019-10-13 22:21:00,6.0,1014.4,73,127,12.4,0.9,1437.3
58557,2019-10-13 22:21:00,8.3,1012.8,35,212,13.8,0.4,1388.6
58562,2019-10-13 22:21:00,35.0,1013.7,82,169,13.7,0.3,1134.2
58569,2019-10-13 22:21:00,22.8,1001.7,67,189,3.3,0.6,1202.0
58633,2019-10-13 22:21:00,22.5,1000.1,44,294,8.0,0.0,1468.8
58646,2019-10-13 22:21:00,9.4,1007.4,77,24,10.2,1.0,1023.9
58652,2019-10-13 22:21:00,19.0,1018.7,88,151,10.7,0.8,1273.1
58665,2019-10-13 22:21:00,23.0,1019.2,99,143,3.4,0.4,1490.2
58666,2019-10-13 22:21:00,14.4,1013.2,76,324,9.3,1.5,1144.0
58667,2019-10-13 22:21:00,21.6,1001.9,13,11,7.8,0.8,1106.4
58742,2019-10-13 22:21:00,7.9,1020.4,44,187,11.3,0.6,1232.7
58752,2019-10-13 22:21:00,8.3,1018.5,12,359,8.2,0.6,1496.0
58760,2019-10-13 22:21:00,12.4,1026.1,68,349,14.3,1.1,1223.3
57348,2019-10-13 22:21:00,30.0,1026.1,4,343,0.7,0.4,1000.9
57426,2019-10-13 22:21:00,14.6,1015.4,42,99,5.5,1.2,1118.3
57432,2019-10-13 22:21:00,6.5,1016.8,78,245,7.0,1.2,1115.9
57502,2019-10-13 22:21:00,33.7,1019.3,100,164,12.5,1.4,1339.3
57512,2019-10-13 22:21:00,30.2,1005.8,19,159,7.9,1.3,1289.9
57516,2019-10-13 22:21:00,32.7,1012.6,69,5,9.6,0.5,1305.7
57517,2019-10-13 22:21:00,9.5,1022.7,44,86,11.5,0.8,1421.1
57520,2019-10-13 22:21:00,29.2,1006.1,89,143,10.9,0.3,1341.5
57523,2019-10-13 22:21:00,20.8,1002.8,33,239,7.1,1.4,1388.4
57536,2019-10-13 22:21:00,13.1,1020.0,94,251,1.7,0.5,1479.3
57612,2019-10-13 22:21:00,26.1,1003.8,15,120,7.2,0.9,1294.0
57633,2019-10-13 22:21:00,22.8,1011.7,20,268,14.3,1.1,1302.1
