58015,2019-10-13 22:27:00,34.8,1007.3,99,350,3.1,1.5,1170.2
58102,2019-10-13 22:27:00,2.7,1011.7,88,266,10.8,0.6,1398.2
58118,2019-10-13 22:27:00,14.1,1021.8,10,97,3.5,1.4,1148.7
58122,2019-10-13 22:27:00,5.0,1000.3,70,259,9.5,1.2,1179.5
58203,2019-10-13 22:27:00,21.6,1005.6,48,166,6.1,0.6,1107.5
58215,2019-10-13 22:27:00,26.4,1001.0,8,84,9.7,1.0,1390.0
58221,2019-10-13 22:27:00,34.1,1003.5,57,267,9.3,0.9,1407.3
58225,2019-10-13 22:27:00,29.1,1021.1,69,305,5.2,0.2,1160.9
58236,2019-10-13 22:27:00,10.5,1012.2,65,149,11.3,1.2,1286.8
58311,2019-10-13 22:27:00,26.8,1015.5,65,19,8.7,1.5,1347.9
58314,2019-10-13 22:27:00,23.6,1012.4,91,224,6.9,0.6,1453.2
58319,2019-10-13 22:27:00,8.5,1015.0,9,284,8.6,1.2,1459.2
58321,2019-10-13 22:27:00,1.0,1023.8,30,60,3.0,0.5,1337.1
58326,2019-10-13 22:27:00,2.4,1002.7,65,302,11.9,1.3,1360.1
58336,2019-10-13 22:27:00,2.7,1013.4,2,324,12.4,0.7,1394.7
58338,2019-10-13 22:27:00,11.3,1019.4,61,250,0.4,0.8,1386.7
58414,2019-10-13 22:27:00,21.4,1004.5,76,243,6.9,1.2,1052.2
58419,2019-10-13 22:27:00,13.3,1021.0,45,257,0.7,0.4,1414.5
58424,2019-10-13 22:27:00,10.0,1008.9,65,26,4.6,0.1,1392.3
58429,2019-10-13 22:27:00,29.9,1024.1,19,115,9.7,0.2,1078.1
58436,2019-10-13 22:27:00,17.4,1011.7,33,236,0.3,0.8,1482.4
58437,2019-10-13 22:27:00,4.0,1017.6,7,65,6.6,0.6,1117.8
58520,2019-10-13 22:27:00,5.4,1025.8,46,305,10.0,1.0,1265.6
58531,2019-10-13 22:27:00,14.7,1016.7,22,158,3.6,1.1,1014.5
54406,2019-10-13 22:27:00,4.3,1016.7,64,99,7.4,0.4,1377.3
54416,2019-10-13 22:27:00,22.4,1014.0,19,201,2.6,0.4,1382.0
54511,2019-10-13 22:27:00,0.4,1003.9,54,121,8.4,0.7,1032.1
58725,2019-10-13 22:27:00,17.3,1002.8,18,194,4.2,1.4,1098.9
58730,2019-10-13 22:27:00,20.7,1012.9,91,114,0.1,0.1,1298.5
58731,2019-10-13 22:27:00,26.9,1017.5,41,295,1.5,1.0,1227.7
58734,2019-10-13 22:27:00,16.2,1022.2,41,209,5.8,0.9,1120.6
58737,2019-10-13 22:27:00,7.0,1022.6,89,109,6.1,0.1,1246.4
58744,2019-10-13 22:27:00,15.8,1023.2,21,174,7.8,1.0,1154.2
58754,2019-10-13 22:27:00,24.6,1009.7,54,200,2.5,0.1,1377.7
58818,2019-10-13 22:27:00,25.9,1001.3,77,284,3.7,0.4,1424.6
58820,2019-10-13 22:27:00,17.9,1013.2,36,230,5.8,0.3,1481.3
58834,2019-10-13 22:27:00,34.8,1014.0,87,126,12.9,0.2,1168.6
58837,2019-10-13 22:27:00,32.2,1017.8,10,100,13.8,0.2,1459.7
58843,2019-10-13 22:27:00,19.3,1020.0,68,83,1.5,1.2,1182.1
58846,2019-10-13 22:27:00,16.7,1008.7,14,290,12.6,0.5,1291.1
58847,2019-10-13 22:27:00,6.5,1016.4,64,357,0.7,0.6,1142.2
58911,2019-10-13 22:27:00,16.9,1002.6,44,156,7.7,1.2,1175.4
58918,2019-10-13 22:27:00,6.5,1022.1,41,310,3.1,0.8,1162.6
58921,2019-10-13 22:27:00,31.9,1015.1,74,331,12.0,1.5,1371.8
58926,2019-10-13 22:27:00,24.7,1007.5,95,184,6.4,0.2,1276.7
58927,2019-10-13 22:27:00,14.3,1013.8,77,50,11.6,1.5,1371.6
58931,2019-10-13 22:27:00,21.2,1017.8,96,250,14.9,0.3,1433.7
58933,2019-10-13 22:27:00,14.8,1009.2,27,8,10.3,1.1,1108.7
58936,2019-10-13 22:27:00,24.6,1002.5,35,223,13.0,0.0,1155.9
58944,2019-10-13 22:27:00,0.4,1003.6,1,228,9.6,1.2,1358.8
59113,2019-10-13 22:27:00,24.0,1023.9,90,128,12.9,0.4,1022.4
59126,2019-10-13 22:27:00,7.4,1012.8,64,240,7.1,0.5,1488.8
59133,2019-10-13 22:27:00,22.6,1020.8,74,22,3.3,1.5,1292.4
59134,2019-10-13 22:27:00,32.1,1017.0,85,253,12.2,0.8,1304.4
59321,2019-10-13 22:27:00,22.4,1001.4,17,183,11.6,1.3,1010.6
52323,2019-10-13 22:27:00,26.3,1005.6,16,194,6.4,0.6,1149.4
52418,2019-10-13 22:27:00,5.2,1023.7,28,54,1.5,0.8,1065.6
52424,2019-10-13 22:27:00,28.6,1011.9,47,218,4.5,0.6,1012.3
52436,2019-10-13 22:27:00,7.2,1015.7,18,69,13.3,0.9,1362.5
52446,2019-10-13 22:27:00,33.6,1008.3,70,195,7.9,0.0,1099.9
52447,2019-10-13 22:27:00,11.1,1002.6,8,83,13.8,1.1,1464.7
52533,2019-10-13 22:27:00,1.6,1019.4,18,96,14.9,1.5,1337.7
52546,2019-10-13 22:27:00,12.9,1004.6,59,75,6.5,0.3,1061.5
52652,2019-10-13 22:27:00,27.6,1011.0,30,260,4.8,0.2,1116.9
52661,2019-10-13 22:27:00,30.5,1008.6,69,216,0.3,1.1,1039.5
52674,2019-10-13 22:27:00,26.8,1015.4,61,339,5.6,1.0,1347.4
52679,2019-10-13 22:27:00,31.7,1021.3,82,23,9.1,1.5,1069.5
52681,2019-10-13 22:27:00,3.4,1017.4,75,309,12.6,0.0,1122.0
52787,2019-10-13 22:27:00,27.0,1015.9,57,105,4.1,1.2,1240.7
52797,2019-10-13 22:27:00,15.3,1010.6,94,169,1.8,0.2,1143.5
52884,2019-10-13 22:27:00,22.7,1018.9,96,301,2.7,0.5,1277.0
52895,2019-10-13 22:27:00,27.9,1005.6,55,169,3.3,0.8,1031.0
52983,2019-10-13 22:27:00,17.4,1023.1,48,326,14.1,1.5,1012.9
52984,2019-10-13 22:27:00,2.1,1001.7,26,30,8.1,0.7,1459.2
52986,2019-10-13 22:27:00,18.0,1003.5,61,353,6.1,0.3,1189.7
52996,2019-10-13 22:27:00,33.7,1020.4,43,191,10.3,0.0,1281.8
53821,2019-10-13 22:27:00,34.6,1009.3,80,257,11.5,1.5,1234.2
53915,2019-10-13 22:27:00,14.0,1010.2,80,332,1.2,0.0,1494.7
53923,2019-10-13 22:27:00,22.2,1000.2,46,222,0.4,1.3,1044.1
56074,2019-10-13 22:27:00,11.0,1006.2,74,176,10.1,0.7,1215.8
56080,2019-10-13 22:27:00,0.1,1015.5,9,122,4.5,0.8,1168.3
56093,2019-10-13 22:27:00,20.5,1018.4,28,100,5.3,0.2,1126.0
56096,2019-10-13 22:27:00,23.0,1021.3,39,308,4.2,0.4,1103.8
57014,2019-10-13 22:27:00,14.0,1006.0,70,104,6.2,1.4,1353.5
57996,2019-10-13 22:27:00,8.6,1007.6,41,202,12.8,0.8,1308.8
59072,2019-10-13 22:27:00,24.6,1015.5,10,116,11.1,0.4,1437.5
59082,2019-10-13 22:27:00,12.9,1000.0,22,132,11.0,0.4,1177.4
59087,2019-10-13 22:27:00,4.1,1014.8,96,199,14.3,0.5,1048.5
59088,2019-10-13 22:27:00,12.5,1022.1,89,272,2.5,0.0,1233.7
59096,2019-10-13 22:27:00,7.9,1001.9,12,289,2.1,0.8,1151.7
59097,2019-10-13 22:27:00,18.5,1024.4,76,350,5.4,0.8,1219.8
59107,2019-10-13 22:27:00,0.5,1019.3,76,98,5.6,0.7,1077.8
59116,2019-10-13 22:27:00,11.0,1007.5,87,98,0.3,0.2,1364.6
59117,2019-10-13 22:27:00,26.0,1022.3,77,286,3.4,0.4,1119.7
59271,2019-10-13 22:27:00,24.8,1004.5,38,262,11.9,0.4,1378.0
59278,2019-10-13 22:27:00,32.4,1012.6,28,291,2.1,0.2,1151.8
59280,2019-10-13 22:27:00,19.8,1008.2,81,180,1.7,0.2,1152.1
59287,2019-10-13 22:27:00,28.3,1015.5,21,93,9.5,0.4,1242.3
59289,2019-10-13 22:27:00,33.6,1022.1,12,297,4.7,0.8,1235.4
59293,2019-10-13 22:27:00,19.7,1007.8,77,324,12.4,0.3,1285.9
59294,2019-10-13 22:27:00,31.9,1014.7,98,65,13.7,0.5,1069.9
59298,2019-10-13 22:27:00,26.3,1001.8,48,249,13.6,1.1,1031.1
59303,2019-10-13 22:27:00,12.0,1017.1,79,151,0.4,1.3,1154.7
59304,2019-10-13 22:27:00,15.0,1006.8,32,292,0.3,0.3,1377.2
59306,2019-10-13 22:27:00,21.4,1012.7,4,144,7.0,0.5,1385.8
59310,2019-10-13 22:27:00,20.5,1024.5,8,135,7.6,0.3,1091.6
59316,2019-10-13 22:27:00,30.2,1008.4,81,233,14.2,0.2,1345.7
59317,2019-10-13 22:27:00,21.1,1012.0,57,332,4.0,0.8,1360.9
59324,2019-10-13 22:27:00,5.8,1023.7,93,342,1.2,0.8,1069.9
59456,2019-10-13 22:27:00,12.2,1007.9,49,273,3.1,0.8,1171.9
59462,2019-10-13 22:27:00,29.0,1002.8,54,79,8.9,0.1,1121.3
59478,2019-10-13 22:27:00,19.1,1005.6,70,303,4.6,1.0,1371.0
59485,2019-10-13 22:27:00,9.3,1002.3,13,331,6.7,1.2,1349.9
59488,2019-10-13 22:27:00,17.5,1011.0,52,333,0.1,0.8,1372.0
59493,2019-10-13 22:27:00,12.6,1001.8,16,290,7.1,0.0,1293.0
59501,2019-10-13 22:27:00,12.5,1003.6,76,188,0.4,0.4,1089.7
59658,2019-10-13 22:27:00,21.9,1010.4,20,60,9.2,0.3,1115.6
59663,2019-10-13 22:27:00,20.6,1024.7,77,21,3.8,1.5,1097.7
59664,2019-10-13 22:27:00,5.2,1017.7,14,86,8.5,0.0,1158.7
59673,2019-10-13 22:27:00,3.4,1015.6,32,23,0.9,1.4,1121.6
59754,2019-10-13 22:27:00,31.3,1025.4,56,235,8.1,1.4,1031.7
57947,2019-10-13 22:27:00,26.4,1000.4,79,47,4.6,1.4,1281.4
57957,2019-10-13 22:27:00,13.0,1006.8,89,138,11.3,0.9,1388.2
57958,2019-10-13 22:27:00,14.4,1009.4,26,159,8.5,0.4,1110.0
59021,2019-10-13 22:27:00,20.6,1016.9,6,159,6.9,0.8,1129.5
59023,2019-10-13 22:27:00,18.9,1017.8,34,255,14.7,1.5,1243.1
59027,2019-10-13 22:27:00,17.3,1005.1,97,292,0.4,1.2,1068.0
59037,2019-10-13 22:27:00,11.1,1021.5,20,308,6.9,0.8,1399.5
59046,2019-10-13 22:27:00,14.3,1017.1,10,232,11.7,1.0,1192.2
59058,2019-10-13 22:27:00,23.2,1000.2,42,50,6.5,1.0,1209.7
59065,2019-10-13 22:27:00,27.6,1009.1,34,249,6.2,1.3,1200.6
59209,2019-10-13 22:27:00,27.4,1002.3,57,176,14.8,1.1,1055.6
59211,2019-10-13 22:27:00,17.4,1010.1,32,288,7.2,0.8,1430.2
59218,2019-10-13 22:27:00,22.7,1024.4,97,180,13.6,1.0,1163.2
59228,2019-10-13 22:27:00,10.0,1000.6,90,248,1.0,1.0,1219.2
59242,2019-10-13 22:27:00,22.8,1004.6,24,221,6.4,1.1,1134.4
59254,2019-10-13 22:27:00,30.3,1007.9,35,196,2.5,1.0,1031.7
59265,2019-10-13 22:27:00,11.4,1006.7,99,242,2.1,0.6,1487.5
59417,2019-10-13 22:27:00,3.8,1010.3,46,283,5.7,1.4,1326.7
59431,2019-10-13 22:27:00,2.5,1004.3,62,71,0.9,0.4,1005.6
59446,2019-10-13 22:27:00,28.3,1000.5,64,270,11.9,0.5,1095.5
59453,2019-10-13 22:27:00,29.2,1017.9,44,8,13.2,0.5,1223.4
59626,2019-10-13 22:27:00,4.2,1006.5,18,115,2.8,1.4,1463.7
59631,2019-10-13 22:27:00,15.5,1026.1,62,324,0.9,1.4,1349.5
59632,2019-10-13 22:27:00,23.8,1000.3,82,204,7.3,1.2,1329.4
59644,2019-10-13 22:27:00,10.0,1014.2,14,13,1.7,1.2,1134.1
59647,2019-10-13 22:27:00,1.7,1017.5,37,354,9.2,0.1,1355.0
56691,2019-10-13 22:27:00,0.7,1008.2,100,100,1.8,0.5,1265.1
56693,2019-10-13 22:27:00,11.6,1014.0,13,39,9.6,0.5,1231.6
56792,2019-10-13 22:27:00,18.4,1007.6,31,166,3.9,1.1,1035.9
56793,2019-10-13 22:27:00,26.1,1006.9,53,287,0.1,0.0,1030.3
57606,2019-10-13 22:27:00,26.7,1019.3,36,138,1.3,1.0,1292.3
57614,2019-10-13 22:27:00,19.4,1007.7,95,103,3.3,1.1,1442.9
57625,2019-10-13 22:27:00,25.3,1019.9,59,192,4.8,0.0,1460.9
57647,2019-10-13 22:27:00,11.5,1020.8,30,97,8.4,0.2,1265.3
57707,2019-10-13 22:27:00,4.1,1005.7,22,171,11.6,0.0,1357.6
57710,2019-10-13 22:27:00,13.5,1016.3,80,122,9.0,0.2,1241.6
57712,2019-10-13 22:27:00,16.6,1021.3,41,86,3.9,1.0,1228.6
57718,2019-10-13 22:27:00,22.0,1000.3,30,308,12.3,0.7,1465.6
57722,2019-10-13 22:27:00,9.4,1010.3,34,196,6.5,1.5,1396.1
57729,2019-10-13 22:27:00,7.6,1004.6,78,220,5.4,0.0,1268.7
57731,2019-10-13 22:27:00,11.9,1025.7,2,42,6.7,0.1,1189.7
57741,2019-10-13 22:27:00,19.2,1011.4,41,268,13.2,0.5,1235.6
57803,2019-10-13 22:27:00,33.2,1013.5,55,156,12.3,1.2,1460.3
57805,2019-10-13 22:27:00,7.8,1007.0,92,280,5.8,1.2,1330.1
57806,2019-10-13 22:27:00,8.1,1002.9,9,2,1.1,0.5,1471.8
57816,2019-10-13 22:27:00,8.3,1008.4,66,140,9.8,0.5,1456.0
57825,2019-10-13 22:27:00,19.0,1011.4,18,261,6.1,0.8,1491.2
57827,2019-10-13 22:27:00,12.5,1001.9,74,246,5.9,0.0,1150.8
57832,2019-10-13 22:27:00,13.2,1020.5,84,222,6.4,1.5,1009.0
57839,2019-10-13 22:27:00,1.3,1020.7,34,168,0.9,1.0,1140.6
57840,2019-10-13 22:27:00,28.2,1017.3,90,22,13.9,0.6,1119.6
57902,2019-10-13 22:27:00,9.9,1011.5,45,159,14.4,0.5,1255.9
57906,2019-10-13 22:27:00,27.0,1024.7,17,275,6.9,1.5,1079.5
57907,2019-10-13 22:27:00,19.0,1022.3,7,230,4.7,0.7,1247.6
57910,2019-10-13 22:27:00,26.3,1007.9,20,276,4.9,0.0,1155.9
57912,2019-10-13 22:27:00,21.3,1015.2,47,223,4.9,0.2,1285.5
57916,2019-10-13 22:27:00,10.2,1006.5,53,73,14.4,0.8,1425.4
57922,2019-10-13 22:27:00,13.3,1004.7,39,278,6.0,0.0,1478.4
57926,2019-10-13 22:27:00,28.8,1023.7,32,216,12.8,0.7,1026.5
57932,2019-10-13 22:27:00,27.1,1023.8,96,230,3.2,0.5,1112.9
59758,2019-10-13 22:27:00,29.6,1009.8,1,20,9.5,0.0,1244.0
59838,2019-10-13 22:27:00,28.8,1009.7,15,158,3.9,0.8,1463.3
59845,2019-10-13 22:27:00,24.5,1012.5,70,72,3.7,0.4,1396.4
59849,2019-10-13 22:27:00,27.6,1019.0,66,185,7.1,0.4,1188.1
59855,2019-10-13 22:27:00,23.6,1019.6,34,109,8.6,0.1,1235.3
59948,2019-10-13 22:27:00,25.8,1002.2,8,157,10.9,0.1,1035.5
59954,2019-10-13 22:27:00,15.9,1024.2,45,15,12.9,0.9,1296.7
59981,2019-10-13 22:27:00,17.2,1016.8,100,23,2.5,0.4,1330.0
53399,2019-10-13 22:27:00,27.4,1025.4,50,214,7.7,1.4,1363.0
53593,2019-10-13 22:27:00,15.9,1018.5,18,210,0.9,1.2,1144.5
53698,2019-10-13 22:27:00,3.9,1001.4,68,124,7.6,0.4,1366.1
53798,2019-10-13 22:27:00,4.7,1011.9,99,183,9.7,0.9,1344.1
54308,2019-10-13 22:27:00,9.1,1004.7,92,113,13.6,0.8,1400.9
54311,2019-10-13 22:27:00,7.7,1004.4,76,2,9.9,0.8,1469.8
54401,2019-10-13 22:27:00,8.2,1014.7,64,83,2.1,0.7,1350.4
54405,2019-10-13 22:27:00,28.4,1014.0,87,286,12.4,1.2,1143.9
54423,2019-10-13 22:27:00,19.9,1016.9,92,209,9.8,1.1,1077.3
54429,2019-10-13 22:27:00,32.2,1011.2,7,282,5.6,1.3,1064.2
54436,2019-10-13 22:27:00,22.5,1020.7,21,90,4.9,0.4,1072.5
54449,2019-10-13 22:27:00,7.4,1001.9,62,113,11.6,1.5,1060.3
54518,2019-10-13 22:27:00,0.7,1011.6,13,258,12.2,0.7,1246.5
54534,2019-10-13 22:27:00,17.6,1007.0,95,48,11.8,0.0,1126.2
54535,2019-10-13 22:27:00,7.6,1011.8,100,66,1.2,0.8,1159.9
54539,2019-10-13 22:27:00,14.0,1021.5,10,205,3.1,1.4,1141.3
54602,2019-10-13 22:27:00,22.2,1006.5,90,11,5.8,0.9,1438.6
54606,2019-10-13 22:27:00,3.6,1022.3,30,122,5.1,1.5,1037.8
54618,2019-10-13 22:27:00,27.5,1007.5,78,297,11.0,0.5,1108.3
54624,2019-10-13 22:27:00,30.8,1007.6,40,25,6.3,0.1,1250.8
54705,2019-10-13 22:27:00,13.3,1003.1,33,173,9.3,0.9,1193.0
53898,2019-10-13 22:27:00,31.9,1008.6,95,211,3.7,0.0,1322.3
53986,2019-10-13 22:27:00,22.6,1018.1,49,159,7.7,1.3,1418.0
57051,2019-10-13 22:27:00,10.7,1017.4,93,234,5.7,1.1,1335.0
57067,2019-10-13 22:27:00,34.0,1002.9,75,176,10.8,0.6,1172.3
57071,2019-10-13 22:27:00,20.4,1009.7,47,353,6.0,0.4,1241.2
57077,2019-10-13 22:27:00,25.0,1019.8,23,35,2.0,0.2,1283.5
57083,2019-10-13 22:27:00,34.7,1001.7,56,238,0.4,0.7,1016.1
57084,2019-10-13 22:27:00,31.1,1006.2,57,346,11.9,1.4,1368.1
57089,2019-10-13 22:27:00,4.8,1005.2,65,180,2.4,0.6,1276.2
57091,2019-10-13 22:27:00,17.5,1016.7,71,324,12.3,0.4,1494.5
57156,2019-10-13 22:27:00,30.2,1011.4,19,262,1.3,0.5,1498.9
57178,2019-10-13 22:27:00,16.4,1011.4,90,33,10.9,0.9,1408.1
57181,2019-10-13 22:27:00,26.2,1002.4,74,49,2.3,1.3,1383.8
57193,2019-10-13 22:27:00,5.4,1017.9,76,335,0.4,1.3,1123.0
57285,2019-10-13 22:27:00,7.6,1007.9,44,232,5.5,1.4,1199.2
57290,2019-10-13 22:27:00,17.6,1013.9,99,348,1.6,0.7,1090.7
57297,2019-10-13 22:27:00,11.6,1003.1,93,45,1.7,0.5,1376.9
58005,2019-10-13 22:27:00,34.4,1008.5,56,171,10.6,0.6,1210.3
58111,2019-10-13 22:27:00,2.3,1014.7,50,169,11.6,0.9,1424.7
58208,2019-10-13 22:27:00,14.5,1019.1,28,104,10.0,0.2,1048.9
50136,2019-10-13 22:27:00,21.9,1017.2,58,353,5.6,0.9,1251.7
50246,2019-10-13 22:27:00,9.4,1010.6,65,76,2.3,0.0,1011.2
50247,2019-10-13 22:27:00,18.8,1000.7,86,164,3.0,1.5,1061.6
50349,2019-10-13 22:27:00,15.3,1009.7,48,2,14.3,0.7,1395.8
50353,2019-10-13 22:27:00,13.3,1006.5,51,36,12.4,0.7,1344.9
50442,2019-10-13 22:27:00,3.0,1001.8,13,6,12.6,0.0,1131.5
50468,2019-10-13 22:27:00,30.1,1013.8,31,264,0.3,1.1,1477.5
50557,2019-10-13 22:27:00,21.0,1020.9,15,111,13.8,0.2,1428.3
50564,2019-10-13 22:27:00,25.2,1007.4,72,51,4.4,0.9,1232.2
50656,2019-10-13 22:27:00,7.0,1012.7,57,281,9.0,0.0,1497.7
50658,2019-10-13 22:27:00,24.5,1001.7,82,103,9.7,1.1,1275.2
50674,2019-10-13 22:27:00,1.1,1012.3,88,185,3.9,1.4,1203.7
50739,2019-10-13 22:27:00,15.4,1023.4,23,53,5.3,1.4,1113.3
50742,2019-10-13 22:27:00,30.8,1019.9,92,279,5.2,1.2,1398.1
50745,2019-10-13 22:27:00,13.1,1016.5,84,95,6.9,0.1,1146.7
50756,2019-10-13 22:27:00,23.1,1009.7,98,71,11.5,0.9,1171.6
50758,2019-10-13 22:27:00,24.5,1025.2,79,145,5.3,1.2,1461.8
50774,2019-10-13 22:27:00,28.7,1022.8,96,179,1.8,1.4,1419.7
50778,2019-10-13 22:27:00,16.1,1007.0,56,218,6.1,1.0,1128.9
50788,2019-10-13 22:27:00,15.2,1023.0,25,3,13.8,1.4,1039.9
50844,2019-10-13 22:27:00,14.6,1014.2,85,40,9.6,0.6,1119.4
50853,2019-10-13 22:27:00,10.8,1004.4,49,141,11.5,0.7,1180.2
50854,2019-10-13 22:27:00,19.0,1022.8,51,97,7.4,0.5,1300.6
50862,2019-10-13 22:27:00,29.8,1010.1,62,99,0.1,0.6,1007.0
50873,2019-10-13 22:27:00,34.1,1014.0,51,47,11.7,0.6,1133.6
50877,2019-10-13 22:27:00,30.4,1021.0,58,286,6.6,0.1,1387.7
50888,2019-10-13 22:27:00,7.9,1012.2,100,314,3.5,1.3,1310.0
50950,2019-10-13 22:27:00,8.5,1024.7,52,228,0.3,0.4,1301.3
50953,2019-10-13 22:27:00,16.1,1005.0,44,98,1.0,0.9,1396.1
50955,2019-10-13 22:27:00,20.0,1001.6,5,234,13.1,0.9,1218.3
50963,2019-10-13 22:27:00,5.3,1004.0,92,349,2.2,0.6,1312.4
50968,2019-10-13 22:27:00,29.3,1018.7,72,61,10.1,0.2,1136.1
50973,2019-10-13 22:27:00,12.6,1013.9,91,152,8.5,0.1,1252.2
50978,2019-10-13 22:27:00,31.5,1007.8,60,57,10.9,1.2,1148.8
50983,2019-10-13 22:27:00,10.3,1010.4,37,181,5.2,1.5,1413.4
54094,2019-10-13 22:27:00,29.1,1013.7,71,26,6.6,0.5,1496.9
54096,2019-10-13 22:27:00,12.5,1020.8,31,195,4.9,0.4,1048.9
57251,2019-10-13 22:27:00,9.9,1007.0,3,334,13.5,0.9,1152.2
57256,2019-10-13 22:27:00,19.0,1009.9,35,228,6.1,1.4,1052.3
57259,2019-10-13 22:27:00,9.2,1023.2,5,149,2.4,1.4,1142.7
57265,2019-10-13 22:27:00,15.6,1005.0,37,279,13.0,0.2,1274.5
57278,2019-10-13 22:27:00,11.7,1002.5,74,350,14.5,1.1,1411.4
57279,2019-10-13 22:27:00,22.3,1025.1,20,186,2.0,1.3,1069.0
57355,2019-10-13 22:27:00,12.0,1008.8,96,104,13.0,0.3,1000.0
57358,2019-10-13 22:27:00,6.5,1001.3,15,356,4.0,1.4,1446.7
57359,2019-10-13 22:27:00,18.0,1011.5,42,206,11.0,0.2,1210.7
57363,2019-10-13 22:27:00,34.3,1011.4,33,339,13.7,1.1,1277.2
57378,2019-10-13 22:27:00,25.9,1022.1,32,171,3.4,0.2,1187.8
57381,2019-10-13 22:27:00,4.8,1006.8,26,212,10.3,1.5,1355.4
57395,2019-10-13 22:27:00,32.5,1014.6,28,170,6.3,0.8,1029.8
57399,2019-10-13 22:27:00,26.7,1007.9,53,284,8.5,1.2,1149.0
57439,2019-10-13 22:27:00,19.5,1015.2,41,281,9.4,0.7,1351.8
57445,2019-10-13 22:27:00,26.9,1019.7,13,75,13.2,0.1,1367.8
57447,2019-10-13 22:27:00,27.8,1004.4,41,243,2.0,1.1,1199.8
57458,2019-10-13 22:27:00,22.3,1000.5,83,263,7.9,1.1,1073.4
57461,2019-10-13 22:27:00,8.6,1010.6,24,108,0.9,0.0,1068.9
57476,2019-10-13 22:27:00,17.9,1008.9,95,43,9.1,1.0,1206.6
57482,2019-10-13 22:27:00,13.0,1022.5,51,353,2.4,1.4,1378.6
57483,2019-10-13 22:27:00,13.0,1018.1,55,135,10.1,0.9,1326.3
57493,2019-10-13 22:27:00,16.0,1022.2,99,28,9.5,1.4,1179.2
57494,2019-10-13 22:27:00,27.0,1026.3,7,161,2.7,0.0,1442.7
57545,2019-10-13 22:27:00,2.7,1021.5,80,56,0.5,0.9,1288.7
57573,2019-10-13 22:27:00,15.4,1011.3,59,21,13.5,0.8,1445.5
57581,2019-10-13 22:27:00,16.2,1024.1,67,123,7.5,0.5,1320.2
57583,2019-10-13 22:27:00,18.6,1022.6,9,139,7.9,1.4,1064.6
57595,2019-10-13 22:27:00,33.2,1010.3,91,141,3.0,0.5,1314.4
58402,2019-10-13 22:27:00,14.1,1001.6,40,79,12.6,0.5,1311.5
58407,2019-10-13 22:27:00,7.9,1002.4,69,62,1.5,1.1,1170.1
58500,2019-10-13 22:27:00,24.7,1009.2,49,262,14.3,0.8,1048.5
57554,2019-10-13 22:27:00,34.3,1008.9,35,34,14.4,0.8,1167.9
57562,2019-10-13 22:27:00,28.2,1014.4,47,82,4.7,0.5,1360.6
57574,2019-10-13 22:27:00,14.9,1020.7,87,67,0.1,0.6,1034.6
57584,2019-10-13 22:27:00,0.1,1017.9,19,77,4.3,0.2,1067.3
57642,2019-10-13 22:27:00,1.5,1015.2,14,32,5.3,1.1,1039.7
57649,2019-10-13 22:27:00,5.2,1018.4,16,154,7.0,0.9,1142.2
57655,2019-10-13 22:27:00,19.6,1017.8,75,282,8.5,1.2,1331.1
57662,2019-10-13 22:27:00,20.0,1017.9,75,283,5.6,0.0,1124.6
57669,2019-10-13 22:27:00,4.2,1009.8,85,218,9.2,0.1,1215.0
57671,2019-10-13 22:27:00,4.0,1022.3,50,245,12.2,0.0,1112.1
57673,2019-10-13 22:27:00,20.5,1009.7,13,113,2.6,1.0,1204.7
57679,2019-10-13 22:27:00,15.9,1006.3,42,340,6.5,0.0,1300.0
57682,2019-10-13 22:27:00,25.3,1008.7,68,122,2.7,0.3,1365.0
57687,2019-10-13 22:27:00,15.3,1010.5,16,257,0.1,0.4,1395.9
57745,2019-10-13 22:27:00,28.0,1010.6,39,180,0.8,0.3,1265.8
57749,2019-10-13 22:27:00,5.9,1001.4,46,280,4.0,1.1,1290.7
57752,2019-10-13 22:27:00,13.5,1008.7,8,98,7.1,0.2,1079.4
57758,2019-10-13 22:27:00,26.2,1021.5,66,352,13.2,0.8,1396.4
57761,2019-10-13 22:27:00,22.9,1021.8,57,69,13.1,0.6,1267.4
57766,2019-10-13 22:27:00,22.5,1002.7,19,158,3.9,0.0,1373.0
57774,2019-10-13 22:27:00,29.2,1002.3,83,56,1.0,0.5,1012.4
57776,2019-10-13 22:27:00,23.2,1017.1,67,224,14.8,0.7,1124.3
57779,2019-10-13 22:27:00,30.1,1008.7,99,324,6.6,1.0,1390.4
57780,2019-10-13 22:27:00,18.9,1005.1,7,261,10.0,0.8,1128.5
57841,2019-10-13 22:27:00,33.4,1014.5,3,300,14.3,1.3,1142.2
57845,2019-10-13 22:27:00,20.5,1022.6,23,339,4.4,0.5,1273.5
57853,2019-10-13 22:27:00,24.9,1004.6,81,353,4.4,1.5,1038.4
57857,2019-10-13 22:27:00,29.4,1005.7,15,141,14.0,0.8,1028.6
57860,2019-10-13 22:27:00,7.0,1009.6,28,222,8.9,0.9,1407.6
57866,2019-10-13 22:27:00,12.1,1023.9,64,318,14.3,1.4,1047.5
57872,2019-10-13 22:27:00,13.6,1022.9,53,260,10.5,0.9,1203.8
57874,2019-10-13 22:27:00,27.6,1016.3,43,3,10.5,0.8,1264.1
57889,2019-10-13 22:27:00,7.2,1015.3,81,329,12.6,0.3,1053.0
57965,2019-10-13 22:27:00,20.0,1006.1,79,230,10.3,0.2,1014.1
57972,2019-10-13 22:27:00,6.3,1018.0,70,343,6.1,0.9,1263.2
57974,2019-10-13 22:27:00,7.4,1023.5,69,270,7.8,1.0,1401.1
50936,2019-10-13 22:27:00,34.6,1000.5,59,272,5.0,0.6,1485.5
50945,2019-10-13 22:27:00,4.2,1020.0,45,204,13.4,1.1,1021.2
50948,2019-10-13 22:27:00,29.2,1010.7,87,317,9.9,1.1,1050.8
50949,2019-10-13 22:27:00,10.0,1014.4,89,138,9.1,0.8,1273.3
54041,2019-10-13 22:27:00,28.7,1009.1,83,46,14.1,1.2,1255.3
54049,2019-10-13 22:27:00,4.8,1001.1,12,331,2.8,1.5,1179.2
54063,2019-10-13 22:27:00,34.0,1020.7,63,83,10.1,0.8,1104.3
54064,2019-10-13 22:27:00,7.1,1003.1,66,52,3.7,0.5,1384.9
54142,2019-10-13 22:27:00,14.9,1007.6,92,290,13.2,0.9,1453.0
54157,2019-10-13 22:27:00,11.9,1023.5,47,158,10.3,0.5,1314.1
54161,2019-10-13 22:27:00,2.3,1018.2,57,128,0.1,1.0,1257.9
54165,2019-10-13 22:27:00,10.0,1009.6,97,115,12.9,0.9,1350.7
54171,2019-10-13 22:27:00,9.7,1015.1,12,136,2.7,1.4,1104.5
54181,2019-10-13 22:27:00,9.8,1021.7,4,298,10.2,1.0,1493.8
54186,2019-10-13 22:27:00,33.4,1007.1,98,148,3.0,0.9,1478.6
54195,2019-10-13 22:27:00,34.4,1001.1,93,307,14.9,1.2,1141.2
54260,2019-10-13 22:27:00,8.0,1008.1,63,166,11.7,1.3,1449.9
54263,2019-10-13 22:27:00,7.6,1021.0,42,138,6.2,0.5,1311.2
54266,2019-10-13 22:27:00,6.6,1010.4,5,353,1.0,0.5,1043.8
54273,2019-10-13 22:27:00,7.7,1006.4,3,95,13.7,0.2,1124.5
54276,2019-10-13 22:27:00,3.8,1012.9,5,136,13.5,1.5,1027.0
54284,2019-10-13 22:27:00,7.3,1016.7,9,140,2.2,0.6,1410.7
54285,2019-10-13 22:27:00,32.8,1025.9,8,14,4.8,0.8,1352.9
54286,2019-10-13 22:27:00,26.9,1010.2,42,211,12.8,0.7,1266.4
54292,2019-10-13 22:27:00,21.1,1015.4,41,33,7.3,1.3,1322.7
54363,2019-10-13 22:27:00,0.5,1002.9,88,24,0.6,1.2,1137.1
54374,2019-10-13 22:27:00,32.4,1015.8,28,29,4.7,1.5,1350.7
54377,2019-10-13 22:27:00,15.2,1025.9,4,167,1.8,0.0,1383.0
54386,2019-10-13 22:27:00,32.7,1016.9,38,104,2.8,0.2,1253.5
58026,2019-10-13 22:27:00,21.9,1019.0,92,233,14.1,0.3,1031.2
58027,2019-10-13 22:27:00,32.1,1000.7,47,220,2.5,0.9,1167.6
58038,2019-10-13 22:27:00,8.8,1023.5,79,301,11.1,0.1,1368.1
58040,2019-10-13 22:27:00,27.4,1015.5,40,277,12.1,1.3,1284.2
58047,2019-10-13 22:27:00,2.2,1003.4,12,25,3.6,1.1,1361.6
58130,2019-10-13 22:27:00,33.3,1012.6,1,76,11.3,1.0,1044.5
58135,2019-10-13 22:27:00,4.6,1013.9,12,276,8.4,0.1,1052.6
58138,2019-10-13 22:27:00,34.6,1019.9,18,168,10.4,0.5,1257.6
58141,2019-10-13 22:27:00,18.5,1008.8,51,0,9.9,1.0,1231.1
58143,2019-10-13 22:27:00,6.3,1024.6,57,304,5.7,0.1,1004.1
58150,2019-10-13 22:27:00,1.2,1000.7,2,254,3.1,0.8,1423.8
58158,2019-10-13 22:27:00,20.6,1006.0,20,64,13.0,0.0,1344.0
58238,2019-10-13 22:27:00,23.2,1020.5,2,174,3.3,0.7,1334.0
58241,2019-10-13 22:27:00,23.8,1000.2,33,319,4.0,1.2,1201.6
58251,2019-10-13 22:27:00,22.9,1025.4,29,41,10.7,0.9,1126.4
58252,2019-10-13 22:27:00,4.5,1001.4,18,276,4.9,1.2,1300.4
58255,2019-10-13 22:27:00,33.3,1019.7,65,8,12.2,0.1,1312.0
58259,2019-10-13 22:27:00,23.8,1025.1,82,242,14.0,1.3,1394.7
58265,2019-10-13 22:27:00,5.5,1009.5,50,210,5.5,1.3,1384.0
58343,2019-10-13 22:27:00,27.0,1014.4,40,232,0.3,1.3,1036.5
58345,2019-10-13 22:27:00,21.5,1009.2,82,36,12.4,1.4,1311.7
58354,2019-10-13 22:27:00,27.2,1024.5,43,139,3.8,0.7,1142.2
58356,2019-10-13 22:27:00,2.9,1010.5,68,172,14.8,0.9,1474.1
58358,2019-10-13 22:27:00,8.9,1005.8,47,357,5.7,1.4,1346.7
57598,2019-10-13 22:27:00,14.1,1022.2,31,67,14.6,0.4,1396.7
57696,2019-10-13 22:27:00,32.9,1022.0,12,284,2.7,0.5,1181.8
57789,2019-10-13 22:27:00,5.7,1022.6,37,237,12.1,1.2,1265.0
57793,2019-10-13 22:27:00,24.8,1005.5,4,164,12.3,0.2,1390.6
57799,2019-10-13 22:27:00,28.9,1003.3,16,23,8.7,0.1,1234.9
57894,2019-10-13 22:27:00,8.1,1013.9,66,338,2.1,1.2,1245.5
57896,2019-10-13 22:27:00,1.9,1013.2,18,355,6.3,0.2,1176.8
57993,2019-10-13 22:27:00,17.9,1011.5,74,48,3.5,0.0,1114.5
58506,2019-10-13 22:27:00,33.8,1011.1,79,31,1.6,0.5,1355.0
58507,2019-10-13 22:27:00,17.0,1001.0,46,261,0.0,0.3,1187.7
58519,2019-10-13 22:27:00,15.3,1000.6,35,332,12.5,1.1,1043.5
58527,2019-10-13 22:27:00,25.2,1008.2,52,297,6.7,0.0,1022.0
58600,2019-10-13 22:27:00,5.2,1008.6,22,245,7.9,0.3,1270.3
58606,2019-10-13 22:27:00,9.1,1023.7,92,243,3.5,1.3,1142.0
58608,2019-10-13 22:27:00,29.3,1001.4,49,318,9.5,1.4,1419.2
58622,2019-10-13 22:27:00,27.2,1001.5,71,153,9.5,1.0,1081.7
58626,2019-10-13 22:27:00,27.7,1010.8,80,249,10.1,0.9,1137.7
58634,2019-10-13 22:27:00,12.2,1014.5,43,141,9.5,1.4,1003.7
58637,2019-10-13 22:27:00,34.0,1013.0,34,127,2.9,0.1,1166.7
58705,2019-10-13 22:27:00,31.7,1009.0,61,299,0.2,0.3,1251.7
58715,2019-10-13 22:27:00,16.1,1011.7,56,34,10.5,0.3,1057.8
58718,2019-10-13 22:27:00,33.7,1016.6,22,162,13.8,0.3,1041.5
58806,2019-10-13 22:27:00,13.4,1001.6,64,33,12.8,0.8,1038.2
58813,2019-10-13 22:27:00,4.6,1017.6,59,146,4.8,0.6,1122.8
59092,2019-10-13 22:27:00,15.3,1021.6,99,312,1.0,1.0,1480.4
59102,2019-10-13 22:27:00,24.2,1002.1,54,217,2.9,0.6,1018.4
54236,2019-10-13 22:27:00,32.9,1007.7,47,311,14.3,0.9,1053.4
54237,2019-10-13 22:27:00,29.6,1016.3,98,151,3.9,1.5,1494.1
54243,2019-10-13 22:27:00,20.6,1016.7,56,341,8.1,0.9,1024.8
54254,2019-10-13 22:27:00,10.6,1005.4,13,139,10.0,1.3,1022.7
54259,2019-10-13 22:27:00,28.8,1024.4,8,139,8.6,0.1,1424.8
54324,2019-10-13 22:27:00,23.9,1019.2,19,65,12.7,1.1,1035.9
54326,2019-10-13 22:27:00,23.3,1007.9,59,268,0.4,0.1,1188.4
54333,2019-10-13 22:27:00,35.0,1014.2,96,348,7.6,1.5,1303.0
54334,2019-10-13 22:27:00,7.9,1003.1,29,88,2.0,0.4,1261.0
54335,2019-10-13 22:27:00,22.1,1002.3,10,200,6.0,0.8,1263.6
54337,2019-10-13 22:27:00,17.6,1022.7,87,158,7.4,1.3,1229.2
54339,2019-10-13 22:27:00,28.2,1008.3,69,245,2.5,1.1,1321.9
54342,2019-10-13 22:27:00,24.4,1017.4,86,143,0.2,0.6,1304.0
54346,2019-10-13 22:27:00,30.2,1002.9,4,53,9.7,0.0,1069.4
54349,2019-10-13 22:27:00,9.3,1010.9,72,269,14.4,0.1,1295.0
54351,2019-10-13 22:27:00,24.5,1003.9,27,176,11.3,1.0,1009.2
54353,2019-10-13 22:27:00,8.2,1002.4,59,126,13.5,0.0,1146.9
54365,2019-10-13 22:27:00,21.5,1001.2,26,92,11.6,0.8,1232.7
54452,2019-10-13 22:27:00,21.4,1023.1,72,55,9.1,0.6,1198.2
54454,2019-10-13 22:27:00,11.5,1010.9,85,295,10.8,0.6,1110.1
54455,2019-10-13 22:27:00,23.4,1015.6,17,306,6.7,1.0,1462.9
54470,2019-10-13 22:27:00,3.7,1005.7,95,10,8.6,0.3,1069.6
54471,2019-10-13 22:27:00,7.3,1011.1,1,160,14.7,0.8,1116.3
54472,2019-10-13 22:27:00,1.4,1025.1,25,217,12.0,1.3,1390.2
54476,2019-10-13 22:27:00,26.6,1025.8,36,336,3.0,1.1,1363.0
54486,2019-10-13 22:27:00,34.6,1013.0,88,150,0.4,0.1,1470.0
54493,2019-10-13 22:27:00,15.7,1007.4,47,345,5.7,0.7,1058.0
54497,2019-10-13 22:27:00,26.5,1001.9,14,359,8.7,1.3,1363.0
54563,2019-10-13 22:27:00,5.5,1006.3,62,249,12.2,0.8,1453.6
54579,2019-10-13 22:27:00,2.4,1021.7,21,91,3.4,1.5,1289.1
54584,2019-10-13 22:27:00,12.2,1017.2,98,331,4.8,0.0,1373.1
54660,2019-10-13 22:27:00,5.2,1021.8,95,173,11.4,1.5,1293.0
54662,2019-10-13 22:27:00,26.4,1014.2,42,191,9.5,0.6,1353.3
50425,2019-10-13 22:27:00,27.2,1004.4,99,143,0.6,0.6,1055.7
50434,2019-10-13 22:27:00,2.6,1012.7,33,311,2.1,1.4,1012.9
50514,2019-10-13 22:27:00,33.6,1011.8,92,316,7.3,1.4,1256.9
50527,2019-10-13 22:27:00,17.6,1006.2,7,222,9.4,0.3,1393.3
50548,2019-10-13 22:27:00,9.8,1021.3,7,143,5.7,0.8,1135.3
50603,2019-10-13 22:27:00,20.9,1018.9,67,118,5.3,1.4,1359.2
50618,2019-10-13 22:27:00,27.2,1019.2,57,113,6.0,1.5,1397.9
50632,2019-10-13 22:27:00,5.9,1021.2,64,154,13.5,1.3,1481.1
50639,2019-10-13 22:27:00,8.6,1000.3,72,103,12.1,1.3,1402.2
50727,2019-10-13 22:27:00,29.9,1001.4,79,218,5.8,0.0,1391.4
50834,2019-10-13 22:27:00,30.8,1019.1,51,328,13.1,1.4,1301.9
50838,2019-10-13 22:27:00,0.0,1017.8,4,69,14.5,1.4,1338.3
50915,2019-10-13 22:27:00,5.6,1022.2,73,44,5.5,0.7,1060.4
50924,2019-10-13 22:27:00,8.4,1008.5,31,69,10.9,0.0,1414.9
52267,2019-10-13 22:27:00,18.3,1023.4,21,23,5.3,1.5,1043.4
52495,2019-10-13 22:27:00,16.3,1024.6,59,359,3.9,0.9,1126.8
52576,2019-10-13 22:27:00,0.3,1001.2,17,149,6.9,1.2,1107.9
53068,2019-10-13 22:27:00,32.9,1010.6,78,323,11.1,1.5,1391.5
53083,2019-10-13 22:27:00,16.4,1016.1,77,3,2.2,0.8,1168.1
53149,2019-10-13 22:27:00,23.5,1017.4,4,153,10.1,1.3,1123.9
53192,2019-10-13 22:27:00,23.0,1020.4,54,159,10.6,0.1,1378.1
53195,2019-10-13 22:27:00,21.5,1016.3,87,353,4.6,1.1,1099.7
53276,2019-10-13 22:27:00,18.1,1024.8,74,271,14.1,0.5,1247.3
53336,2019-10-13 22:27:00,11.2,1005.0,54,283,1.5,0.0,1222.7
53352,2019-10-13 22:27:00,9.8,1007.4,50,218,14.6,1.1,1329.7
53362,2019-10-13 22:27:00,10.2,1024.7,40,180,3.2,0.5,1185.0
53367,2019-10-13 22:27:00,1.8,1021.3,43,287,1.6,0.7,1384.3
53391,2019-10-13 22:27:00,28.1,1000.9,46,274,11.1,0.6,1452.3
53446,2019-10-13 22:27:00,31.5,1013.2,75,24,12.8,1.5,1014.4
53463,2019-10-13 22:27:00,33.1,1014.8,94,99,10.1,1.2,1259.8
53480,2019-10-13 22:27:00,12.2,1013.6,46,294,10.4,1.5,1370.2
53502,2019-10-13 22:27:00,17.8,1007.9,73,133,2.0,0.5,1330.0
53513,2019-10-13 22:27:00,9.5,1022.2,26,130,2.6,0.7,1108.5
53529,2019-10-13 22:27:00,30.0,1016.0,10,271,0.3,1.0,1196.7
53543,2019-10-13 22:27:00,6.9,1005.3,23,282,0.2,1.5,1125.5
53547,2019-10-13 22:27:00,27.2,1017.3,62,233,1.2,0.9,1012.6
53602,2019-10-13 22:27:00,9.6,1008.9,75,65,7.4,1.2,1353.5
54012,2019-10-13 22:27:00,24.4,1022.6,35,299,2.6,0.3,1060.5
54026,2019-10-13 22:27:00,22.8,1020.2,6,36,14.0,0.7,1284.8
54027,2019-10-13 22:27:00,24.5,1008.8,39,23,10.6,0.4,1004.9
54102,2019-10-13 22:27:00,34.4,1019.4,3,134,14.4,0.5,1054.6
54115,2019-10-13 22:27:00,13.4,1003.4,100,250,3.2,0.9,1296.3
54134,2019-10-13 22:27:00,9.2,1013.8,26,291,8.5,0.6,1456.7
54135,2019-10-13 22:27:00,2.2,1016.7,11,52,1.0,0.4,1062.1
54208,2019-10-13 22:27:00,24.7,1020.4,64,121,9.4,0.1,1313.6
54213,2019-10-13 22:27:00,24.8,1000.4,21,200,2.5,1.1,1023.4
54218,2019-10-13 22:27:00,34.0,1024.7,65,259,4.2,0.9,1240.4
54226,2019-10-13 22:27:00,7.0,1021.2,42,164,13.4,0.3,1479.8
53519,2019-10-13 22:27:00,30.1,1009.6,56,267,6.0,1.4,1320.9
53612,2019-10-13 22:27:00,33.5,1008.6,58,16,8.2,1.3,1353.7
53614,2019-10-13 22:27:00,12.0,1015.3,40,98,0.7,1.1,1129.0
53615,2019-10-13 22:27:00,27.5,1013.8,100,228,6.7,0.0,1473.5
53704,2019-10-13 22:27:00,3.6,1000.6,14,29,0.2,1.3,1100.5
53705,2019-10-13 22:27:00,15.3,1004.4,79,291,2.5,1.1,1396.1
53723,2019-10-13 22:27:00,14.2,1005.9,77,80,6.4,0.7,1152.2
53806,2019-10-13 22:27:00,3.4,1008.3,28,165,6.3,1.0,1457.4
53810,2019-10-13 22:27:00,34.7,1015.5,92,23,6.8,0.4,1069.6
53817,2019-10-13 22:27:00,7.9,1017.2,3,87,6.9,0.4,1003.6
53903,2019-10-13 22:27:00,32.0,1022.7,78,66,8.3,0.1,1371.3
53910,2019-10-13 22:27:00,3.9,1018.8,17,181,13.9,0.3,1313.5
51886,2019-10-13 22:27:00,32.9,1023.3,6,47,14.4,0.0,1300.2
52602,2019-10-13 22:27:00,22.8,1011.1,8,65,3.6,0.9,1253.7
52633,2019-10-13 22:27:00,28.5,1007.3,83,11,11.2,0.7,1476.8
52645,2019-10-13 22:27:00,5.7,1022.3,37,43,13.3,0.5,1279.9
52657,2019-10-13 22:27:00,30.8,1007.3,16,159,7.4,0.0,1053.1
52707,2019-10-13 22:27:00,8.7,1025.0,41,324,7.7,0.0,1229.8
52713,2019-10-13 22:27:00,3.8,1011.3,46,278,5.7,1.5,1365.9
52737,2019-10-13 22:27:00,18.5,1022.2,32,207,10.2,0.0,1174.2
52754,2019-10-13 22:27:00,8.5,1025.5,79,230,7.5,0.6,1093.8
52765,2019-10-13 22:27:00,28.7,1000.8,8,329,8.9,0.7,1386.7
52818,2019-10-13 22:27:00,33.4,1021.6,76,271,6.5,0.9,1042.9
52825,2019-10-13 22:27:00,6.9,1016.0,23,155,3.9,1.4,1438.3
52833,2019-10-13 22:27:00,16.8,1011.1,77,137,10.3,0.7,1266.8
52836,2019-10-13 22:27:00,15.4,1004.3,29,28,7.1,0.7,1233.2
52842,2019-10-13 22:27:00,12.4,1018.6,4,78,8.8,0.7,1424.6
52856,2019-10-13 22:27:00,33.4,1002.9,11,311,0.4,0.1,1345.4
52866,2019-10-13 22:27:00,12.5,1008.6,94,95,11.9,0.1,1002.0
52868,2019-10-13 22:27:00,33.6,1002.6,52,272,12.9,0.3,1037.3
52876,2019-10-13 22:27:00,19.0,1013.1,83,323,5.5,0.5,1480.7
52908,2019-10-13 22:27:00,25.2,1011.3,4,190,2.2,1.0,1308.4
52943,2019-10-13 22:27:00,13.2,1019.1,60,221,14.2,1.2,1217.4
52955,2019-10-13 22:27:00,26.2,1020.4,74,47,10.2,0.4,1098.2
52974,2019-10-13 22:27:00,6.5,1021.3,25,237,12.6,0.6,1477.2
56004,2019-10-13 22:27:00,1.4,1002.8,47,338,1.2,1.0,1137.4
56018,2019-10-13 22:27:00,18.8,1010.3,10,113,6.9,0.5,1470.3
56021,2019-10-13 22:27:00,10.4,1015.0,48,96,4.9,0.8,1200.0
56029,2019-10-13 22:27:00,9.8,1010.8,55,226,5.8,1.0,1250.9
56033,2019-10-13 22:27:00,11.7,1021.9,76,50,8.0,0.2,1440.3
56034,2019-10-13 22:27:00,0.9,1010.9,78,80,14.2,0.3,1327.3
56043,2019-10-13 22:27:00,18.5,1002.2,85,136,3.7,0.3,1386.5
56046,2019-10-13 22:27:00,29.2,1023.0,68,111,10.4,1.3,1117.2
56065,2019-10-13 22:27:00,21.7,1006.7,5,91,8.8,0.7,1387.1
56067,2019-10-13 22:27:00,25.8,1014.5,24,312,3.1,0.0,1461.2
56125,2019-10-13 22:27:00,33.6,1009.1,44,188,10.5,1.1,1310.5
56151,2019-10-13 22:27:00,7.4,1016.6,69,222,11.6,0.3,1429.7
54715,2019-10-13 22:27:00,31.1,1002.9,55,7,6.1,0.6,1230.4
54725,2019-10-13 22:27:00,29.6,1024.1,65,310,9.7,1.1,1022.7
54727,2019-10-13 22:27:00,10.1,1006.5,80,346,8.3,0.2,1300.3
54744,2019-10-13 22:27:00,33.9,1001.2,60,24,6.5,0.7,1196.9
54751,2019-10-13 22:27:00,32.2,1022.5,44,146,2.4,0.9,1492.4
54753,2019-10-13 22:27:00,8.8,1010.9,36,166,0.2,0.4,1473.6
54764,2019-10-13 22:27:00,25.0,1005.9,92,152,13.1,1.0,1389.4
54774,2019-10-13 22:27:00,14.3,1020.5,33,246,4.9,1.1,1044.5
54776,2019-10-13 22:27:00,16.5,1008.1,61,287,13.8,1.5,1025.0
54808,2019-10-13 22:27:00,19.8,1013.9,99,239,1.3,1.4,1313.8
54823,2019-10-13 22:27:00,0.4,1010.8,43,39,7.9,1.3,1237.2
54826,2019-10-13 22:27:00,18.1,1020.0,90,88,10.2,0.1,1492.5
54836,2019-10-13 22:27:00,5.2,1021.5,29,55,13.8,0.8,1132.4
54842,2019-10-13 22:27:00,15.9,1019.8,69,40,14.7,0.3,1466.8
54843,2019-10-13 22:27:00,31.7,1018.5,77,249,9.5,1.4,1317.5
54857,2019-10-13 22:27:00,24.7,1018.8,52,257,1.1,0.0,1034.3
54863,2019-10-13 22:27:00,21.5,1002.6,4,295,8.1,1.1,1085.5
54909,2019-10-13 22:27:00,5.8,1008.6,98,269,11.6,0.6,1305.1
54916,2019-10-13 22:27:00,5.4,1017.7,81,47,9.2,0.8,1163.6
54929,2019-10-13 22:27:00,1.4,1020.0,10,225,3.0,0.1,1214.0
54936,2019-10-13 22:27:00,14.6,1013.5,73,245,7.1,0.4,1375.1
54945,2019-10-13 22:27:00,15.0,1018.6,7,145,8.5,0.8,1250.3
58034,2019-10-13 22:27:00,20.2,1019.9,16,239,11.1,1.5,1199.9
53478,2019-10-13 22:27:00,23.7,1000.9,8,134,13.1,0.9,1035.9
53487,2019-10-13 22:27:00,3.2,1014.7,67,143,13.9,1.5,1056.3
53490,2019-10-13 22:27:00,32.5,1012.9,85,257,13.2,1.0,1050.9
53564,2019-10-13 22:27:00,2.0,1005.1,22,43,7.0,0.5,1398.4
53578,2019-10-13 22:27:00,28.4,1015.6,41,8,14.2,0.0,1352.0
53579,2019-10-13 22:27:00,14.1,1014.7,95,37,0.1,0.8,1286.8
53588,2019-10-13 22:27:00,3.5,1006.6,53,133,2.0,0.0,1089.8
53594,2019-10-13 22:27:00,25.2,1014.3,19,234,12.7,0.3,1131.2
53663,2019-10-13 22:27:00,34.2,1015.0,40,213,1.9,0.0,1174.8
53664,2019-10-13 22:27:00,6.8,1009.5,5,165,4.9,1.0,1370.3
53673,2019-10-13 22:27:00,27.2,1026.0,15,242,11.2,1.4,1308.5
53687,2019-10-13 22:27:00,11.5,1013.1,20,329,3.4,0.9,1128.4
53764,2019-10-13 22:27:00,24.0,1002.5,62,43,6.1,0.9,1221.0
53772,2019-10-13 22:27:00,33.5,1001.5,70,331,11.7,0.9,1143.0
53775,2019-10-13 22:27:00,1.3,1018.0,51,238,8.8,0.8,1461.1
53787,2019-10-13 22:27:00,21.3,1006.9,9,76,14.0,0.7,1177.5
53853,2019-10-13 22:27:00,11.3,1003.8,95,290,4.9,0.3,1118.2
53859,2019-10-13 22:27:00,20.1,1014.0,54,212,9.7,0.3,1068.5
53863,2019-10-13 22:27:00,22.0,1000.5,65,312,2.6,0.2,1351.7
53868,2019-10-13 22:27:00,8.5,1013.8,12,118,1.9,0.7,1174.0
53877,2019-10-13 22:27:00,10.0,1001.6,37,267,11.9,1.0,1246.5
53882,2019-10-13 22:27:00,0.9,1007.3,84,30,10.0,0.8,1288.3
53884,2019-10-13 22:27:00,32.4,1020.1,11,254,6.2,0.2,1189.0
53959,2019-10-13 22:27:00,30.2,1006.2,98,126,12.7,0.4,1168.5
53963,2019-10-13 22:27:00,0.9,1009.7,35,359,3.5,1.5,1184.7
53968,2019-10-13 22:27:00,25.9,1019.1,76,15,13.9,1.0,1457.0
53975,2019-10-13 22:27:00,9.3,1010.9,33,10,11.0,1.0,1432.9
57052,2019-10-13 22:27:00,27.8,1024.2,4,326,11.6,1.3,1408.0
53646,2019-10-13 22:27:00,10.9,1006.8,1,233,9.7,1.5,1050.8
53651,2019-10-13 22:27:00,30.3,1020.3,51,219,6.1,0.1,1168.0
53725,2019-10-13 22:27:00,22.9,1002.8,72,185,3.7,0.7,1300.9
53735,2019-10-13 22:27:00,16.3,1009.1,92,116,2.3,0.3,1283.6
53738,2019-10-13 22:27:00,17.6,1017.3,68,166,1.3,1.5,1206.7
53740,2019-10-13 22:27:00,20.2,1023.6,84,287,6.6,0.9,1241.4
53754,2019-10-13 22:27:00,30.0,1005.0,53,43,14.8,0.4,1408.0
53845,2019-10-13 22:27:00,1.4,1016.1,16,347,3.3,1.0,1210.7
53854,2019-10-13 22:27:00,1.5,1024.8,58,0,5.3,0.8,1274.6
53929,2019-10-13 22:27:00,0.5,1026.1,18,342,0.4,1.2,1221.1
53942,2019-10-13 22:27:00,9.9,1023.5,69,183,4.6,0.4,1346.6
53948,2019-10-13 22:27:00,16.5,1009.6,67,124,12.8,0.5,1177.3
53955,2019-10-13 22:27:00,24.6,1008.4,87,43,9.5,1.5,1375.8
57003,2019-10-13 22:27:00,10.4,1011.5,11,289,11.8,0.0,1078.5
57025,2019-10-13 22:27:00,28.1,1015.2,86,65,1.8,1.3,1266.0
57028,2019-10-13 22:27:00,27.5,1018.5,87,152,2.4,0.8,1393.0
57030,2019-10-13 22:27:00,28.2,1023.0,20,319,2.7,0.9,1364.4
57034,2019-10-13 22:27:00,22.7,1020.1,67,284,2.3,0.9,1389.2
57037,2019-10-13 22:27:00,31.2,1025.4,50,143,9.1,0.2,1154.2
57046,2019-10-13 22:27:00,11.9,1010.1,62,329,6.9,1.2,1401.3
57048,2019-10-13 22:27:00,18.6,1000.7,91,297,9.0,1.0,1135.8
57049,2019-10-13 22:27:00,14.7,1021.9,11,201,2.0,0.1,1230.0
57106,2019-10-13 22:27:00,31.4,1012.1,12,86,1.7,0.1,1162.8
57124,2019-10-13 22:27:00,18.9,1025.7,12,352,9.1,0.8,1171.3
57127,2019-10-13 22:27:00,7.9,1020.2,96,103,7.5,0.2,1272.0
57131,2019-10-13 22:27:00,7.8,1002.0,21,34,12.1,0.2,1483.4
57134,2019-10-13 22:27:00,8.2,1000.9,93,297,6.7,1.2,1426.1
57140,2019-10-13 22:27:00,13.5,1018.2,27,73,1.6,0.5,1211.2
57143,2019-10-13 22:27:00,20.6,1012.3,71,87,8.8,1.4,1455.3
57144,2019-10-13 22:27:00,33.5,1021.1,27,222,0.8,1.4,1101.8
57154,2019-10-13 22:27:00,33.9,1019.1,44,23,14.0,0.3,1087.1
57211,2019-10-13 22:27:00,22.9,1021.1,90,202,1.0,0.7,1200.1
57232,2019-10-13 22:27:00,11.5,1012.8,57,96,12.1,0.7,1252.8
57238,2019-10-13 22:27:00,5.4,1003.0,79,326,10.1,1.3,1119.0
57245,2019-10-13 22:27:00,15.1,1012.5,77,148,8.6,1.5,1334.4
57343,2019-10-13 22:27:00,18.2,1005.2,78,67,10.0,1.4,1344.7
58362,2019-10-13 22:27:00,7.6,1014.8,22,92,14.1,0.5,1149.1
56038,2019-10-13 22:27:00,2.0,1011.1,37,118,0.1,0.3,1479.7
56079,2019-10-13 22:27:00,15.7,1006.9,66,135,7.9,0.5,1398.4
56144,2019-10-13 22:27:00,16.9,1009.3,21,25,2.2,1.3,1314.7
56146,2019-10-13 22:27:00,27.9,1006.5,66,337,14.8,0.2,1300.3
56152,2019-10-13 22:27:00,10.7,1016.8,63,107,2.4,0.6,1129.9
56167,2019-10-13 22:27:00,34.2,1015.5,43,164,4.1,0.7,1111.9
56172,2019-10-13 22:27:00,24.7,1018.2,57,189,1.5,0.0,1077.3
56173,2019-10-13 22:27:00,18.2,1022.5,71,84,4.0,0.3,1115.6
56178,2019-10-13 22:27:00,2.7,1000.6,84,33,14.4,0.5,1083.9
56182,2019-10-13 22:27:00,11.8,1019.5,79,208,1.1,0.4,1195.8
56187,2019-10-13 22:27:00,25.1,1012.6,86,75,3.3,0.1,1350.8
56188,2019-10-13 22:27:00,13.7,1020.9,3,130,14.6,0.8,1037.3
56196,2019-10-13 22:27:00,15.0,1013.0,9,238,13.6,0.7,1163.9
56247,2019-10-13 22:27:00,8.3,1011.3,4,282,8.3,0.1,1170.4
56251,2019-10-13 22:27:00,8.9,1016.5,89,251,8.8,0.9,1090.0
56257,2019-10-13 22:27:00,19.1,1017.1,96,193,3.7,0.5,1083.7
56287,2019-10-13 22:27:00,16.6,1013.7,71,271,13.2,1.4,1337.5
56357,2019-10-13 22:27:00,7.1,1020.3,65,172,11.3,1.5,1139.4
56374,2019-10-13 22:27:00,0.7,1004.8,10,5,1.0,0.9,1380.3
56385,2019-10-13 22:27:00,11.4,1024.4,79,303,4.2,1.3,1058.7
56386,2019-10-13 22:27:00,26.5,1008.5,64,224,14.9,1.3,1416.2
56459,2019-10-13 22:27:00,21.3,1001.2,41,23,4.0,0.0,1190.6
56462,2019-10-13 22:27:00,33.3,1012.9,14,42,7.7,1.1,1368.7
56475,2019-10-13 22:27:00,33.1,1025.4,48,110,14.9,1.3,1145.7
56479,2019-10-13 22:27:00,19.4,1009.3,14,323,3.0,0.1,1168.5
56485,2019-10-13 22:27:00,8.3,1007.4,28,242,8.2,0.7,1446.0
56492,2019-10-13 22:27:00,29.7,1020.4,25,28,4.8,0.5,1298.1
56565,2019-10-13 22:27:00,31.2,1015.4,82,128,3.9,0.4,1098.0
56571,2019-10-13 22:27:00,13.5,1004.9,25,183,11.2,1.0,1087.8
56666,2019-10-13 22:27:00,8.2,1018.2,47,73,8.3,0.1,1352.2
56671,2019-10-13 22:27:00,32.2,1010.4,53,62,12.0,0.8,1183.7
57206,2019-10-13 22:27:00,7.3,1019.6,57,97,8.2,0.5,1264.7
57237,2019-10-13 22:27:00,1.1,1023.4,78,263,7.8,1.3,1433.0
57306,2019-10-13 22:27:00,10.5,1001.4,6,257,10.6,1.5,1498.1
57313,2019-10-13 22:27:00,0.8,1005.0,47,159,2.7,0.3,1000.3
57314,2019-10-13 22:27:00,0.4,1012.2,76,330,4.5,0.7,1190.0
57328,2019-10-13 22:27:00,9.8,1012.0,86,323,9.1,0.6,1106.7
57405,2019-10-13 22:27:00,26.7,1025.4,19,255,0.5,0.3,1060.2
57411,2019-10-13 22:27:00,32.6,1008.4,16,226,11.1,0.2,1077.2
57503,2019-10-13 22:27:00,5.8,1019.8,20,270,14.2,1.4,1221.1
57604,2019-10-13 22:27:00,5.9,1005.0,80,218,10.2,0.1,1052.1
57608,2019-10-13 22:27:00,5.4,1000.4,41,168,9.5,0.2,1465.4
54525,2019-10-13 22:27:00,32.6,1008.1,88,85,6.7,1.1,1063.0
54527,2019-10-13 22:27:00,34.0,1018.7,89,1,13.2,1.5,1433.7
54623,2019-10-13 22:27:00,1.0,1013.3,76,4,13.8,0.2,1019.9
55228,2019-10-13 22:27:00,20.5,1007.6,9,358,10.3,0.4,1464.2
55248,2019-10-13 22:27:00,1.9,1016.6,94,21,9.7,1.3,1244.4
55279,2019-10-13 22:27:00,25.7,1024.3,42,154,0.5,1.0,1446.7
55294,2019-10-13 22:27:00,0.9,1001.6,31,73,4.9,0.1,1360.4
55299,2019-10-13 22:27:00,13.7,1003.2,17,82,8.5,0.0,1239.1
55437,2019-10-13 22:27:00,4.1,1000.2,32,169,14.0,1.2,1157.7
55472,2019-10-13 22:27:00,26.8,1006.2,14,55,14.5,1.0,1150.5
55493,2019-10-13 22:27:00,17.8,1024.8,70,61,8.2,0.7,1201.4
55569,2019-10-13 22:27:00,15.0,1002.2,38,153,7.1,0.1,1109.1
55578,2019-10-13 22:27:00,12.3,1020.2,32,127,0.9,1.0,1067.5
55585,2019-10-13 22:27:00,0.8,1024.7,31,348,14.4,1.5,1152.8
55591,2019-10-13 22:27:00,14.6,1023.2,45,72,14.2,0.9,1023.0
55598,2019-10-13 22:27:00,27.0,1005.2,42,250,7.6,1.0,1269.6
55655,2019-10-13 22:27:00,24.9,1022.5,95,235,11.7,0.9,1238.1
55664,2019-10-13 22:27:00,7.9,1010.8,91,319,2.5,0.9,1458.0
55680,2019-10-13 22:27:00,33.5,1025.3,63,301,12.2,1.1,1223.5
55681,2019-10-13 22:27:00,35.0,1014.9,93,53,9.3,0.9,1090.0
55690,2019-10-13 22:27:00,2.5,1019.7,91,38,5.4,0.8,1379.9
55696,2019-10-13 22:27:00,0.1,1006.5,77,312,0.0,0.7,1350.6
55773,2019-10-13 22:27:00,3.7,1013.7,52,28,6.2,1.0,1260.1
56106,2019-10-13 22:27:00,20.9,1025.7,69,44,5.3,1.2,1283.9
56116,2019-10-13 22:27:00,16.2,1003.2,54,158,1.4,1.1,1111.8
56137,2019-10-13 22:27:00,30.5,1001.5,64,322,14.2,1.1,1315.3
56202,2019-10-13 22:27:00,7.0,1012.0,80,69,10.4,0.6,1318.1
56223,2019-10-13 22:27:00,25.4,1013.5,80,254,2.7,0.3,1304.3
56227,2019-10-13 22:27:00,7.5,1016.4,8,190,10.8,0.4,1392.8
56312,2019-10-13 22:27:00,30.6,1026.1,38,243,3.6,0.8,1434.6
56331,2019-10-13 22:27:00,33.1,1016.9,85,230,0.6,0.3,1467.3
56434,2019-10-13 22:27:00,16.5,1000.8,9,300,4.8,0.0,1128.7
51053,2019-10-13 22:27:00,16.4,1007.7,45,239,9.9,0.7,1439.0
51059,2019-10-13 22:27:00,26.7,1023.9,42,52,2.0,1.1,1306.8
51060,2019-10-13 22:27:00,24.9,1003.3,17,346,12.9,0.5,1336.7
51068,2019-10-13 22:27:00,21.2,1020.8,48,359,6.6,1.5,1429.6
51076,2019-10-13 22:27:00,4.7,1019.5,18,85,8.5,0.1,1169.9
51087,2019-10-13 22:27:00,0.7,1022.1,98,173,13.0,0.2,1175.3
51133,2019-10-13 22:27:00,13.0,1012.1,57,280,10.7,0.5,1420.0
51156,2019-10-13 22:27:00,10.8,1006.6,7,86,14.4,1.3,1209.0
51186,2019-10-13 22:27:00,12.8,1006.3,9,130,6.0,1.3,1248.9
51232,2019-10-13 22:27:00,14.8,1023.5,32,261,0.7,0.4,1285.3
51238,2019-10-13 22:27:00,30.3,1021.5,5,92,9.4,1.3,1076.3
51241,2019-10-13 22:27:00,4.0,1023.4,4,301,11.2,0.1,1101.9
51243,2019-10-13 22:27:00,31.9,1016.5,98,211,3.0,1.0,1035.9
51288,2019-10-13 22:27:00,3.6,1018.3,29,176,12.4,1.5,1035.0
51330,2019-10-13 22:27:00,21.6,1018.1,45,312,6.4,0.5,1141.3
51334,2019-10-13 22:27:00,4.8,1003.0,22,43,4.6,0.8,1165.0
51346,2019-10-13 22:27:00,33.6,1023.5,77,158,10.2,0.6,1225.4
51358,2019-10-13 22:27:00,31.8,1025.2,92,245,1.7,1.2,1472.4
51365,2019-10-13 22:27:00,17.5,1013.8,31,346,12.5,0.3,1245.4
51367,2019-10-13 22:27:00,15.4,1018.6,68,31,3.8,0.8,1234.8
51379,2019-10-13 22:27:00,1.3,1021.1,23,158,5.4,1.5,1484.0
51431,2019-10-13 22:27:00,30.1,1010.5,59,303,0.9,0.6,1091.7
51433,2019-10-13 22:27:00,29.4,1015.9,82,234,0.7,1.1,1010.7
51437,2019-10-13 22:27:00,24.3,1016.5,4,253,11.8,1.5,1321.6
51463,2019-10-13 22:27:00,23.2,1023.3,43,126,3.2,0.1,1425.9
51467,2019-10-13 22:27:00,31.2,1011.6,14,316,14.3,0.7,1394.3
51469,2019-10-13 22:27:00,31.2,1021.3,60,102,9.7,0.8,1358.6
51470,2019-10-13 22:27:00,3.3,1020.9,62,49,4.6,1.2,1275.8
51477,2019-10-13 22:27:00,31.6,1015.4,92,305,10.3,0.2,1344.1
51495,2019-10-13 22:27:00,9.7,1026.1,69,85,11.7,1.3,1245.9
51526,2019-10-13 22:27:00,31.8,1025.8,14,306,12.6,1.2,1060.4
51542,2019-10-13 22:27:00,17.0,1005.5,10,111,1.9,1.4,1445.9
51567,2019-10-13 22:27:00,24.0,1024.6,36,124,2.6,0.3,1442.1
51573,2019-10-13 22:27:00,18.7,1001.3,87,68,6.6,1.0,1184.3
51581,2019-10-13 22:27:00,22.3,1019.3,19,307,14.1,1.5,1306.8
51628,2019-10-13 22:27:00,5.2,1010.1,66,265,2.1,0.6,1473.2
51633,2019-10-13 22:27:00,10.7,1015.8,98,149,13.5,0.0,1257.3
51639,2019-10-13 22:27:00,0.3,1000.8,9,334,2.8,1.4,1162.9
51642,2019-10-13 22:27:00,14.2,1025.0,60,59,13.8,0.5,1397.6
51644,2019-10-13 22:27:00,7.9,1007.6,44,141,6.7,0.1,1221.3
51655,2019-10-13 22:27:00,16.9,1024.9,76,60,3.8,0.8,1032.4
51656,2019-10-13 22:27:00,9.6,1014.0,88,288,2.4,0.3,1323.2
51701,2019-10-13 22:27:00,5.9,1005.6,97,101,14.4,0.3,1032.9
51704,2019-10-13 22:27:00,13.8,1023.2,12,216,9.3,0.2,1483.4
51705,2019-10-13 22:27:00,22.4,1003.9,68,240,10.9,0.2,1226.6
51709,2019-10-13 22:27:00,10.9,1011.8,27,34,2.9,0.9,1330.1
51711,2019-10-13 22:27:00,28.8,1000.6,97,59,10.2,0.0,1371.9
51716,2019-10-13 22:27:00,21.7,1017.9,46,131,3.3,0.8,1305.9
51720,2019-10-13 22:27:00,11.9,1009.4,69,271,8.4,0.3,1064.5
51730,2019-10-13 22:27:00,32.3,1023.5,29,16,9.8,0.2,1162.5
51747,2019-10-13 22:27:00,10.7,1000.8,85,314,3.1,0.4,1135.0
51765,2019-10-13 22:27:00,28.4,1015.4,59,304,7.5,0.7,1386.4
51777,2019-10-13 22:27:00,28.8,1025.1,15,227,2.8,1.4,1179.0
51804,2019-10-13 22:27:00,12.5,1005.4,76,169,4.9,1.5,1032.4
51810,2019-10-13 22:27:00,0.7,1015.0,28,267,2.8,0.7,1301.6
51811,2019-10-13 22:27:00,3.2,1004.0,13,334,7.1,0.2,1230.0
51818,2019-10-13 22:27:00,9.2,1008.8,46,344,13.9,1.5,1079.8
51828,2019-10-13 22:27:00,6.9,1019.0,76,203,11.5,0.2,1050.8
51839,2019-10-13 22:27:00,11.3,1021.0,2,334,6.5,0.0,1012.9
51855,2019-10-13 22:27:00,1.0,1011.8,9,256,9.0,1.2,1136.9
51931,2019-10-13 22:27:00,12.5,1014.4,34,127,12.2,0.7,1490.6
52101,2019-10-13 22:27:00,19.1,1024.7,9,53,3.8,1.1,1311.1
52112,2019-10-13 22:27:00,1.2,1021.3,14,249,9.0,1.1,1419.9
52118,2019-10-13 22:27:00,11.2,1013.5,79,203,4.1,1.0,1462.7
52203,2019-10-13 22:27:00,8.9,1006.5,64,143,0.6,0.8,1068.8
52313,2019-10-13 22:27:00,12.0,1001.2,67,255,2.0,0.2,1177.9
56444,2019-10-13 22:27:00,8.3,1004.7,50,165,4.2,0.3,1132.3
56533,2019-10-13 22:27:00,30.7,1020.7,71,131,12.9,0.0,1450.8
56543,2019-10-13 22:27:00,29.0,1001.8,7,234,10.0,1.3,1099.3
56548,2019-10-13 22:27:00,17.6,1004.0,52,258,4.7,0.6,1058.2
56586,2019-10-13 22:27:00,31.1,1021.2,66,349,10.2,1.1,1374.9
56643,2019-10-13 22:27:00,1.5,1004.2,82,329,6.4,0.7,1191.0
56651,2019-10-13 22:27:00,30.1,1026.4,20,266,4.2,1.3,1074.0
56664,2019-10-13 22:27:00,12.8,1024.4,70,160,6.9,0.4,1246.5
56684,2019-10-13 22:27:00,10.2,1007.5,24,18,8.3,0.0,1207.5
56739,2019-10-13 22:27:00,25.1,1010.7,67,201,4.1,0.3,1196.2
56748,2019-10-13 22:27:00,11.1,1023.7,84,51,0.6,1.0,1483.6
56751,2019-10-13 22:27:00,33.5,1007.7,90,184,3.1,1.4,1405.3
56763,2019-10-13 22:27:00,6.5,1014.7,87,50,7.3,0.5,1016.8
56768,2019-10-13 22:27:00,1.9,1012.3,81,25,11.1,1.4,1317.5
56778,2019-10-13 22:27:00,11.6,1016.4,90,280,10.1,1.3,1041.9
56786,2019-10-13 22:27:00,11.2,1013.9,33,283,1.1,0.9,1260.4
56838,2019-10-13 22:27:00,34.9,1009.3,56,358,11.5,0.5,1473.3
56856,2019-10-13 22:27:00,13.8,1015.1,82,110,10.9,0.1,1258.7
56872,2019-10-13 22:27:00,0.8,1026.3,75,267,6.2,0.7,1262.0
56875,2019-10-13 22:27:00,28.8,1024.0,3,346,2.2,1.4,1333.3
56886,2019-10-13 22:27:00,23.2,1019.7,1,22,9.0,0.3,1474.5
56946,2019-10-13 22:27:00,15.5,1001.0,54,310,0.8,0.3,1207.0
56950,2019-10-13 22:27:00,16.3,1006.5,49,82,1.4,0.6,1174.2
56951,2019-10-13 22:27:00,20.2,1009.4,61,112,3.2,1.4,1297.6
56954,2019-10-13 22:27:00,32.1,1023.1,12,281,10.3,1.5,1349.2
56959,2019-10-13 22:27:00,13.9,1022.3,57,112,12.0,0.1,1355.7
56964,2019-10-13 22:27:00,23.9,1012.6,4,230,9.7,1.5,1380.1
56966,2019-10-13 22:27:00,18.1,1005.2,66,201,11.8,0.5,1145.4
56969,2019-10-13 22:27:00,10.0,1023.7,57,338,8.3,0.4,1150.2
56977,2019-10-13 22:27:00,15.9,1022.3,24,251,5.4,1.5,1434.1
56985,2019-10-13 22:27:00,32.4,1003.1,87,85,13.7,1.3,1214.8
56986,2019-10-13 22:27:00,7.8,1018.6,100,59,7.5,0.8,1172.2
56991,2019-10-13 22:27:00,25.9,1001.4,28,88,2.6,1.1,1421.8
59007,2019-10-13 22:27:00,33.4,1008.5,7,257,13.9,1.0,1251.8
58448,2019-10-13 22:27:00,0.7,1009.3,64,97,5.4,0.1,1287.7
58450,2019-10-13 22:27:00,12.6,1019.9,30,238,4.0,1.2,1308.5
58457,2019-10-13 22:27:00,13.0,1024.4,20,271,8.3,0.6,1410.0
58464,2019-10-13 22:27:00,26.9,1020.6,18,232,8.7,0.8,1027.0
58467,2019-10-13 22:27:00,16.4,1000.8,50,261,12.3,0.5,1314.9
58472,2019-10-13 22:27:00,27.2,1014.1,66,54,11.1,1.4,1335.5
58477,2019-10-13 22:27:00,4.1,1004.2,83,19,12.1,0.5,1298.2
58543,2019-10-13 22:27:00,6.8,1007.6,42,290,3.5,0.2,1124.0
58549,2019-10-13 22:27:00,19.1,1014.6,65,2,4.4,1.0,1026.6
58553,2019-10-13 22:27:00,30.4,1020.8,14,270,10.1,0.2,1448.2
58556,2019-10-13 22:27:00,24.2,1007.7,29,138,0.6,0.7,1132.8
58557,2019-10-13 22:27:00,24.1,1005.6,72,316,6.8,0.0,1081.2
58562,2019-10-13 22:27:00,17.6,1018.7,3,59,0.9,0.6,1451.3
58569,2019-10-13 22:27:00,21.6,1013.1,5,257,11.9,0.9,1050.0
58633,2019-10-13 22:27:00,10.1,1003.0,4,215,7.9,1.2,1486.8
58646,2019-10-13 22:27:00,33.1,1008.5,43,84,11.3,1.3,1069.3
58652,2019-10-13 22:27:00,20.6,1013.9,13,148,0.2,0.2,1472.5
58665,2019-10-13 22:27:00,7.8,1010.6,49,310,12.3,0.8,1130.3
58666,2019-10-13 22:27:00,27.6,1009.9,28,125,12.4,1.1,1439.5
58667,2019-10-13 22:27:00,20.1,1024.0,59,100,6.2,0.5,1209.3
58742,2019-10-13 22:27:00,2.5,1003.8,10,169,9.8,0.9,1190.4
58752,2019-10-13 22:27:00,20.6,1018.9,18,5,7.6,0.1,1336.1
58760,2019-10-13 22:27:00,29.8,1020.5,88,5,9.4,0.3,1307.7
57348,2019-10-13 22:27:00,3.3,1010.8,17,277,11.3,0.6,1477.5
57426,2019-10-13 22:27:00,4.0,1001.7,74,72,4.8,1.1,1189.1
57432,2019-10-13 22:27:00,21.5,1008.8,12,358,14.8,0.4,1331.0
57502,2019-10-13 22:27:00,3.2,1016.0,55,265,11.7,1.0,1029.7
57512,2019-10-13 22:27:00,32.0,1006.2,34,45,0.5,0.9,1211.9
57516,2019-10-13 22:27:00,5.9,1003.1,80,7,10.5,0.5,1291.4
57517,2019-10-13 22:27:00,8.4,1007.7,14,119,10.0,0.8,1342.1
57520,2019-10-13 22:27:00,16.7,1025.6,17,224,0.3,1.5,1421.9
57523,2019-10-13 22:27:00,30.8,1000.8,25,196,2.0,0.9,1035.6
57536,2019-10-13 22:27:00,35.0,1010.6,85,209,13.7,0.0,1273.6
57612,2019-10-13 22:27:00,30.9,1025.3,48,88,1.5,0.8,1283.9
57633,2019-10-13 22:27:00,22.4,1010.5,50,318,14.6,0.5,1175.2
