58015,2019-09-17 13:36:00,24.1,1003.0,95,199,10.9,0.3,1167.5
58102,2019-09-17 13:36:00,17.7,1025.1,49,65,10.4,0.1,1214.6
58118,2019-09-17 13:36:00,6.9,1021.3,50,251,11.5,1.1,1135.3
58122,2019-09-17 13:36:00,8.8,1014.7,69,168,4.3,1.3,1214.3
58203,2019-09-17 13:36:00,13.5,1006.3,22,260,9.4,0.7,1286.2
58215,2019-09-17 13:36:00,9.3,1010.2,2,52,1.4,1.3,1089.5
58221,2019-09-17 13:36:00,11.6,1013.4,55,158,7.7,0.0,1493.7
58225,2019-09-17 13:36:00,10.1,1006.6,75,295,3.9,0.2,1398.6
58236,2019-09-17 13:36:00,16.1,1009.1,39,116,13.6,1.1,1078.2
58311,2019-09-17 13:36:00,21.0,1014.9,20,229,13.9,0.4,1231.6
58314,2019-09-17 13:36:00,7.8,1022.1,44,23,2.5,0.6,1492.0
58319,2019-09-17 13:36:00,27.4,1024.4,37,40,11.5,1.0,1025.2
58321,2019-09-17 13:36:00,5.0,1011.6,24,272,3.7,1.3,1235.5
58326,2019-09-17 13:36:00,5.1,1020.1,30,118,14.7,0.1,1481.8
58336,2019-09-17 13:36:00,24.7,1007.8,42,341,9.5,1.3,1396.9
58338,2019-09-17 13:36:00,25.5,1004.0,52,95,3.9,1.1,1359.4
58414,2019-09-17 13:36:00,20.9,1023.1,44,285,10.7,1.4,1257.9
58419,2019-09-17 13:36:00,10.3,1000.4,99,181,0.0,0.8,1333.3
58424,2019-09-17 13:36:00,2.3,1004.1,32,88,10.4,0.4,1061.9
58429,2019-09-17 13:36:00,33.4,1008.6,48,140,9.6,0.6,1350.2
58436,2019-09-17 13:36:00,24.4,1012.4,24,184,4.2,0.2,1207.7
58437,2019-09-17 13:36:00,10.1,1010.9,67,67,11.3,0.5,1087.9
58520,2019-09-17 13:36:00,3.1,1024.5,5,88,7.6,1.1,1264.2
58531,2019-09-17 13:36:00,11.7,1004.1,87,290,7.3,0.9,1232.4
54406,2019-09-17 13:36:00,15.2,1012.0,98,19,2.6,1.2,1131.7
54416,2019-09-17 13:36:00,5.9,1012.5,65,149,2.4,0.2,1043.8
54511,2019-09-17 13:36:00,15.7,1020.4,90,258,14.4,1.3,1161.9
58725,2019-09-17 13:36:00,15.8,1005.5,35,175,4.1,0.9,1231.1
58730,2019-09-17 13:36:00,26.8,1005.8,40,358,14.6,0.0,1275.6
58731,2019-09-17 13:36:00,30.1,1000.1,53,1,5.1,1.2,1003.3
58734,2019-09-17 13:36:00,7.1,1014.2,80,100,0.2,0.0,1220.1
58737,2019-09-17 13:36:00,23.1,1014.6,9,253,9.1,1.0,1113.9
58744,2019-09-17 13:36:00,10.0,1021.5,66,261,12.6,1.2,1235.3
58754,2019-09-17 13:36:00,31.7,1015.1,89,114,10.9,0.0,1385.6
58818,2019-09-17 13:36:00,16.2,1009.5,99,71,6.4,0.1,1175.3
58820,2019-09-17 13:36:00,9.6,1009.5,94,355,10.8,0.9,1053.4
58834,2019-09-17 13:36:00,7.0,1007.5,69,15,11.3,0.1,1281.7
58837,2019-09-17 13:36:00,23.0,1020.8,28,293,8.9,1.1,1120.5
58843,2019-09-17 13:36:00,19.0,1024.7,96,352,1.9,1.3,1138.1
58846,2019-09-17 13:36:00,27.7,1025.2,19,202,6.9,1.1,1048.0
58847,2019-09-17 13:36:00,31.5,1001.9,10,248,5.9,0.1,1020.9
58911,2019-09-17 13:36:00,17.9,1018.4,53,283,10.7,1.1,1256.2
58918,2019-09-17 13:36:00,28.5,1018.0,37,268,5.4,0.3,1046.5
58921,2019-09-17 13:36:00,9.3,1002.3,68,172,0.0,0.5,1393.3
58926,2019-09-17 13:36:00,27.0,1008.0,37,178,6.6,0.9,1460.2
58927,2019-09-17 13:36:00,20.0,1006.7,42,162,4.3,1.3,1422.5
58931,2019-09-17 13:36:00,26.3,1021.8,95,62,7.0,0.6,1351.4
58933,2019-09-17 13:36:00,11.0,1022.5,15,84,4.3,0.1,1369.4
58936,2019-09-17 13:36:00,34.4,1006.2,84,36,7.2,0.3,1365.5
58944,2019-09-17 13:36:00,3.7,1015.0,93,37,9.7,0.1,1011.5
59113,2019-09-17 13:36:00,13.3,1013.9,86,306,10.4,1.1,1247.1
59126,2019-09-17 13:36:00,2.5,1010.3,3,162,7.8,0.0,1409.0
59133,2019-09-17 13:36:00,10.6,1017.1,76,306,7.5,0.6,1122.1
59134,2019-09-17 13:36:00,22.6,1023.1,49,119,10.2,0.4,1219.3
59321,2019-09-17 13:36:00,30.2,1014.0,77,354,5.4,0.1,1477.3
52323,2019-09-17 13:36:00,3.3,1010.4,41,76,0.7,0.6,1038.3
52418,2019-09-17 13:36:00,21.2,1007.0,99,138,11.3,0.5,1463.6
52424,2019-09-17 13:36:00,28.8,1014.9,11,19,1.5,1.4,1393.9
52436,2019-09-17 13:36:00,17.5,1020.5,36,1,2.5,1.1,1490.9
52446,2019-09-17 13:36:00,5.1,1020.1,9,64,2.0,1.2,1074.7
52447,2019-09-17 13:36:00,22.9,1008.3,73,36,0.5,0.2,1108.4
52533,2019-09-17 13:36:00,30.5,1014.8,3,359,12.7,1.2,1172.1
52546,2019-09-17 13:36:00,14.4,1024.4,30,4,12.4,1.2,1391.1
52652,2019-09-17 13:36:00,28.5,1012.9,54,55,10.5,0.9,1094.0
52661,2019-09-17 13:36:00,20.4,1010.9,14,8,5.4,0.1,1335.3
52674,2019-09-17 13:36:00,34.5,1001.2,51,299,10.2,1.2,1479.6
52679,2019-09-17 13:36:00,14.9,1008.0,42,95,9.4,1.1,1115.5
52681,2019-09-17 13:36:00,18.3,1019.9,78,314,6.9,0.2,1465.0
52787,2019-09-17 13:36:00,22.9,1007.1,94,126,0.2,1.4,1253.7
52797,2019-09-17 13:36:00,19.5,1011.8,92,27,10.2,1.3,1303.3
52884,2019-09-17 13:36:00,27.7,1014.3,41,307,6.8,1.4,1088.8
52895,2019-09-17 13:36:00,14.3,1023.2,54,155,4.8,0.6,1314.2
52983,2019-09-17 13:36:00,22.6,1000.2,72,58,10.5,0.0,1318.4
52984,2019-09-17 13:36:00,15.0,1008.8,71,37,11.8,0.9,1214.1
52986,2019-09-17 13:36:00,14.3,1018.0,87,238,10.5,0.6,1326.6
52996,2019-09-17 13:36:00,24.9,1009.2,28,320,12.1,0.8,1149.1
53821,2019-09-17 13:36:00,21.8,1002.0,90,181,12.9,0.8,1485.6
53915,2019-09-17 13:36:00,11.5,1004.4,44,335,5.4,1.4,1023.5
53923,2019-09-17 13:36:00,14.2,1016.7,1,175,8.2,1.0,1391.7
56074,2019-09-17 13:36:00,29.3,1014.6,39,75,13.1,0.9,1058.1
56080,2019-09-17 13:36:00,30.0,1001.5,36,264,11.7,0.9,1320.6
56093,2019-09-17 13:36:00,22.5,1008.9,58,203,6.8,1.3,1000.1
56096,2019-09-17 13:36:00,21.2,1026.2,95,137,14.6,0.2,1034.2
57014,2019-09-17 13:36:00,32.0,1002.4,67,280,0.3,0.4,1272.5
57996,2019-09-17 13:36:00,2.9,1005.9,44,228,2.6,0.6,1173.9
59072,2019-09-17 13:36:00,23.6,1012.7,84,81,14.7,0.0,1360.0
59082,2019-09-17 13:36:00,21.9,1020.8,56,142,1.2,1.4,1132.9
59087,2019-09-17 13:36:00,17.1,1014.6,32,140,8.3,1.3,1009.6
59088,2019-09-17 13:36:00,9.5,1002.6,49,340,8.0,1.5,1460.4
59096,2019-09-17 13:36:00,16.0,1025.6,26,241,7.9,0.8,1017.8
59097,2019-09-17 13:36:00,3.5,1001.1,68,65,4.4,0.7,1324.6
59107,2019-09-17 13:36:00,33.3,1021.0,79,306,7.3,1.4,1362.7
59116,2019-09-17 13:36:00,22.5,1002.6,19,212,6.9,0.2,1202.0
59117,2019-09-17 13:36:00,12.5,1017.9,26,157,13.3,1.4,1336.9
59271,2019-09-17 13:36:00,28.1,1015.3,54,10,1.4,0.0,1098.5
59278,2019-09-17 13:36:00,32.5,1026.2,76,197,2.4,0.9,1043.5
59280,2019-09-17 13:36:00,24.9,1019.5,94,276,12.9,0.8,1090.4
59287,2019-09-17 13:36:00,10.8,1008.2,66,70,4.4,0.2,1171.3
59289,2019-09-17 13:36:00,16.2,1016.0,71,119,5.8,0.3,1135.7
59293,2019-09-17 13:36:00,14.8,1020.2,69,174,9.7,0.7,1308.1
59294,2019-09-17 13:36:00,5.8,1019.4,40,1,1.6,0.9,1065.7
59298,2019-09-17 13:36:00,16.1,1002.9,32,36,3.3,0.8,1057.2
59303,2019-09-17 13:36:00,20.3,1013.6,58,194,13.8,1.5,1250.4
59304,2019-09-17 13:36:00,33.5,1004.2,27,132,0.2,1.5,1129.9
59306,2019-09-17 13:36:00,1.5,1016.2,11,280,4.3,0.2,1283.0
59310,2019-09-17 13:36:00,15.0,1010.5,77,347,13.4,1.5,1110.7
59316,2019-09-17 13:36:00,21.8,1021.7,6,87,0.0,0.7,1314.6
59317,2019-09-17 13:36:00,29.7,1009.7,100,146,9.7,1.3,1289.5
59324,2019-09-17 13:36:00,24.6,1021.2,70,160,6.5,0.7,1463.8
59456,2019-09-17 13:36:00,12.0,1006.9,67,250,11.4,1.0,1232.7
59462,2019-09-17 13:36:00,13.8,1003.6,38,40,10.9,1.5,1205.3
59478,2019-09-17 13:36:00,17.2,1019.3,21,90,0.0,0.3,1348.0
59485,2019-09-17 13:36:00,20.6,1018.5,100,180,1.9,1.2,1365.2
59488,2019-09-17 13:36:00,28.0,1003.4,26,147,2.9,0.7,1423.8
59493,2019-09-17 13:36:00,31.2,1022.1,52,226,8.9,0.9,1245.6
59501,2019-09-17 13:36:00,31.3,1003.9,86,0,14.2,0.1,1044.8
59658,2019-09-17 13:36:00,2.0,1026.0,51,344,2.2,0.9,1096.3
59663,2019-09-17 13:36:00,23.7,1011.1,50,12,2.1,0.6,1437.1
59664,2019-09-17 13:36:00,0.6,1006.7,49,327,5.3,0.0,1462.2
59673,2019-09-17 13:36:00,32.1,1026.1,64,175,12.5,0.4,1137.9
59754,2019-09-17 13:36:00,19.2,1008.1,70,273,3.3,0.0,1445.8
57947,2019-09-17 13:36:00,3.5,1020.3,7,20,9.5,0.7,1359.1
57957,2019-09-17 13:36:00,33.0,1023.1,64,30,14.8,1.2,1380.8
57958,2019-09-17 13:36:00,4.4,1000.6,68,149,5.9,0.2,1214.5
59021,2019-09-17 13:36:00,2.8,1011.8,5,173,8.9,1.3,1065.1
59023,2019-09-17 13:36:00,19.5,1007.0,29,41,11.9,0.6,1071.3
59027,2019-09-17 13:36:00,5.6,1015.1,19,6,12.4,1.3,1479.8
59037,2019-09-17 13:36:00,19.4,1017.4,78,166,11.5,0.0,1019.0
59046,2019-09-17 13:36:00,9.0,1004.4,25,80,1.2,0.4,1397.4
59058,2019-09-17 13:36:00,26.4,1025.1,85,207,9.7,1.2,1260.4
59065,2019-09-17 13:36:00,13.0,1017.8,94,76,14.1,1.1,1393.7
59209,2019-09-17 13:36:00,20.5,1001.4,31,237,4.8,0.7,1076.8
59211,2019-09-17 13:36:00,24.5,1007.6,44,90,13.7,1.5,1222.7
59218,2019-09-17 13:36:00,12.8,1026.0,21,212,9.9,1.2,1069.9
59228,2019-09-17 13:36:00,10.1,1012.3,92,58,1.6,0.8,1006.5
59242,2019-09-17 13:36:00,32.0,1023.0,29,354,4.9,0.6,1052.4
59254,2019-09-17 13:36:00,7.0,1024.9,81,223,2.7,1.1,1358.8
59265,2019-09-17 13:36:00,28.4,1010.0,62,5,14.2,0.5,1425.3
59417,2019-09-17 13:36:00,32.2,1018.1,1,151,0.6,1.5,1457.7
59431,2019-09-17 13:36:00,13.4,1022.8,16,254,2.8,0.7,1009.0
59446,2019-09-17 13:36:00,25.8,1010.3,26,128,7.5,1.3,1255.4
59453,2019-09-17 13:36:00,31.5,1001.9,51,49,12.9,0.7,1279.0
59626,2019-09-17 13:36:00,17.0,1016.9,5,85,13.0,0.4,1145.0
59631,2019-09-17 13:36:00,24.0,1010.3,19,302,12.6,0.6,1310.7
59632,2019-09-17 13:36:00,7.7,1011.1,10,297,8.5,1.4,1178.4
59644,2019-09-17 13:36:00,24.2,1017.8,10,134,2.8,0.3,1063.1
59647,2019-09-17 13:36:00,26.6,1013.7,71,353,1.7,0.6,1496.3
56691,2019-09-17 13:36:00,6.4,1005.7,61,358,8.2,1.0,1285.4
56693,2019-09-17 13:36:00,15.4,1004.6,2,346,9.8,0.6,1165.7
56792,2019-09-17 13:36:00,23.5,1015.2,22,207,9.2,0.6,1243.6
56793,2019-09-17 13:36:00,2.1,1024.2,50,180,6.4,1.1,1397.1
57606,2019-09-17 13:36:00,7.9,1004.2,65,25,8.1,0.0,1169.5
57614,2019-09-17 13:36:00,7.7,1009.0,81,4,7.1,0.5,1412.8
57625,2019-09-17 13:36:00,26.6,1023.5,47,186,4.4,0.7,1386.5
57647,2019-09-17 13:36:00,18.2,1019.8,20,77,9.2,0.4,1021.9
57707,2019-09-17 13:36:00,12.4,1002.9,56,312,13.8,1.1,1242.6
57710,2019-09-17 13:36:00,5.7,1007.1,5,53,10.1,0.4,1021.7
57712,2019-09-17 13:36:00,3.5,1019.9,2,228,11.5,1.1,1406.6
57718,2019-09-17 13:36:00,30.6,1016.7,13,326,6.7,0.7,1489.6
57722,2019-09-17 13:36:00,2.7,1021.1,98,277,9.2,0.4,1469.7
57729,2019-09-17 13:36:00,22.4,1002.2,43,29,2.0,1.5,1052.2
57731,2019-09-17 13:36:00,25.9,1006.0,94,157,10.5,0.6,1193.9
57741,2019-09-17 13:36:00,19.0,1000.3,53,71,6.0,0.0,1138.9
57803,2019-09-17 13:36:00,21.1,1005.2,39,166,5.0,0.7,1190.9
57805,2019-09-17 13:36:00,9.5,1013.3,70,94,6.2,0.8,1162.1
57806,2019-09-17 13:36:00,10.6,1017.1,63,75,4.6,1.1,1419.2
57816,2019-09-17 13:36:00,25.6,1022.1,51,273,14.5,0.2,1244.8
57825,2019-09-17 13:36:00,6.2,1010.8,36,85,11.7,0.9,1418.8
57827,2019-09-17 13:36:00,13.8,1014.5,32,143,10.0,0.1,1359.8
57832,2019-09-17 13:36:00,21.6,1004.8,17,176,2.4,1.5,1428.6
57839,2019-09-17 13:36:00,13.1,1017.9,57,154,13.8,1.4,1251.8
57840,2019-09-17 13:36:00,34.6,1002.5,5,262,2.8,1.1,1466.7
57902,2019-09-17 13:36:00,33.8,1016.1,4,206,2.9,1.4,1121.6
57906,2019-09-17 13:36:00,21.6,1018.7,19,314,10.0,0.2,1460.3
57907,2019-09-17 13:36:00,33.8,1019.8,95,299,10.0,0.2,1465.4
57910,2019-09-17 13:36:00,32.8,1013.5,25,303,2.0,1.3,1289.0
57912,2019-09-17 13:36:00,16.0,1022.2,46,237,4.1,0.0,1325.5
57916,2019-09-17 13:36:00,10.3,1018.1,45,139,7.4,1.0,1318.7
57922,2019-09-17 13:36:00,29.8,1002.0,89,95,11.6,1.4,1254.8
57926,2019-09-17 13:36:00,13.8,1025.1,32,266,9.6,0.7,1242.7
57932,2019-09-17 13:36:00,12.0,1009.6,99,170,6.1,0.7,1324.9
59758,2019-09-17 13:36:00,31.2,1017.0,35,172,13.2,0.2,1006.9
59838,2019-09-17 13:36:00,10.8,1001.4,22,154,9.4,0.5,1193.0
59845,2019-09-17 13:36:00,23.1,1021.3,96,88,8.1,0.2,1429.4
59849,2019-09-17 13:36:00,10.2,1023.4,68,67,7.2,0.2,1167.7
59855,2019-09-17 13:36:00,11.2,1004.6,37,325,5.9,0.6,1323.4
59948,2019-09-17 13:36:00,31.7,1015.7,86,171,9.6,1.4,1395.6
59954,2019-09-17 13:36:00,29.6,1017.5,80,355,6.0,1.0,1227.0
59981,2019-09-17 13:36:00,34.5,1016.5,71,220,9.1,0.1,1486.8
53399,2019-09-17 13:36:00,0.1,1025.5,37,177,6.9,0.8,1475.6
53593,2019-09-17 13:36:00,3.8,1024.4,93,101,4.6,0.9,1241.4
53698,2019-09-17 13:36:00,0.5,1012.5,10,166,0.2,0.4,1148.8
53798,2019-09-17 13:36:00,17.9,1000.7,78,353,7.4,0.3,1489.3
54308,2019-09-17 13:36:00,34.8,1013.8,93,88,14.6,0.8,1321.7
54311,2019-09-17 13:36:00,28.7,1026.2,61,35,4.8,0.8,1352.9
54401,2019-09-17 13:36:00,18.5,1023.8,41,62,11.8,1.3,1113.8
54405,2019-09-17 13:36:00,4.9,1002.7,75,354,6.1,1.1,1450.0
54423,2019-09-17 13:36:00,17.1,1019.7,65,240,4.0,0.4,1224.2
54429,2019-09-17 13:36:00,4.3,1025.6,7,303,4.0,0.2,1316.8
54436,2019-09-17 13:36:00,29.6,1021.0,19,38,0.3,0.2,1420.7
54449,2019-09-17 13:36:00,30.8,1004.2,61,285,5.4,1.4,1359.7
54518,2019-09-17 13:36:00,1.4,1006.2,71,32,9.1,0.2,1433.5
54534,2019-09-17 13:36:00,27.7,1006.2,33,212,7.8,1.0,1028.5
54535,2019-09-17 13:36:00,11.9,1012.4,79,280,12.4,0.1,1246.3
54539,2019-09-17 13:36:00,8.9,1013.0,31,172,1.9,0.2,1245.5
54602,2019-09-17 13:36:00,2.3,1015.2,29,352,6.6,0.2,1479.2
54606,2019-09-17 13:36:00,23.0,1009.7,1,12,2.4,0.1,1485.3
54618,2019-09-17 13:36:00,31.6,1022.3,93,226,3.0,1.1,1243.3
54624,2019-09-17 13:36:00,0.5,1024.5,89,176,2.7,1.0,1089.1
54705,2019-09-17 13:36:00,31.7,1004.1,87,232,8.8,1.4,1115.2
53898,2019-09-17 13:36:00,17.0,1018.0,62,146,4.7,0.2,1330.5
53986,2019-09-17 13:36:00,31.0,1010.2,76,300,7.0,1.1,1203.4
57051,2019-09-17 13:36:00,14.0,1009.7,98,29,6.2,0.2,1053.8
57067,2019-09-17 13:36:00,28.5,1006.9,34,197,11.7,0.7,1395.4
57071,2019-09-17 13:36:00,33.5,1008.8,27,344,10.3,0.8,1436.0
57077,2019-09-17 13:36:00,22.9,1011.2,42,348,14.9,0.8,1236.3
57083,2019-09-17 13:36:00,10.9,1013.2,21,34,3.0,0.9,1315.9
57084,2019-09-17 13:36:00,20.7,1014.5,81,294,1.2,0.5,1155.7
57089,2019-09-17 13:36:00,29.7,1023.0,34,57,12.3,1.5,1040.5
57091,2019-09-17 13:36:00,4.4,1021.9,84,30,5.3,0.4,1485.2
57156,2019-09-17 13:36:00,11.9,1009.9,73,218,3.4,1.2,1463.9
57178,2019-09-17 13:36:00,14.5,1003.6,40,350,11.7,1.5,1048.0
57181,2019-09-17 13:36:00,16.0,1006.2,69,250,1.9,0.9,1017.9
57193,2019-09-17 13:36:00,30.8,1024.0,53,262,1.6,0.0,1402.9
57285,2019-09-17 13:36:00,34.4,1018.9,17,256,11.1,0.4,1439.2
57290,2019-09-17 13:36:00,6.4,1000.0,59,171,4.3,0.9,1423.2
57297,2019-09-17 13:36:00,26.3,1016.1,19,63,0.1,1.5,1284.1
58005,2019-09-17 13:36:00,11.4,1017.7,6,27,5.9,1.0,1410.3
58111,2019-09-17 13:36:00,24.1,1015.5,99,108,1.6,1.4,1261.8
58208,2019-09-17 13:36:00,4.6,1016.2,32,272,8.4,0.5,1200.1
50136,2019-09-17 13:36:00,22.7,1004.1,58,310,0.9,0.3,1219.0
50246,2019-09-17 13:36:00,12.7,1010.4,93,195,5.9,0.5,1158.4
50247,2019-09-17 13:36:00,7.9,1012.1,96,246,6.1,1.4,1088.9
50349,2019-09-17 13:36:00,26.7,1007.8,24,295,1.3,0.6,1236.6
50353,2019-09-17 13:36:00,23.2,1003.2,16,97,9.0,0.0,1381.4
50442,2019-09-17 13:36:00,22.9,1016.7,7,102,6.8,1.4,1278.7
50468,2019-09-17 13:36:00,7.9,1022.4,52,238,6.1,0.7,1166.3
50557,2019-09-17 13:36:00,11.3,1016.8,92,252,5.3,0.6,1073.8
50564,2019-09-17 13:36:00,11.1,1001.7,41,306,2.1,0.7,1048.2
50656,2019-09-17 13:36:00,5.5,1015.9,16,84,8.8,0.9,1108.1
50658,2019-09-17 13:36:00,6.0,1009.1,77,156,2.1,0.3,1499.9
50674,2019-09-17 13:36:00,8.3,1025.8,31,338,7.1,1.3,1126.9
50739,2019-09-17 13:36:00,26.1,1017.9,24,273,11.3,1.5,1337.3
50742,2019-09-17 13:36:00,24.6,1007.4,8,209,0.8,0.2,1307.8
50745,2019-09-17 13:36:00,0.6,1003.1,44,245,11.9,1.1,1343.4
50756,2019-09-17 13:36:00,12.9,1021.1,28,356,7.9,0.1,1282.9
50758,2019-09-17 13:36:00,12.7,1009.1,99,298,2.2,0.1,1013.4
50774,2019-09-17 13:36:00,33.7,1020.8,88,113,11.2,1.4,1133.0
50778,2019-09-17 13:36:00,7.9,1004.8,40,119,1.6,0.6,1382.6
50788,2019-09-17 13:36:00,19.0,1005.4,18,110,0.5,0.0,1393.2
50844,2019-09-17 13:36:00,4.8,1019.7,95,227,3.5,0.8,1268.0
50853,2019-09-17 13:36:00,31.9,1007.7,94,125,0.5,0.8,1175.6
50854,2019-09-17 13:36:00,7.5,1007.6,93,260,14.6,1.5,1265.1
50862,2019-09-17 13:36:00,13.1,1007.6,37,283,12.0,1.4,1254.1
50873,2019-09-17 13:36:00,18.0,1002.8,41,291,5.2,1.4,1132.7
50877,2019-09-17 13:36:00,2.8,1011.7,69,69,14.9,1.3,1446.4
50888,2019-09-17 13:36:00,11.6,1008.3,66,264,11.9,0.9,1413.7
50950,2019-09-17 13:36:00,3.2,1009.8,77,181,5.9,0.1,1194.3
50953,2019-09-17 13:36:00,14.4,1017.4,70,288,11.9,0.6,1014.2
50955,2019-09-17 13:36:00,24.7,1002.8,23,183,3.1,1.5,1411.0
50963,2019-09-17 13:36:00,15.4,1020.4,60,19,9.8,0.8,1322.4
50968,2019-09-17 13:36:00,13.4,1005.7,32,47,3.0,0.8,1172.2
50973,2019-09-17 13:36:00,15.9,1020.5,5,184,9.4,0.6,1486.8
50978,2019-09-17 13:36:00,26.7,1001.1,57,107,3.6,1.4,1008.4
50983,2019-09-17 13:36:00,26.8,1000.8,16,142,13.0,0.6,1216.3
54094,2019-09-17 13:36:00,1.0,1024.7,9,9,4.0,1.1,1449.7
54096,2019-09-17 13:36:00,19.9,1009.1,58,204,12.8,1.0,1049.9
57251,2019-09-17 13:36:00,26.5,1004.0,74,218,12.8,0.9,1236.0
57256,2019-09-17 13:36:00,14.6,1010.6,29,224,3.7,0.8,1018.6
57259,2019-09-17 13:36:00,9.3,1002.5,80,139,2.5,1.1,1362.0
57265,2019-09-17 13:36:00,4.7,1013.5,38,127,8.4,1.1,1360.1
57278,2019-09-17 13:36:00,5.3,1016.8,93,67,5.3,0.5,1265.6
57279,2019-09-17 13:36:00,2.5,1005.1,7,277,10.9,0.3,1054.6
57355,2019-09-17 13:36:00,3.6,1000.8,20,57,10.5,1.0,1065.8
57358,2019-09-17 13:36:00,18.1,1003.2,70,75,2.0,0.6,1180.3
57359,2019-09-17 13:36:00,6.5,1006.0,87,188,11.8,0.6,1235.3
57363,2019-09-17 13:36:00,15.1,1004.5,37,156,14.3,1.5,1104.6
57378,2019-09-17 13:36:00,18.5,1013.5,88,113,11.3,0.3,1393.0
57381,2019-09-17 13:36:00,11.0,1017.7,40,229,4.5,0.0,1117.2
57395,2019-09-17 13:36:00,13.4,1021.2,32,341,2.4,0.2,1086.0
57399,2019-09-17 13:36:00,30.0,1011.5,2,170,4.8,0.5,1412.5
57439,2019-09-17 13:36:00,18.8,1000.2,34,308,1.2,0.0,1458.9
57445,2019-09-17 13:36:00,2.0,1021.9,26,66,13.7,0.0,1329.0
57447,2019-09-17 13:36:00,2.1,1004.2,44,171,14.6,0.3,1332.1
57458,2019-09-17 13:36:00,20.3,1025.9,66,87,4.9,0.2,1212.1
57461,2019-09-17 13:36:00,11.9,1018.1,18,191,8.8,0.2,1283.0
57476,2019-09-17 13:36:00,35.0,1024.9,94,278,5.6,1.0,1345.6
57482,2019-09-17 13:36:00,19.0,1020.7,24,299,11.4,1.5,1104.6
57483,2019-09-17 13:36:00,12.5,1017.3,7,92,9.7,1.5,1045.3
57493,2019-09-17 13:36:00,6.9,1003.5,39,198,4.6,1.5,1187.8
57494,2019-09-17 13:36:00,30.3,1020.4,33,129,13.3,0.2,1183.6
57545,2019-09-17 13:36:00,27.9,1021.6,97,224,8.5,0.8,1397.7
57573,2019-09-17 13:36:00,28.3,1025.6,46,271,3.9,1.5,1299.5
57581,2019-09-17 13:36:00,7.3,1024.0,97,124,1.7,1.4,1287.2
57583,2019-09-17 13:36:00,29.5,1015.6,24,121,10.2,0.0,1349.8
57595,2019-09-17 13:36:00,1.6,1003.9,12,267,8.2,1.1,1447.8
58402,2019-09-17 13:36:00,20.4,1024.4,28,89,7.0,0.0,1044.3
58407,2019-09-17 13:36:00,24.2,1011.8,30,27,5.5,1.3,1254.1
58500,2019-09-17 13:36:00,1.9,1014.1,67,51,10.4,0.2,1478.4
57554,2019-09-17 13:36:00,11.6,1013.0,88,103,13.6,0.2,1300.7
57562,2019-09-17 13:36:00,24.5,1003.0,35,168,9.1,0.5,1457.8
57574,2019-09-17 13:36:00,23.8,1022.2,44,255,1.7,0.0,1016.1
57584,2019-09-17 13:36:00,31.9,1018.2,60,300,11.0,1.3,1016.5
57642,2019-09-17 13:36:00,29.2,1021.4,37,262,2.1,0.3,1079.4
57649,2019-09-17 13:36:00,23.5,1007.1,37,128,13.6,1.4,1398.3
57655,2019-09-17 13:36:00,16.8,1023.3,75,73,7.2,0.5,1257.3
57662,2019-09-17 13:36:00,9.6,1003.1,45,26,3.8,1.5,1129.6
57669,2019-09-17 13:36:00,8.5,1008.2,11,114,5.4,0.2,1382.6
57671,2019-09-17 13:36:00,13.2,1008.9,3,195,10.0,1.4,1376.7
57673,2019-09-17 13:36:00,26.1,1019.5,80,357,4.5,1.4,1023.6
57679,2019-09-17 13:36:00,4.2,1020.0,33,237,6.7,1.2,1374.2
57682,2019-09-17 13:36:00,33.1,1015.8,96,118,11.5,0.5,1418.6
57687,2019-09-17 13:36:00,31.9,1024.6,62,297,13.0,1.5,1150.3
57745,2019-09-17 13:36:00,7.5,1010.5,96,210,6.7,1.0,1028.6
57749,2019-09-17 13:36:00,17.2,1014.2,3,79,10.8,1.4,1418.8
57752,2019-09-17 13:36:00,32.6,1026.4,66,144,9.7,1.2,1343.6
57758,2019-09-17 13:36:00,21.0,1011.7,68,104,2.3,0.8,1188.6
57761,2019-09-17 13:36:00,34.9,1020.5,14,217,5.2,0.4,1479.6
57766,2019-09-17 13:36:00,35.0,1022.7,100,261,7.1,0.1,1446.3
57774,2019-09-17 13:36:00,24.3,1023.5,2,128,0.4,0.6,1299.8
57776,2019-09-17 13:36:00,30.3,1006.5,40,277,5.0,0.6,1047.7
57779,2019-09-17 13:36:00,31.7,1014.1,84,181,8.3,0.4,1212.6
57780,2019-09-17 13:36:00,10.2,1000.4,31,254,4.6,1.3,1317.4
57841,2019-09-17 13:36:00,3.7,1018.4,1,11,12.4,0.9,1375.5
57845,2019-09-17 13:36:00,12.1,1016.7,57,73,5.2,0.4,1320.4
57853,2019-09-17 13:36:00,27.9,1025.4,4,228,9.3,0.2,1096.8
57857,2019-09-17 13:36:00,25.1,1001.0,32,192,14.6,0.1,1247.1
57860,2019-09-17 13:36:00,10.6,1001.4,7,143,8.1,1.0,1296.3
57866,2019-09-17 13:36:00,27.2,1004.4,79,348,8.1,1.0,1279.5
57872,2019-09-17 13:36:00,27.6,1010.4,76,220,3.9,0.7,1176.9
57874,2019-09-17 13:36:00,24.4,1017.7,82,0,5.4,0.9,1387.9
57889,2019-09-17 13:36:00,8.6,1002.6,92,264,2.3,0.1,1286.3
57965,2019-09-17 13:36:00,0.8,1011.0,27,1,6.6,0.0,1021.2
57972,2019-09-17 13:36:00,1.4,1017.8,24,56,7.9,0.7,1422.5
57974,2019-09-17 13:36:00,10.1,1024.7,50,84,4.9,1.4,1225.1
50936,2019-09-17 13:36:00,9.6,1026.2,90,288,2.6,0.4,1032.2
50945,2019-09-17 13:36:00,17.8,1004.4,14,33,8.6,1.1,1469.4
50948,2019-09-17 13:36:00,24.6,1011.8,17,105,9.3,1.2,1441.6
50949,2019-09-17 13:36:00,13.0,1019.3,22,43,7.5,0.2,1266.5
54041,2019-09-17 13:36:00,33.8,1021.7,65,272,5.6,1.0,1047.7
54049,2019-09-17 13:36:00,12.4,1021.6,47,93,1.8,1.1,1306.1
54063,2019-09-17 13:36:00,32.9,1016.2,6,339,5.2,0.1,1184.5
54064,2019-09-17 13:36:00,1.0,1005.0,58,258,5.8,1.1,1075.8
54142,2019-09-17 13:36:00,23.0,1025.3,13,2,1.2,0.1,1021.2
54157,2019-09-17 13:36:00,2.1,1019.3,40,1,1.9,1.3,1382.5
54161,2019-09-17 13:36:00,34.9,1024.6,26,74,10.1,0.6,1354.5
54165,2019-09-17 13:36:00,32.7,1024.1,71,59,12.3,0.7,1408.3
54171,2019-09-17 13:36:00,29.9,1025.5,83,239,1.6,0.6,1478.1
54181,2019-09-17 13:36:00,31.6,1006.8,81,29,0.6,1.5,1092.0
54186,2019-09-17 13:36:00,24.8,1016.0,91,145,10.3,1.1,1252.6
54195,2019-09-17 13:36:00,5.1,1019.0,66,350,5.8,1.1,1195.7
54260,2019-09-17 13:36:00,8.2,1010.6,79,325,12.9,0.8,1077.0
54263,2019-09-17 13:36:00,29.2,1011.6,71,75,13.2,1.0,1072.6
54266,2019-09-17 13:36:00,12.0,1001.7,29,276,7.9,1.4,1491.7
54273,2019-09-17 13:36:00,1.7,1017.2,46,49,3.9,1.0,1355.8
54276,2019-09-17 13:36:00,24.2,1013.4,61,181,6.6,1.4,1313.8
54284,2019-09-17 13:36:00,2.1,1023.2,36,122,1.0,0.6,1280.2
54285,2019-09-17 13:36:00,4.6,1009.3,47,3,3.0,1.4,1000.9
54286,2019-09-17 13:36:00,26.6,1007.6,34,246,8.6,1.5,1128.9
54292,2019-09-17 13:36:00,19.7,1009.1,87,87,14.1,1.4,1035.0
54363,2019-09-17 13:36:00,0.4,1019.3,59,124,14.0,1.4,1043.9
54374,2019-09-17 13:36:00,28.8,1021.9,68,353,11.2,1.0,1499.7
54377,2019-09-17 13:36:00,6.9,1012.0,28,56,3.9,0.1,1117.0
54386,2019-09-17 13:36:00,0.2,1007.7,42,332,8.5,0.3,1029.9
58026,2019-09-17 13:36:00,12.1,1003.7,40,215,11.5,0.6,1297.1
58027,2019-09-17 13:36:00,27.0,1016.1,42,278,0.2,0.5,1426.7
58038,2019-09-17 13:36:00,25.9,1011.7,80,211,6.9,0.6,1196.7
58040,2019-09-17 13:36:00,29.7,1020.1,75,263,11.3,0.8,1010.5
58047,2019-09-17 13:36:00,20.0,1026.2,68,49,2.5,0.7,1041.9
58130,2019-09-17 13:36:00,22.4,1022.1,9,178,5.9,0.6,1086.1
58135,2019-09-17 13:36:00,1.9,1013.8,60,197,14.2,0.2,1190.1
58138,2019-09-17 13:36:00,16.0,1018.1,62,222,11.8,0.7,1458.6
58141,2019-09-17 13:36:00,14.2,1004.5,94,16,10.3,0.1,1342.6
58143,2019-09-17 13:36:00,32.9,1004.4,84,290,3.5,0.7,1265.5
58150,2019-09-17 13:36:00,19.6,1016.5,25,215,11.0,0.3,1132.7
58158,2019-09-17 13:36:00,21.6,1011.8,74,276,2.2,0.2,1455.7
58238,2019-09-17 13:36:00,3.0,1007.1,96,197,8.1,0.1,1242.8
58241,2019-09-17 13:36:00,34.4,1024.9,81,356,8.0,1.1,1151.7
58251,2019-09-17 13:36:00,9.1,1000.6,8,269,0.4,0.8,1003.2
58252,2019-09-17 13:36:00,9.0,1018.4,1,179,9.3,1.4,1049.8
58255,2019-09-17 13:36:00,16.7,1016.7,26,269,14.0,0.8,1128.2
58259,2019-09-17 13:36:00,1.0,1021.6,53,120,11.7,0.0,1151.3
58265,2019-09-17 13:36:00,26.9,1001.2,69,124,5.4,1.5,1335.7
58343,2019-09-17 13:36:00,1.7,1025.9,42,6,12.9,0.6,1460.1
58345,2019-09-17 13:36:00,4.3,1002.8,85,291,3.2,0.1,1020.3
58354,2019-09-17 13:36:00,13.4,1013.2,39,27,14.5,0.3,1362.8
58356,2019-09-17 13:36:00,31.8,1025.0,89,324,7.3,0.4,1405.5
58358,2019-09-17 13:36:00,26.0,1019.4,55,259,9.3,0.0,1077.0
57598,2019-09-17 13:36:00,34.3,1019.3,16,98,10.8,0.3,1285.3
57696,2019-09-17 13:36:00,20.0,1023.4,94,253,4.3,0.8,1351.2
57789,2019-09-17 13:36:00,31.1,1024.0,73,233,5.2,1.2,1381.1
57793,2019-09-17 13:36:00,20.3,1014.1,100,146,10.5,0.1,1193.6
57799,2019-09-17 13:36:00,11.5,1007.1,16,135,8.9,1.0,1149.1
57894,2019-09-17 13:36:00,32.0,1006.6,20,240,14.2,1.2,1197.9
57896,2019-09-17 13:36:00,6.2,1003.1,19,156,2.3,1.0,1393.3
57993,2019-09-17 13:36:00,25.3,1025.9,52,283,12.5,1.0,1298.6
58506,2019-09-17 13:36:00,9.3,1015.1,8,173,10.7,0.2,1288.0
58507,2019-09-17 13:36:00,9.3,1006.1,38,78,13.8,0.4,1436.8
58519,2019-09-17 13:36:00,14.8,1018.6,45,38,11.7,0.2,1057.8
58527,2019-09-17 13:36:00,31.2,1025.6,76,59,11.2,0.3,1237.6
58600,2019-09-17 13:36:00,3.5,1024.2,33,182,13.5,0.0,1361.3
58606,2019-09-17 13:36:00,6.9,1004.8,16,252,12.5,1.3,1285.3
58608,2019-09-17 13:36:00,16.7,1020.1,82,205,3.2,1.3,1462.0
58622,2019-09-17 13:36:00,0.0,1024.6,58,13,9.7,1.3,1346.5
58626,2019-09-17 13:36:00,4.8,1022.7,35,191,9.1,0.3,1000.2
58634,2019-09-17 13:36:00,11.0,1002.8,30,350,3.1,0.1,1330.3
58637,2019-09-17 13:36:00,22.2,1021.7,57,261,11.3,0.5,1412.7
58705,2019-09-17 13:36:00,30.6,1018.9,83,250,10.5,1.2,1373.5
58715,2019-09-17 13:36:00,12.8,1014.7,8,186,8.9,0.5,1055.4
58718,2019-09-17 13:36:00,20.2,1021.9,92,69,7.7,0.1,1386.7
58806,2019-09-17 13:36:00,28.0,1012.7,98,205,7.4,0.2,1291.9
58813,2019-09-17 13:36:00,7.4,1005.8,7,9,0.8,1.2,1466.0
59092,2019-09-17 13:36:00,28.8,1006.2,35,352,5.9,0.9,1164.2
59102,2019-09-17 13:36:00,22.1,1013.4,8,73,10.3,0.3,1284.6
54236,2019-09-17 13:36:00,18.4,1025.6,79,140,4.8,1.5,1423.1
54237,2019-09-17 13:36:00,11.4,1005.1,97,53,12.5,0.2,1005.1
54243,2019-09-17 13:36:00,5.0,1000.5,95,230,2.7,0.5,1439.0
54254,2019-09-17 13:36:00,10.3,1020.9,65,99,6.3,1.2,1238.7
54259,2019-09-17 13:36:00,17.6,1025.5,72,160,5.1,1.3,1489.6
54324,2019-09-17 13:36:00,0.1,1020.1,50,295,6.0,0.2,1280.8
54326,2019-09-17 13:36:00,17.9,1007.2,44,2,9.9,1.4,1405.8
54333,2019-09-17 13:36:00,17.3,1019.4,100,348,4.3,0.7,1461.8
54334,2019-09-17 13:36:00,0.0,1009.2,37,356,6.2,1.5,1460.2
54335,2019-09-17 13:36:00,14.7,1015.8,69,166,3.6,1.3,1236.0
54337,2019-09-17 13:36:00,5.7,1002.7,83,333,12.2,1.3,1084.0
54339,2019-09-17 13:36:00,26.3,1023.2,33,130,13.8,1.5,1155.6
54342,2019-09-17 13:36:00,2.7,1007.1,31,63,3.6,1.0,1000.9
54346,2019-09-17 13:36:00,11.3,1021.5,48,106,3.5,0.7,1142.4
54349,2019-09-17 13:36:00,6.0,1011.6,27,332,5.6,0.0,1053.0
54351,2019-09-17 13:36:00,4.3,1014.7,66,151,0.5,0.9,1166.8
54353,2019-09-17 13:36:00,29.6,1005.5,25,287,2.8,0.6,1480.3
54365,2019-09-17 13:36:00,7.6,1019.9,94,125,9.9,0.8,1257.4
54452,2019-09-17 13:36:00,34.8,1016.4,64,220,4.6,0.5,1045.9
54454,2019-09-17 13:36:00,11.1,1014.4,90,152,3.7,1.0,1441.6
54455,2019-09-17 13:36:00,7.2,1026.3,38,267,3.3,1.0,1251.5
54470,2019-09-17 13:36:00,29.3,1006.8,90,178,14.3,1.1,1126.3
54471,2019-09-17 13:36:00,17.4,1003.0,75,233,8.5,0.6,1356.7
54472,2019-09-17 13:36:00,2.4,1013.4,78,7,2.9,0.6,1277.2
54476,2019-09-17 13:36:00,32.1,1014.1,55,40,2.4,0.0,1232.9
54486,2019-09-17 13:36:00,5.6,1011.6,67,194,2.6,0.0,1248.1
54493,2019-09-17 13:36:00,26.3,1002.9,97,238,11.6,0.2,1015.0
54497,2019-09-17 13:36:00,11.8,1025.5,97,16,9.0,0.9,1442.2
54563,2019-09-17 13:36:00,18.3,1020.4,47,169,11.2,0.5,1214.7
54579,2019-09-17 13:36:00,4.2,1011.0,49,269,5.3,1.1,1107.8
54584,2019-09-17 13:36:00,30.2,1010.6,28,285,1.2,1.5,1117.4
54660,2019-09-17 13:36:00,25.8,1009.6,27,134,5.6,1.4,1452.8
54662,2019-09-17 13:36:00,31.8,1023.0,51,339,13.4,1.2,1272.5
50425,2019-09-17 13:36:00,18.2,1017.4,10,188,4.6,0.2,1481.9
50434,2019-09-17 13:36:00,31.3,1017.5,13,103,9.8,1.1,1035.2
50514,2019-09-17 13:36:00,12.9,1015.5,64,34,11.3,0.9,1285.1
50527,2019-09-17 13:36:00,7.6,1017.6,4,150,10.6,1.3,1468.6
50548,2019-09-17 13:36:00,2.8,1011.6,51,291,0.3,1.1,1284.0
50603,2019-09-17 13:36:00,31.1,1000.1,69,103,14.8,0.8,1389.7
50618,2019-09-17 13:36:00,18.9,1002.4,27,280,4.1,0.9,1193.9
50632,2019-09-17 13:36:00,14.2,1005.5,88,83,14.1,0.2,1247.5
50639,2019-09-17 13:36:00,34.1,1025.7,36,171,10.1,0.9,1366.8
50727,2019-09-17 13:36:00,26.3,1015.8,15,205,7.2,0.7,1029.4
50834,2019-09-17 13:36:00,8.8,1011.7,99,159,14.1,1.2,1465.5
50838,2019-09-17 13:36:00,5.9,1008.2,39,246,4.7,1.4,1288.7
50915,2019-09-17 13:36:00,26.1,1025.8,8,359,11.6,1.4,1179.8
50924,2019-09-17 13:36:00,30.1,1025.8,19,13,8.4,0.8,1201.9
52267,2019-09-17 13:36:00,1.2,1025.4,92,226,8.9,0.1,1060.7
52495,2019-09-17 13:36:00,33.8,1007.8,78,45,13.5,1.1,1105.7
52576,2019-09-17 13:36:00,27.1,1008.3,18,235,1.2,0.1,1093.2
53068,2019-09-17 13:36:00,6.5,1009.1,51,67,10.7,0.0,1196.1
53083,2019-09-17 13:36:00,22.7,1001.4,51,257,2.6,0.1,1286.9
53149,2019-09-17 13:36:00,29.5,1014.0,74,217,5.5,1.4,1008.5
53192,2019-09-17 13:36:00,18.5,1025.2,19,87,11.3,0.7,1142.2
53195,2019-09-17 13:36:00,8.3,1022.2,23,335,3.6,0.4,1071.4
53276,2019-09-17 13:36:00,19.4,1002.9,75,34,5.0,1.2,1051.4
53336,2019-09-17 13:36:00,5.2,1008.0,59,131,0.7,0.3,1194.8
53352,2019-09-17 13:36:00,17.1,1001.8,4,86,0.3,0.5,1088.6
53362,2019-09-17 13:36:00,15.5,1013.2,42,83,7.1,1.5,1298.3
53367,2019-09-17 13:36:00,23.3,1024.7,1,220,8.3,0.6,1389.1
53391,2019-09-17 13:36:00,23.8,1021.2,22,120,2.2,0.0,1197.4
53446,2019-09-17 13:36:00,25.2,1023.8,93,315,14.9,1.2,1372.7
53463,2019-09-17 13:36:00,33.9,1004.9,41,222,12.8,0.1,1413.9
53480,2019-09-17 13:36:00,26.9,1015.1,64,97,3.5,0.7,1056.8
53502,2019-09-17 13:36:00,20.8,1019.8,97,221,14.5,1.4,1024.9
53513,2019-09-17 13:36:00,32.1,1022.5,18,121,6.5,0.1,1082.4
53529,2019-09-17 13:36:00,28.0,1023.9,4,358,8.1,1.5,1486.4
53543,2019-09-17 13:36:00,9.2,1008.6,58,289,12.2,0.8,1175.3
53547,2019-09-17 13:36:00,1.3,1021.4,30,237,8.2,1.3,1279.3
53602,2019-09-17 13:36:00,9.0,1023.2,45,276,9.7,0.9,1072.2
54012,2019-09-17 13:36:00,5.6,1018.2,99,129,3.4,0.1,1159.0
54026,2019-09-17 13:36:00,11.2,1008.4,93,76,7.0,1.0,1238.5
54027,2019-09-17 13:36:00,13.9,1025.2,58,123,1.2,1.0,1420.9
54102,2019-09-17 13:36:00,3.1,1013.0,12,74,1.3,1.1,1209.1
54115,2019-09-17 13:36:00,19.2,1000.5,73,167,14.4,0.6,1261.4
54134,2019-09-17 13:36:00,6.4,1018.2,62,165,11.8,1.3,1453.5
54135,2019-09-17 13:36:00,34.0,1022.8,9,297,2.8,0.1,1379.9
54208,2019-09-17 13:36:00,26.6,1003.0,74,178,7.0,0.8,1270.4
54213,2019-09-17 13:36:00,26.4,1000.8,36,50,1.3,1.5,1328.4
54218,2019-09-17 13:36:00,8.9,1025.0,91,268,5.4,0.3,1433.1
54226,2019-09-17 13:36:00,26.2,1022.0,57,15,11.0,0.4,1439.3
53519,2019-09-17 13:36:00,1.5,1023.8,47,110,8.8,0.3,1453.5
53612,2019-09-17 13:36:00,3.9,1026.3,35,248,5.1,0.9,1054.2
53614,2019-09-17 13:36:00,28.5,1015.4,32,237,0.9,0.6,1458.6
53615,2019-09-17 13:36:00,4.6,1020.3,52,227,13.0,1.5,1126.7
53704,2019-09-17 13:36:00,7.7,1020.5,61,333,11.0,0.2,1498.1
53705,2019-09-17 13:36:00,5.8,1004.7,38,123,3.5,1.1,1035.9
53723,2019-09-17 13:36:00,24.4,1000.2,14,248,2.1,0.0,1284.4
53806,2019-09-17 13:36:00,4.3,1025.1,55,17,9.2,0.2,1174.6
53810,2019-09-17 13:36:00,10.0,1021.2,45,357,9.5,1.2,1228.4
53817,2019-09-17 13:36:00,17.0,1003.2,68,238,3.9,0.4,1041.8
53903,2019-09-17 13:36:00,18.7,1006.7,85,206,11.9,0.1,1267.5
53910,2019-09-17 13:36:00,27.7,1004.3,64,5,1.2,0.1,1119.1
51886,2019-09-17 13:36:00,28.1,1012.2,65,10,4.7,0.4,1102.2
52602,2019-09-17 13:36:00,9.8,1001.4,52,151,12.6,1.0,1017.7
52633,2019-09-17 13:36:00,7.3,1015.4,35,134,5.1,0.2,1241.0
52645,2019-09-17 13:36:00,2.4,1023.9,39,265,11.3,1.3,1224.0
52657,2019-09-17 13:36:00,4.8,1001.1,71,221,5.0,1.0,1144.3
52707,2019-09-17 13:36:00,9.5,1013.1,12,193,6.0,1.0,1164.5
52713,2019-09-17 13:36:00,32.5,1005.7,59,245,10.8,0.5,1215.3
52737,2019-09-17 13:36:00,32.5,1023.8,13,224,13.5,1.1,1303.6
52754,2019-09-17 13:36:00,23.6,1008.9,45,5,7.7,0.6,1264.2
52765,2019-09-17 13:36:00,27.5,1012.7,22,89,4.8,0.1,1111.2
52818,2019-09-17 13:36:00,31.0,1004.7,73,120,8.2,0.2,1084.0
52825,2019-09-17 13:36:00,25.9,1020.2,59,162,14.3,1.0,1398.6
52833,2019-09-17 13:36:00,25.4,1015.5,88,218,13.2,0.4,1188.9
52836,2019-09-17 13:36:00,33.8,1013.0,66,359,10.3,0.2,1274.4
52842,2019-09-17 13:36:00,34.4,1012.3,45,214,7.3,0.0,1442.0
52856,2019-09-17 13:36:00,8.1,1008.2,73,97,13.0,1.4,1303.2
52866,2019-09-17 13:36:00,10.0,1006.7,90,235,8.2,0.9,1001.9
52868,2019-09-17 13:36:00,27.4,1014.8,93,26,11.5,1.3,1105.1
52876,2019-09-17 13:36:00,30.3,1000.2,35,324,12.1,0.6,1170.9
52908,2019-09-17 13:36:00,30.3,1025.5,5,33,5.3,0.5,1022.7
52943,2019-09-17 13:36:00,29.8,1015.8,55,252,12.0,1.1,1303.1
52955,2019-09-17 13:36:00,17.7,1016.4,53,199,8.7,0.0,1309.7
52974,2019-09-17 13:36:00,11.1,1006.3,64,315,5.0,1.3,1108.3
56004,2019-09-17 13:36:00,0.4,1025.5,90,289,3.0,1.0,1220.7
56018,2019-09-17 13:36:00,14.4,1001.7,78,190,14.0,1.1,1274.9
56021,2019-09-17 13:36:00,23.4,1019.1,2,186,0.1,1.3,1057.5
56029,2019-09-17 13:36:00,7.7,1013.4,36,125,5.2,0.6,1355.3
56033,2019-09-17 13:36:00,10.4,1017.9,25,198,7.9,0.2,1131.4
56034,2019-09-17 13:36:00,24.3,1010.2,75,117,4.1,1.5,1207.9
56043,2019-09-17 13:36:00,32.9,1003.4,3,284,11.3,0.0,1179.1
56046,2019-09-17 13:36:00,1.0,1007.9,53,96,6.1,0.3,1073.6
56065,2019-09-17 13:36:00,0.3,1014.4,80,260,9.0,0.7,1053.5
56067,2019-09-17 13:36:00,29.0,1002.9,52,54,13.3,0.5,1150.9
56125,2019-09-17 13:36:00,31.8,1025.4,52,198,6.3,0.6,1245.7
56151,2019-09-17 13:36:00,18.9,1008.0,70,244,7.1,0.9,1124.2
54715,2019-09-17 13:36:00,34.2,1025.9,8,148,10.3,0.2,1240.7
54725,2019-09-17 13:36:00,18.7,1006.6,72,205,11.3,1.4,1015.7
54727,2019-09-17 13:36:00,7.5,1009.8,84,113,2.9,1.4,1295.2
54744,2019-09-17 13:36:00,25.2,1014.0,38,73,10.2,0.2,1219.8
54751,2019-09-17 13:36:00,2.5,1008.6,71,268,4.5,1.3,1410.4
54753,2019-09-17 13:36:00,11.9,1005.7,30,206,11.1,0.4,1250.9
54764,2019-09-17 13:36:00,16.1,1017.8,16,20,7.3,0.6,1312.1
54774,2019-09-17 13:36:00,11.1,1001.9,77,208,12.7,0.6,1141.8
54776,2019-09-17 13:36:00,33.5,1004.1,40,297,1.0,0.1,1383.4
54808,2019-09-17 13:36:00,12.5,1017.1,27,0,5.8,1.5,1013.4
54823,2019-09-17 13:36:00,29.3,1019.3,22,355,8.3,0.8,1168.1
54826,2019-09-17 13:36:00,3.9,1019.1,62,310,12.1,1.0,1098.6
54836,2019-09-17 13:36:00,28.7,1020.3,81,199,13.4,1.5,1249.3
54842,2019-09-17 13:36:00,22.5,1025.2,8,72,2.3,1.3,1308.4
54843,2019-09-17 13:36:00,0.2,1004.1,71,205,9.9,1.5,1289.9
54857,2019-09-17 13:36:00,19.4,1003.0,70,150,6.6,0.6,1317.8
54863,2019-09-17 13:36:00,15.8,1020.4,11,157,3.2,0.2,1131.5
54909,2019-09-17 13:36:00,33.0,1018.0,59,85,4.8,0.5,1373.7
54916,2019-09-17 13:36:00,9.9,1011.5,34,279,14.1,0.3,1175.1
54929,2019-09-17 13:36:00,2.1,1017.4,19,24,3.1,1.5,1273.9
54936,2019-09-17 13:36:00,12.1,1012.3,67,179,4.8,1.3,1148.0
54945,2019-09-17 13:36:00,11.1,1008.6,98,223,13.7,1.1,1178.8
58034,2019-09-17 13:36:00,14.7,1013.7,39,300,7.5,0.0,1442.3
53478,2019-09-17 13:36:00,10.2,1002.9,38,59,7.8,0.7,1091.7
53487,2019-09-17 13:36:00,33.1,1022.3,99,19,12.1,1.2,1404.4
53490,2019-09-17 13:36:00,12.8,1000.8,27,256,11.7,0.4,1454.4
53564,2019-09-17 13:36:00,27.6,1013.3,81,333,5.8,1.5,1038.2
53578,2019-09-17 13:36:00,29.8,1012.8,26,101,7.2,1.4,1452.2
53579,2019-09-17 13:36:00,24.5,1006.8,45,162,12.1,1.4,1209.3
53588,2019-09-17 13:36:00,27.1,1017.0,72,336,0.4,1.0,1423.8
53594,2019-09-17 13:36:00,3.2,1000.6,85,119,1.1,0.4,1205.1
53663,2019-09-17 13:36:00,26.7,1015.5,78,104,8.0,1.1,1425.0
53664,2019-09-17 13:36:00,16.6,1007.1,67,310,9.5,0.2,1385.0
53673,2019-09-17 13:36:00,34.8,1004.1,47,241,6.7,0.1,1108.9
53687,2019-09-17 13:36:00,6.3,1013.4,7,356,4.7,0.2,1271.0
53764,2019-09-17 13:36:00,33.2,1016.4,100,300,14.6,1.2,1273.6
53772,2019-09-17 13:36:00,1.1,1026.0,92,274,10.7,0.9,1035.6
53775,2019-09-17 13:36:00,34.9,1001.2,69,290,8.0,1.4,1258.2
53787,2019-09-17 13:36:00,28.9,1020.6,67,134,5.7,0.0,1316.9
53853,2019-09-17 13:36:00,6.0,1026.0,98,156,12.6,1.2,1050.7
53859,2019-09-17 13:36:00,10.7,1004.9,82,161,6.4,0.0,1056.1
53863,2019-09-17 13:36:00,31.8,1016.4,32,305,0.8,1.2,1277.8
53868,2019-09-17 13:36:00,22.7,1018.8,33,130,10.4,1.4,1084.9
53877,2019-09-17 13:36:00,1.0,1007.7,88,259,8.9,0.8,1382.7
53882,2019-09-17 13:36:00,5.6,1007.7,84,0,11.6,1.3,1047.3
53884,2019-09-17 13:36:00,20.7,1026.4,78,344,12.5,0.8,1336.8
53959,2019-09-17 13:36:00,10.6,1001.7,30,64,13.1,0.5,1121.5
53963,2019-09-17 13:36:00,12.8,1021.3,83,111,8.8,1.3,1299.3
53968,2019-09-17 13:36:00,0.1,1016.3,10,47,4.5,0.9,1080.0
53975,2019-09-17 13:36:00,0.5,1026.3,29,183,14.9,0.5,1122.6
57052,2019-09-17 13:36:00,24.8,1006.8,82,48,8.0,0.6,1146.9
53646,2019-09-17 13:36:00,13.4,1008.1,51,11,14.1,1.3,1176.3
53651,2019-09-17 13:36:00,1.1,1023.4,26,301,11.2,0.6,1333.3
53725,2019-09-17 13:36:00,30.2,1015.9,96,332,13.9,0.3,1075.9
53735,2019-09-17 13:36:00,33.7,1007.6,16,196,10.1,1.2,1396.2
53738,2019-09-17 13:36:00,22.4,1013.4,62,107,13.7,0.7,1468.1
53740,2019-09-17 13:36:00,15.9,1022.3,53,72,5.3,0.5,1004.9
53754,2019-09-17 13:36:00,16.0,1020.6,82,299,14.7,1.2,1373.6
53845,2019-09-17 13:36:00,17.6,1022.1,20,178,13.4,1.5,1080.6
53854,2019-09-17 13:36:00,26.5,1020.3,71,49,14.4,1.5,1062.5
53929,2019-09-17 13:36:00,27.0,1006.9,19,124,14.7,1.0,1206.5
53942,2019-09-17 13:36:00,14.1,1013.2,50,282,2.0,1.0,1217.4
53948,2019-09-17 13:36:00,31.7,1010.5,5,176,1.3,0.0,1407.1
53955,2019-09-17 13:36:00,0.4,1025.1,29,285,4.6,1.1,1406.9
57003,2019-09-17 13:36:00,0.6,1019.6,75,6,13.5,0.4,1051.4
57025,2019-09-17 13:36:00,21.4,1012.0,67,47,11.9,1.5,1034.4
57028,2019-09-17 13:36:00,23.5,1011.1,63,298,11.1,1.1,1330.7
57030,2019-09-17 13:36:00,29.3,1018.8,2,115,10.4,1.4,1002.2
57034,2019-09-17 13:36:00,25.6,1011.3,68,325,12.1,0.1,1184.2
57037,2019-09-17 13:36:00,13.1,1009.6,15,82,10.3,0.5,1462.4
57046,2019-09-17 13:36:00,14.1,1020.2,92,23,0.4,0.1,1254.5
57048,2019-09-17 13:36:00,34.4,1010.2,89,194,6.5,1.0,1256.8
57049,2019-09-17 13:36:00,33.5,1025.9,31,214,0.9,1.3,1346.2
57106,2019-09-17 13:36:00,13.0,1018.5,96,169,7.8,1.4,1096.3
57124,2019-09-17 13:36:00,31.6,1017.0,66,5,14.9,0.0,1201.1
57127,2019-09-17 13:36:00,19.6,1020.6,95,163,8.6,1.0,1303.6
57131,2019-09-17 13:36:00,34.9,1012.6,40,343,10.0,0.1,1054.0
57134,2019-09-17 13:36:00,25.6,1024.5,21,90,1.2,0.8,1116.6
57140,2019-09-17 13:36:00,9.7,1000.0,16,114,7.7,1.2,1421.8
57143,2019-09-17 13:36:00,18.7,1023.8,1,222,10.1,0.2,1124.6
57144,2019-09-17 13:36:00,15.7,1019.9,75,1,10.5,0.9,1194.6
57154,2019-09-17 13:36:00,8.9,1005.1,66,307,10.6,0.5,1064.4
57211,2019-09-17 13:36:00,9.2,1007.3,42,142,13.3,0.0,1252.7
57232,2019-09-17 13:36:00,33.9,1016.8,17,309,7.8,1.3,1224.4
57238,2019-09-17 13:36:00,7.8,1014.3,29,209,14.2,1.0,1208.9
57245,2019-09-17 13:36:00,8.4,1024.5,27,236,0.6,1.5,1027.4
57343,2019-09-17 13:36:00,9.2,1011.3,86,164,13.4,1.4,1362.1
58362,2019-09-17 13:36:00,5.8,1018.9,35,162,2.4,1.1,1000.9
56038,2019-09-17 13:36:00,30.0,1025.2,95,295,13.5,1.4,1270.1
56079,2019-09-17 13:36:00,26.3,1022.8,19,338,9.8,0.4,1417.8
56144,2019-09-17 13:36:00,28.3,1011.9,14,330,1.8,1.0,1166.8
56146,2019-09-17 13:36:00,27.6,1000.6,5,343,11.2,0.2,1190.6
56152,2019-09-17 13:36:00,16.3,1004.1,29,290,11.5,0.2,1296.8
56167,2019-09-17 13:36:00,29.3,1011.8,83,41,7.9,1.3,1483.7
56172,2019-09-17 13:36:00,11.5,1008.9,98,56,8.9,0.6,1456.6
56173,2019-09-17 13:36:00,0.9,1014.1,65,303,8.7,0.0,1197.3
56178,2019-09-17 13:36:00,14.9,1014.4,97,328,10.2,0.8,1056.2
56182,2019-09-17 13:36:00,7.1,1020.4,58,139,9.9,1.5,1006.4
56187,2019-09-17 13:36:00,3.4,1001.9,64,130,14.6,0.8,1219.3
56188,2019-09-17 13:36:00,10.7,1003.2,6,296,13.3,1.3,1480.6
56196,2019-09-17 13:36:00,11.1,1004.2,50,105,10.1,0.5,1474.5
56247,2019-09-17 13:36:00,29.7,1025.2,97,143,2.3,0.9,1367.3
56251,2019-09-17 13:36:00,29.0,1012.7,47,233,4.3,0.5,1375.0
56257,2019-09-17 13:36:00,24.0,1017.1,62,318,4.6,1.0,1139.4
56287,2019-09-17 13:36:00,8.1,1010.7,38,84,8.4,1.1,1296.5
56357,2019-09-17 13:36:00,5.4,1001.4,48,72,0.6,0.3,1152.8
56374,2019-09-17 13:36:00,21.0,1018.4,15,204,14.6,0.9,1025.8
56385,2019-09-17 13:36:00,22.9,1017.9,25,63,9.6,0.5,1244.8
56386,2019-09-17 13:36:00,12.8,1009.1,37,155,9.8,0.9,1269.7
56459,2019-09-17 13:36:00,32.6,1002.7,14,29,14.9,1.2,1171.2
56462,2019-09-17 13:36:00,20.0,1004.9,82,267,10.5,0.8,1171.4
56475,2019-09-17 13:36:00,35.0,1026.4,53,102,13.3,0.4,1406.0
56479,2019-09-17 13:36:00,33.2,1012.8,40,235,6.9,1.5,1353.5
56485,2019-09-17 13:36:00,2.3,1025.0,84,311,1.5,0.4,1204.4
56492,2019-09-17 13:36:00,20.3,1019.9,35,221,11.5,1.5,1157.8
56565,2019-09-17 13:36:00,31.9,1012.1,56,73,7.2,0.3,1482.0
56571,2019-09-17 13:36:00,0.8,1012.0,46,59,0.1,0.0,1213.1
56666,2019-09-17 13:36:00,7.0,1015.6,19,20,1.3,1.3,1230.5
56671,2019-09-17 13:36:00,22.1,1023.9,65,334,5.8,0.2,1183.8
57206,2019-09-17 13:36:00,28.5,1008.0,29,145,2.9,0.4,1165.9
57237,2019-09-17 13:36:00,25.1,1008.3,39,329,13.1,1.5,1464.7
57306,2019-09-17 13:36:00,22.6,1001.4,17,314,13.2,0.2,1220.4
57313,2019-09-17 13:36:00,10.9,1006.4,91,106,13.8,0.2,1455.4
57314,2019-09-17 13:36:00,15.9,1022.9,41,46,11.9,0.9,1110.1
57328,2019-09-17 13:36:00,30.2,1014.7,95,264,5.2,1.2,1233.7
57405,2019-09-17 13:36:00,5.4,1012.7,67,307,8.6,1.0,1203.9
57411,2019-09-17 13:36:00,15.2,1017.5,73,206,0.9,0.6,1175.6
57503,2019-09-17 13:36:00,8.9,1002.8,17,111,7.2,0.5,1321.7
57604,2019-09-17 13:36:00,4.3,1017.2,2,136,3.9,0.8,1427.6
57608,2019-09-17 13:36:00,17.2,1014.5,67,27,14.8,0.0,1129.8
54525,2019-09-17 13:36:00,31.0,1020.7,73,227,13.9,0.9,1115.9
54527,2019-09-17 13:36:00,18.6,1014.9,70,311,2.8,0.1,1004.8
54623,2019-09-17 13:36:00,21.5,1006.6,84,238,2.8,0.1,1076.3
55228,2019-09-17 13:36:00,26.6,1015.8,48,23,1.3,0.1,1212.6
55248,2019-09-17 13:36:00,3.6,1013.5,89,320,1.7,1.3,1478.7
55279,2019-09-17 13:36:00,13.9,1024.3,85,199,11.7,0.5,1149.5
55294,2019-09-17 13:36:00,26.9,1008.5,69,42,13.7,0.8,1464.9
55299,2019-09-17 13:36:00,1.3,1008.9,100,217,7.2,0.7,1004.8
55437,2019-09-17 13:36:00,6.5,1019.4,43,21,11.4,1.0,1111.9
55472,2019-09-17 13:36:00,16.5,1023.6,13,332,0.1,1.2,1264.1
55493,2019-09-17 13:36:00,33.0,1018.4,19,120,13.9,1.4,1071.4
55569,2019-09-17 13:36:00,7.0,1012.8,28,246,12.7,1.0,1461.3
55578,2019-09-17 13:36:00,9.2,1012.7,88,329,14.2,0.9,1161.1
55585,2019-09-17 13:36:00,30.4,1007.4,96,252,5.3,0.3,1419.7
55591,2019-09-17 13:36:00,26.5,1010.2,40,307,5.6,0.5,1491.9
55598,2019-09-17 13:36:00,8.5,1022.1,23,28,8.4,0.9,1279.2
55655,2019-09-17 13:36:00,34.5,1016.8,62,275,5.5,0.0,1316.7
55664,2019-09-17 13:36:00,12.8,1010.2,99,116,8.8,1.3,1313.1
55680,2019-09-17 13:36:00,4.6,1016.4,37,240,6.1,0.3,1172.6
55681,2019-09-17 13:36:00,14.2,1022.5,76,199,13.3,0.6,1006.8
55690,2019-09-17 13:36:00,7.9,1026.4,74,233,12.7,1.4,1458.3
55696,2019-09-17 13:36:00,3.4,1009.4,6,304,6.3,0.4,1025.2
55773,2019-09-17 13:36:00,15.8,1013.6,41,187,5.8,0.4,1043.6
56106,2019-09-17 13:36:00,7.2,1010.9,27,161,14.1,1.4,1156.3
56116,2019-09-17 13:36:00,21.4,1017.2,60,93,10.3,0.0,1155.1
56137,2019-09-17 13:36:00,21.7,1025.0,29,8,10.6,1.3,1408.3
56202,2019-09-17 13:36:00,7.0,1023.1,46,334,9.5,0.1,1105.8
56223,2019-09-17 13:36:00,34.8,1014.1,21,166,7.2,0.3,1112.5
56227,2019-09-17 13:36:00,26.2,1006.6,80,141,10.3,1.0,1423.9
56312,2019-09-17 13:36:00,28.5,1026.2,14,23,14.4,1.3,1083.8
56331,2019-09-17 13:36:00,2.2,1024.9,17,119,2.2,1.3,1099.4
56434,2019-09-17 13:36:00,9.3,1016.2,68,52,7.0,1.2,1483.0
51053,2019-09-17 13:36:00,34.9,1021.0,19,17,3.6,0.2,1043.8
51059,2019-09-17 13:36:00,30.8,1023.5,86,269,1.3,1.0,1375.5
51060,2019-09-17 13:36:00,16.0,1021.9,57,100,2.3,0.4,1492.6
51068,2019-09-17 13:36:00,5.8,1024.4,26,215,9.2,0.9,1338.8
51076,2019-09-17 13:36:00,10.2,1015.3,91,207,11.8,0.1,1314.4
51087,2019-09-17 13:36:00,23.6,1025.1,68,337,5.1,0.8,1381.7
51133,2019-09-17 13:36:00,26.3,1003.4,44,206,4.8,0.0,1106.2
51156,2019-09-17 13:36:00,16.2,1010.3,66,221,6.8,1.5,1098.3
51186,2019-09-17 13:36:00,2.0,1020.3,80,194,12.3,1.4,1185.9
51232,2019-09-17 13:36:00,22.0,1012.1,51,229,4.2,0.1,1078.5
51238,2019-09-17 13:36:00,12.6,1001.1,97,352,2.7,0.8,1366.0
51241,2019-09-17 13:36:00,33.8,1003.4,25,131,7.2,1.3,1215.3
51243,2019-09-17 13:36:00,14.7,1012.4,65,104,2.4,1.2,1271.5
51288,2019-09-17 13:36:00,28.8,1009.9,65,290,14.7,1.4,1353.4
51330,2019-09-17 13:36:00,29.2,1025.1,38,236,5.4,1.0,1060.6
51334,2019-09-17 13:36:00,3.7,1004.8,87,330,12.4,1.0,1054.9
51346,2019-09-17 13:36:00,23.0,1025.2,39,81,3.8,1.0,1099.2
51358,2019-09-17 13:36:00,31.8,1008.6,77,82,1.2,0.9,1143.6
51365,2019-09-17 13:36:00,12.6,1005.7,45,220,3.9,1.0,1485.6
51367,2019-09-17 13:36:00,5.4,1024.5,38,107,0.0,0.8,1429.5
51379,2019-09-17 13:36:00,19.9,1025.9,52,222,13.8,0.9,1069.9
51431,2019-09-17 13:36:00,6.6,1004.8,62,112,9.2,0.5,1345.9
51433,2019-09-17 13:36:00,9.2,1014.2,12,316,4.2,0.4,1362.7
51437,2019-09-17 13:36:00,15.6,1000.2,58,316,11.4,1.5,1290.2
51463,2019-09-17 13:36:00,22.8,1016.6,94,200,10.5,0.8,1308.6
51467,2019-09-17 13:36:00,10.4,1014.0,79,323,3.1,1.5,1297.1
51469,2019-09-17 13:36:00,21.0,1007.5,74,129,6.5,1.3,1110.0
51470,2019-09-17 13:36:00,28.1,1014.0,19,30,8.7,1.5,1333.5
51477,2019-09-17 13:36:00,23.2,1013.7,23,89,14.5,0.0,1483.4
51495,2019-09-17 13:36:00,19.2,1012.2,24,179,5.0,1.3,1229.4
51526,2019-09-17 13:36:00,4.3,1008.2,42,278,12.5,1.4,1150.6
51542,2019-09-17 13:36:00,33.2,1006.8,38,109,4.8,1.1,1184.7
51567,2019-09-17 13:36:00,31.9,1003.4,10,252,5.9,0.8,1466.7
51573,2019-09-17 13:36:00,11.1,1026.2,71,357,11.6,0.6,1131.9
51581,2019-09-17 13:36:00,18.8,1012.2,83,321,4.2,0.7,1428.6
51628,2019-09-17 13:36:00,5.0,1021.7,100,229,4.7,0.4,1051.3
51633,2019-09-17 13:36:00,13.3,1014.0,2,65,12.9,1.0,1119.8
51639,2019-09-17 13:36:00,23.0,1005.4,92,25,14.8,0.2,1201.1
51642,2019-09-17 13:36:00,17.8,1019.5,12,213,0.7,0.5,1335.6
51644,2019-09-17 13:36:00,4.1,1009.9,47,28,6.3,0.5,1285.6
51655,2019-09-17 13:36:00,25.2,1014.7,40,250,8.2,0.8,1172.1
51656,2019-09-17 13:36:00,30.6,1015.0,79,84,5.1,1.3,1224.8
51701,2019-09-17 13:36:00,4.7,1021.0,53,187,9.5,0.3,1129.7
51704,2019-09-17 13:36:00,4.1,1025.8,88,46,7.9,0.6,1377.5
51705,2019-09-17 13:36:00,9.2,1019.0,57,237,2.3,0.0,1449.5
51709,2019-09-17 13:36:00,25.5,1011.2,16,271,14.7,1.3,1448.4
51711,2019-09-17 13:36:00,22.6,1022.0,26,129,5.0,1.3,1294.4
51716,2019-09-17 13:36:00,16.8,1016.7,69,45,0.3,1.2,1106.3
51720,2019-09-17 13:36:00,32.2,1002.6,91,127,8.1,1.1,1303.7
51730,2019-09-17 13:36:00,10.4,1024.9,4,232,4.1,1.5,1398.0
51747,2019-09-17 13:36:00,12.3,1022.9,60,320,13.1,1.3,1095.4
51765,2019-09-17 13:36:00,15.8,1024.4,10,252,5.9,0.9,1019.2
51777,2019-09-17 13:36:00,30.2,1013.2,1,226,8.3,1.1,1460.8
51804,2019-09-17 13:36:00,22.5,1025.7,62,111,4.1,0.1,1191.2
51810,2019-09-17 13:36:00,25.3,1015.1,20,203,0.2,1.0,1373.3
51811,2019-09-17 13:36:00,19.7,1015.7,5,38,3.2,0.1,1477.2
51818,2019-09-17 13:36:00,8.3,1003.3,40,257,3.0,1.5,1285.7
51828,2019-09-17 13:36:00,3.9,1014.7,82,181,2.6,1.0,1205.1
51839,2019-09-17 13:36:00,20.5,1004.9,41,142,4.7,0.3,1288.0
51855,2019-09-17 13:36:00,28.7,1002.9,90,124,0.7,0.1,1491.5
51931,2019-09-17 13:36:00,0.7,1010.6,5,196,0.4,1.5,1116.4
52101,2019-09-17 13:36:00,26.2,1009.1,1,110,2.1,0.5,1359.2
52112,2019-09-17 13:36:00,9.5,1013.1,89,227,13.5,0.4,1309.6
52118,2019-09-17 13:36:00,3.6,1023.9,95,15,2.8,0.7,1222.5
52203,2019-09-17 13:36:00,14.4,1017.3,26,320,14.4,0.9,1081.3
52313,2019-09-17 13:36:00,0.4,1010.6,62,264,1.2,0.2,1340.9
56444,2019-09-17 13:36:00,3.4,1010.5,71,193,12.1,1.0,1035.4
56533,2019-09-17 13:36:00,11.4,1017.5,22,274,7.9,1.5,1370.9
56543,2019-09-17 13:36:00,16.6,1009.8,1,299,3.6,0.1,1202.7
56548,2019-09-17 13:36:00,16.0,1002.6,49,110,3.4,0.2,1426.0
56586,2019-09-17 13:36:00,6.5,1008.9,54,64,1.9,0.0,1152.4
56643,2019-09-17 13:36:00,8.2,1026.1,22,142,7.9,1.0,1418.7
56651,2019-09-17 13:36:00,19.5,1022.4,26,280,11.2,1.3,1252.1
56664,2019-09-17 13:36:00,3.5,1013.4,53,132,6.0,0.8,1357.3
56684,2019-09-17 13:36:00,20.6,1004.2,82,26,8.6,1.4,1033.0
56739,2019-09-17 13:36:00,17.3,1017.7,52,21,0.1,0.0,1465.7
56748,2019-09-17 13:36:00,26.9,1025.9,52,320,2.4,1.2,1268.1
56751,2019-09-17 13:36:00,8.0,1022.5,34,141,5.9,0.5,1058.0
56763,2019-09-17 13:36:00,17.7,1004.2,41,129,5.0,0.5,1208.4
56768,2019-09-17 13:36:00,4.7,1015.9,99,128,2.2,0.1,1186.8
56778,2019-09-17 13:36:00,20.0,1000.2,5,125,8.8,0.3,1057.4
56786,2019-09-17 13:36:00,15.4,1017.5,59,53,4.2,1.1,1003.0
56838,2019-09-17 13:36:00,7.4,1008.0,72,294,2.0,1.5,1460.5
56856,2019-09-17 13:36:00,16.1,1007.6,12,332,9.8,0.9,1173.9
56872,2019-09-17 13:36:00,14.8,1018.8,63,157,8.2,1.1,1047.4
56875,2019-09-17 13:36:00,27.6,1004.6,100,185,11.4,0.6,1414.4
56886,2019-09-17 13:36:00,6.0,1015.0,37,70,3.8,0.4,1131.6
56946,2019-09-17 13:36:00,29.8,1022.1,81,270,6.0,1.5,1370.4
56950,2019-09-17 13:36:00,18.9,1012.7,56,202,1.2,1.0,1072.2
56951,2019-09-17 13:36:00,27.2,1025.4,34,296,1.7,0.0,1487.7
56954,2019-09-17 13:36:00,0.8,1006.9,45,168,5.0,0.8,1125.9
56959,2019-09-17 13:36:00,31.0,1013.8,87,266,1.2,1.4,1442.5
56964,2019-09-17 13:36:00,33.4,1018.1,23,296,11.3,0.2,1110.4
56966,2019-09-17 13:36:00,9.9,1024.0,50,63,3.9,0.2,1417.3
56969,2019-09-17 13:36:00,26.4,1010.1,45,30,1.1,0.0,1106.0
56977,2019-09-17 13:36:00,28.7,1016.9,81,163,0.9,1.4,1212.1
56985,2019-09-17 13:36:00,8.8,1006.2,30,69,4.8,0.7,1384.8
56986,2019-09-17 13:36:00,24.1,1015.8,4,32,13.3,0.8,1492.3
56991,2019-09-17 13:36:00,30.2,1013.8,59,243,0.5,1.4,1146.8
59007,2019-09-17 13:36:00,13.4,1018.3,56,23,11.4,1.1,1041.1
58448,2019-09-17 13:36:00,8.4,1014.5,88,99,4.4,1.2,1102.6
58450,2019-09-17 13:36:00,19.2,1014.1,35,89,10.5,1.3,1210.8
58457,2019-09-17 13:36:00,34.1,1006.4,21,57,3.2,0.6,1322.9
58464,2019-09-17 13:36:00,19.9,1008.2,78,187,2.5,0.4,1389.1
58467,2019-09-17 13:36:00,12.7,1003.1,77,345,12.8,0.3,1205.5
58472,2019-09-17 13:36:00,9.8,1001.6,13,288,10.3,0.2,1182.6
58477,2019-09-17 13:36:00,5.9,1018.8,83,2,13.2,0.2,1130.4
58543,2019-09-17 13:36:00,5.6,1005.2,24,164,11.4,0.4,1127.9
58549,2019-09-17 13:36:00,22.8,1006.9,7,211,10.7,1.4,1496.7
58553,2019-09-17 13:36:00,6.5,1019.3,65,71,13.1,1.3,1487.1
58556,2019-09-17 13:36:00,25.6,1023.7,9,268,6.5,1.0,1320.8
58557,2019-09-17 13:36:00,1.5,1011.4,23,196,7.6,0.2,1250.0
58562,2019-09-17 13:36:00,28.1,1024.1,36,104,13.3,0.9,1258.5
58569,2019-09-17 13:36:00,31.3,1006.6,69,70,2.6,0.1,1241.2
58633,2019-09-17 13:36:00,18.5,1020.2,21,136,8.9,0.4,1183.5
58646,2019-09-17 13:36:00,2.9,1016.7,96,186,1.6,1.4,1217.3
58652,2019-09-17 13:36:00,13.5,1008.1,95,199,6.4,0.6,1109.9
58665,2019-09-17 13:36:00,11.6,1009.3,96,212,0.1,1.2,1156.3
58666,2019-09-17 13:36:00,13.2,1012.7,17,109,0.9,1.2,1088.1
58667,2019-09-17 13:36:00,33.5,1018.9,82,245,14.1,1.3,1023.7
58742,2019-09-17 13:36:00,27.0,1011.9,87,16,11.5,0.5,1388.4
58752,2019-09-17 13:36:00,16.4,1021.8,72,279,13.6,0.2,1423.0
58760,2019-09-17 13:36:00,22.3,1012.2,46,299,2.9,1.3,1374.1
57348,2019-09-17 13:36:00,11.9,1025.5,46,39,7.1,1.5,1271.5
57426,2019-09-17 13:36:00,26.1,1013.8,61,324,5.7,0.3,1374.6
57432,2019-09-17 13:36:00,33.5,1000.0,29,155,9.3,1.1,1159.0
57502,2019-09-17 13:36:00,18.2,1008.5,10,351,10.2,0.3,1482.1
57512,2019-09-17 13:36:00,15.6,1018.0,100,102,12.2,0.1,1282.7
57516,2019-09-17 13:36:00,23.2,1013.9,63,240,8.2,1.4,1106.8
57517,2019-09-17 13:36:00,8.0,1010.6,18,325,0.1,0.6,1313.3
57520,2019-09-17 13:36:00,7.9,1005.4,60,98,7.1,0.0,1223.7
57523,2019-09-17 13:36:00,28.5,1009.7,41,268,0.0,0.0,1011.6
57536,2019-09-17 13:36:00,4.7,1004.9,97,188,1.5,0.2,1242.6
57612,2019-09-17 13:36:00,17.6,1003.7,65,40,0.4,1.0,1151.8
57633,2019-09-17 13:36:00,31.8,1023.2,30,144,3.3,0.0,1390.2
