58015,2019-10-12 14:52:00,5.5,1010.7,96,258,4.9,0.3,1408.4
58102,2019-10-12 14:52:00,19.3,1011.6,46,221,14.1,0.9,1175.6
58118,2019-10-12 14:52:00,28.5,1022.5,74,276,13.6,1.3,1450.8
58122,2019-10-12 14:52:00,28.6,1024.5,15,164,10.1,0.2,1450.2
58203,2019-10-12 14:52:00,12.1,1022.4,93,84,6.2,0.0,1416.2
58215,2019-10-12 14:52:00,13.6,1019.1,7,5,10.2,1.5,1327.8
58221,2019-10-12 14:52:00,32.8,1018.2,81,296,5.9,1.3,1128.6
58225,2019-10-12 14:52:00,31.9,1025.5,90,128,14.2,0.0,1465.8
58236,2019-10-12 14:52:00,16.0,1022.5,12,272,4.9,1.1,1116.1
58311,2019-10-12 14:52:00,17.2,1023.8,4,236,3.6,0.1,1141.2
58314,2019-10-12 14:52:00,17.4,1023.9,33,5,7.9,0.0,1415.9
58319,2019-10-12 14:52:00,33.9,1016.2,6,334,2.9,1.1,1346.4
58321,2019-10-12 14:52:00,22.8,1004.1,20,46,2.3,1.0,1328.9
58326,2019-10-12 14:52:00,6.6,1024.1,99,228,12.9,1.3,1122.4
58336,2019-10-12 14:52:00,7.3,1011.4,91,146,13.1,0.6,1204.9
58338,2019-10-12 14:52:00,18.9,1008.1,38,168,10.3,1.5,1048.3
58414,2019-10-12 14:52:00,4.5,1025.8,91,145,9.1,0.9,1385.1
58419,2019-10-12 14:52:00,29.4,1000.4,74,268,3.2,1.5,1479.3
58424,2019-10-12 14:52:00,7.2,1003.7,46,19,14.1,0.3,1058.4
58429,2019-10-12 14:52:00,3.2,1020.7,35,354,14.3,0.3,1112.6
58436,2019-10-12 14:52:00,0.1,1005.4,71,332,5.4,0.8,1224.4
58437,2019-10-12 14:52:00,3.5,1024.3,61,131,11.9,0.9,1032.0
58520,2019-10-12 14:52:00,2.2,1006.1,81,275,3.3,0.1,1177.7
58531,2019-10-12 14:52:00,1.6,1003.0,37,19,1.9,1.0,1401.4
54406,2019-10-12 14:52:00,5.5,1006.7,22,182,0.8,1.1,1022.6
54416,2019-10-12 14:52:00,27.0,1006.3,84,350,2.8,1.1,1483.6
54511,2019-10-12 14:52:00,17.5,1001.8,27,321,13.5,0.2,1429.0
58725,2019-10-12 14:52:00,24.0,1025.7,16,283,9.4,1.5,1018.4
58730,2019-10-12 14:52:00,2.1,1022.9,82,290,6.8,1.4,1441.5
58731,2019-10-12 14:52:00,8.3,1006.3,40,101,9.8,0.3,1177.0
58734,2019-10-12 14:52:00,27.6,1023.3,31,154,14.7,0.8,1319.1
58737,2019-10-12 14:52:00,22.8,1019.9,97,90,14.8,0.3,1438.9
58744,2019-10-12 14:52:00,0.7,1023.2,94,341,4.1,0.2,1295.9
58754,2019-10-12 14:52:00,19.1,1025.8,85,229,12.3,1.2,1072.8
58818,2019-10-12 14:52:00,25.4,1005.9,40,197,6.9,1.3,1415.1
58820,2019-10-12 14:52:00,19.2,1014.2,53,40,4.3,1.2,1045.5
58834,2019-10-12 14:52:00,1.8,1022.7,50,277,2.9,1.4,1076.9
58837,2019-10-12 14:52:00,31.4,1025.8,42,253,4.6,0.2,1254.3
58843,2019-10-12 14:52:00,32.5,1016.4,58,262,10.5,1.2,1123.7
58846,2019-10-12 14:52:00,30.3,1011.2,16,323,14.4,0.7,1092.7
58847,2019-10-12 14:52:00,29.7,1003.8,47,252,3.0,0.7,1365.3
58911,2019-10-12 14:52:00,22.4,1020.2,72,151,0.5,0.4,1302.1
58918,2019-10-12 14:52:00,15.4,1019.5,91,54,14.6,0.4,1018.1
58921,2019-10-12 14:52:00,33.2,1008.6,9,276,1.4,0.3,1010.8
58926,2019-10-12 14:52:00,8.7,1021.0,15,150,1.5,0.1,1334.6
58927,2019-10-12 14:52:00,10.2,1023.8,8,306,4.8,0.6,1236.3
58931,2019-10-12 14:52:00,14.1,1014.3,58,89,13.5,1.1,1340.1
58933,2019-10-12 14:52:00,21.0,1013.7,53,135,9.6,0.4,1438.1
58936,2019-10-12 14:52:00,7.2,1016.4,35,42,3.4,1.3,1391.7
58944,2019-10-12 14:52:00,33.2,1021.4,12,236,2.2,1.5,1102.6
59113,2019-10-12 14:52:00,1.7,1025.2,96,168,14.2,1.2,1059.7
59126,2019-10-12 14:52:00,26.7,1012.7,73,72,9.9,1.2,1383.4
59133,2019-10-12 14:52:00,24.0,1006.5,64,177,3.0,1.3,1240.5
59134,2019-10-12 14:52:00,27.5,1025.3,10,68,1.2,0.8,1092.3
59321,2019-10-12 14:52:00,20.7,1006.9,24,179,3.9,1.4,1294.3
52323,2019-10-12 14:52:00,3.5,1015.8,29,23,12.5,0.5,1393.6
52418,2019-10-12 14:52:00,1.8,1024.4,28,194,12.2,1.0,1131.4
52424,2019-10-12 14:52:00,13.7,1021.2,16,268,8.6,0.4,1460.6
52436,2019-10-12 14:52:00,0.9,1026.2,6,297,8.8,0.0,1141.1
52446,2019-10-12 14:52:00,6.1,1021.8,89,151,2.3,0.5,1160.0
52447,2019-10-12 14:52:00,31.3,1015.0,55,87,0.1,1.3,1113.3
52533,2019-10-12 14:52:00,13.5,1025.6,85,207,10.8,0.4,1078.6
52546,2019-10-12 14:52:00,25.2,1001.8,37,307,2.7,1.3,1042.2
52652,2019-10-12 14:52:00,34.4,1005.3,86,115,2.4,1.0,1191.1
52661,2019-10-12 14:52:00,2.3,1000.8,86,218,1.5,1.5,1053.4
52674,2019-10-12 14:52:00,10.9,1003.5,79,162,4.1,1.4,1135.9
52679,2019-10-12 14:52:00,28.8,1017.8,18,298,4.9,0.2,1333.3
52681,2019-10-12 14:52:00,27.7,1003.4,34,34,12.5,0.3,1152.2
52787,2019-10-12 14:52:00,17.0,1010.0,1,38,3.8,0.9,1003.7
52797,2019-10-12 14:52:00,4.4,1021.1,26,241,9.8,1.1,1272.0
52884,2019-10-12 14:52:00,1.7,1012.5,38,25,3.8,1.0,1191.3
52895,2019-10-12 14:52:00,1.8,1006.2,41,96,1.2,0.9,1433.0
52983,2019-10-12 14:52:00,7.1,1020.4,53,338,8.9,0.9,1336.7
52984,2019-10-12 14:52:00,22.7,1018.7,86,82,12.1,1.0,1208.0
52986,2019-10-12 14:52:00,1.3,1015.6,72,335,8.6,0.4,1337.8
52996,2019-10-12 14:52:00,15.8,1011.0,4,204,7.9,0.3,1446.1
53821,2019-10-12 14:52:00,10.6,1016.5,43,40,11.5,0.7,1120.4
53915,2019-10-12 14:52:00,24.1,1015.4,60,136,14.8,0.4,1206.7
53923,2019-10-12 14:52:00,16.1,1004.6,79,173,12.4,0.6,1171.1
56074,2019-10-12 14:52:00,25.2,1020.0,69,177,12.7,1.5,1224.8
56080,2019-10-12 14:52:00,8.1,1004.3,86,140,14.0,1.5,1269.6
56093,2019-10-12 14:52:00,34.9,1019.6,4,114,8.0,0.2,1335.3
56096,2019-10-12 14:52:00,17.8,1023.8,25,310,11.7,1.1,1190.6
57014,2019-10-12 14:52:00,25.6,1009.5,4,174,6.7,1.1,1061.9
57996,2019-10-12 14:52:00,26.4,1009.1,97,154,1.4,0.5,1241.2
59072,2019-10-12 14:52:00,4.1,1016.5,40,282,13.9,0.3,1100.3
59082,2019-10-12 14:52:00,12.4,1003.2,83,282,1.8,0.3,1466.7
59087,2019-10-12 14:52:00,14.4,1016.2,49,346,6.7,1.2,1491.6
59088,2019-10-12 14:52:00,0.9,1021.2,76,343,7.4,1.1,1333.5
59096,2019-10-12 14:52:00,26.5,1006.4,45,25,11.7,0.3,1165.3
59097,2019-10-12 14:52:00,34.3,1015.3,41,249,13.6,0.7,1323.5
59107,2019-10-12 14:52:00,9.4,1022.2,86,281,9.4,0.1,1315.7
59116,2019-10-12 14:52:00,20.1,1019.1,53,129,6.9,0.3,1155.3
59117,2019-10-12 14:52:00,17.9,1010.1,23,253,10.5,1.0,1038.1
59271,2019-10-12 14:52:00,7.3,1003.7,92,252,3.0,0.3,1492.7
59278,2019-10-12 14:52:00,34.4,1007.4,95,184,13.8,1.5,1041.2
59280,2019-10-12 14:52:00,4.9,1000.1,38,115,6.0,0.1,1203.4
59287,2019-10-12 14:52:00,23.4,1002.1,31,242,6.7,0.0,1453.7
59289,2019-10-12 14:52:00,30.3,1008.6,39,79,2.5,0.9,1088.1
59293,2019-10-12 14:52:00,26.6,1016.8,95,78,11.7,0.4,1051.5
59294,2019-10-12 14:52:00,2.5,1018.1,73,0,8.9,1.3,1183.3
59298,2019-10-12 14:52:00,18.2,1019.8,86,308,6.4,0.7,1259.1
59303,2019-10-12 14:52:00,10.0,1014.1,11,169,14.4,1.2,1445.8
59304,2019-10-12 14:52:00,13.9,1015.5,45,89,4.3,1.4,1195.5
59306,2019-10-12 14:52:00,15.8,1016.3,62,190,9.9,0.5,1251.9
59310,2019-10-12 14:52:00,4.2,1026.2,52,330,4.2,1.2,1376.8
59316,2019-10-12 14:52:00,12.3,1004.3,74,313,12.6,1.1,1410.1
59317,2019-10-12 14:52:00,26.9,1009.4,67,64,6.6,1.5,1052.8
59324,2019-10-12 14:52:00,30.7,1004.1,81,283,3.2,0.6,1292.8
59456,2019-10-12 14:52:00,21.5,1016.4,58,102,12.4,1.2,1449.5
59462,2019-10-12 14:52:00,31.9,1008.1,85,145,10.1,0.5,1315.6
59478,2019-10-12 14:52:00,22.1,1020.3,77,130,12.9,1.5,1147.0
59485,2019-10-12 14:52:00,7.5,1010.9,21,56,5.7,0.5,1163.2
59488,2019-10-12 14:52:00,24.8,1019.2,26,273,2.8,0.6,1433.9
59493,2019-10-12 14:52:00,26.9,1008.2,61,11,13.8,0.0,1026.7
59501,2019-10-12 14:52:00,31.4,1025.1,20,219,14.9,1.1,1293.8
59658,2019-10-12 14:52:00,8.0,1018.0,17,135,4.6,0.5,1182.0
59663,2019-10-12 14:52:00,22.7,1020.2,63,223,14.1,0.8,1488.3
59664,2019-10-12 14:52:00,10.9,1021.2,17,352,1.7,0.8,1043.5
59673,2019-10-12 14:52:00,27.5,1001.5,92,57,3.1,0.6,1003.0
59754,2019-10-12 14:52:00,33.4,1023.3,38,270,10.0,0.2,1015.4
57947,2019-10-12 14:52:00,33.3,1007.5,21,153,8.7,1.4,1229.3
57957,2019-10-12 14:52:00,32.7,1010.2,66,209,9.7,0.9,1100.2
57958,2019-10-12 14:52:00,28.5,1017.9,17,209,8.6,1.2,1231.2
59021,2019-10-12 14:52:00,21.3,1001.2,35,311,3.2,0.8,1438.8
59023,2019-10-12 14:52:00,29.6,1026.3,51,62,2.3,1.4,1393.2
59027,2019-10-12 14:52:00,22.4,1018.0,84,0,2.7,0.0,1448.4
59037,2019-10-12 14:52:00,22.3,1004.8,64,238,9.5,1.5,1161.9
59046,2019-10-12 14:52:00,25.9,1026.3,79,111,11.6,0.1,1116.6
59058,2019-10-12 14:52:00,28.4,1011.0,17,355,6.3,0.6,1187.0
59065,2019-10-12 14:52:00,30.9,1000.4,57,270,9.4,0.0,1436.2
59209,2019-10-12 14:52:00,18.5,1005.7,32,110,7.8,0.2,1323.2
59211,2019-10-12 14:52:00,7.1,1008.1,1,346,1.9,1.5,1176.3
59218,2019-10-12 14:52:00,19.3,1021.9,65,350,7.9,1.2,1014.5
59228,2019-10-12 14:52:00,34.1,1003.5,48,144,14.1,0.3,1258.9
59242,2019-10-12 14:52:00,1.7,1019.2,25,183,14.0,1.1,1056.0
59254,2019-10-12 14:52:00,7.4,1010.2,54,323,3.0,0.6,1328.2
59265,2019-10-12 14:52:00,25.0,1022.0,12,289,12.9,1.5,1219.3
59417,2019-10-12 14:52:00,6.8,1025.4,9,146,6.1,0.3,1311.0
59431,2019-10-12 14:52:00,9.5,1008.3,77,182,6.0,0.4,1334.4
59446,2019-10-12 14:52:00,22.7,1022.9,19,20,1.1,0.4,1341.8
59453,2019-10-12 14:52:00,30.8,1025.8,66,323,11.5,0.4,1340.0
59626,2019-10-12 14:52:00,32.6,1022.0,16,338,6.4,0.3,1266.9
59631,2019-10-12 14:52:00,12.3,1023.6,7,200,4.4,0.6,1245.4
59632,2019-10-12 14:52:00,14.9,1008.6,81,87,9.5,0.7,1025.8
59644,2019-10-12 14:52:00,28.5,1021.0,96,260,5.5,0.0,1145.7
59647,2019-10-12 14:52:00,15.8,1020.0,80,248,14.5,1.4,1494.2
56691,2019-10-12 14:52:00,31.8,1004.3,43,288,0.1,1.2,1424.3
56693,2019-10-12 14:52:00,3.7,1008.6,97,103,12.2,1.2,1025.6
56792,2019-10-12 14:52:00,14.2,1013.2,43,76,10.4,1.3,1139.7
56793,2019-10-12 14:52:00,33.0,1011.4,25,119,13.9,0.4,1278.0
57606,2019-10-12 14:52:00,28.8,1008.5,78,237,7.0,1.5,1205.8
57614,2019-10-12 14:52:00,33.9,1026.3,59,340,10.9,1.4,1000.9
57625,2019-10-12 14:52:00,15.6,1007.8,87,351,6.2,0.4,1214.9
57647,2019-10-12 14:52:00,3.5,1006.7,9,176,1.6,1.3,1159.3
57707,2019-10-12 14:52:00,26.9,1009.6,8,303,4.3,0.1,1376.8
57710,2019-10-12 14:52:00,22.3,1006.3,79,229,8.2,0.0,1485.5
57712,2019-10-12 14:52:00,29.6,1002.1,87,3,2.6,0.8,1099.3
57718,2019-10-12 14:52:00,1.6,1023.3,54,285,12.2,1.0,1286.6
57722,2019-10-12 14:52:00,1.3,1013.9,95,316,9.2,0.5,1353.0
57729,2019-10-12 14:52:00,6.9,1016.5,81,211,9.9,1.0,1276.1
57731,2019-10-12 14:52:00,0.8,1011.7,56,124,4.0,0.1,1185.0
57741,2019-10-12 14:52:00,30.9,1026.0,26,244,12.0,1.5,1264.6
57803,2019-10-12 14:52:00,22.8,1016.5,49,194,14.4,0.6,1325.0
57805,2019-10-12 14:52:00,2.9,1021.0,23,123,13.8,1.1,1452.0
57806,2019-10-12 14:52:00,27.3,1025.0,69,20,1.4,0.3,1364.9
57816,2019-10-12 14:52:00,12.3,1009.6,97,142,8.3,0.9,1079.6
57825,2019-10-12 14:52:00,15.7,1024.2,42,169,4.7,0.5,1457.6
57827,2019-10-12 14:52:00,24.0,1005.5,18,89,3.0,1.2,1340.6
57832,2019-10-12 14:52:00,9.7,1005.7,81,217,11.4,0.4,1224.2
57839,2019-10-12 14:52:00,6.3,1009.5,79,175,9.1,1.4,1224.4
57840,2019-10-12 14:52:00,2.4,1010.7,38,100,10.0,1.4,1120.6
57902,2019-10-12 14:52:00,31.3,1019.6,69,203,10.6,1.0,1284.9
57906,2019-10-12 14:52:00,11.6,1012.3,30,349,2.7,1.3,1148.8
57907,2019-10-12 14:52:00,17.2,1021.6,1,134,3.6,0.2,1148.9
57910,2019-10-12 14:52:00,24.1,1020.9,21,84,10.1,0.5,1203.6
57912,2019-10-12 14:52:00,19.2,1014.4,71,281,1.2,1.4,1036.2
57916,2019-10-12 14:52:00,26.5,1017.1,21,208,10.6,0.2,1456.0
57922,2019-10-12 14:52:00,30.4,1004.8,41,117,2.5,0.0,1126.6
57926,2019-10-12 14:52:00,22.1,1018.5,14,173,7.4,1.3,1326.6
57932,2019-10-12 14:52:00,23.2,1021.2,86,9,13.1,1.5,1063.3
59758,2019-10-12 14:52:00,21.2,1017.1,79,223,12.2,1.4,1217.3
59838,2019-10-12 14:52:00,32.5,1003.7,46,24,6.6,0.1,1046.3
59845,2019-10-12 14:52:00,2.6,1006.2,98,346,9.9,1.0,1400.5
59849,2019-10-12 14:52:00,26.7,1017.1,49,311,4.0,0.2,1210.9
59855,2019-10-12 14:52:00,16.9,1003.6,15,307,8.7,0.0,1113.1
59948,2019-10-12 14:52:00,14.7,1020.2,8,11,9.5,0.0,1327.2
59954,2019-10-12 14:52:00,11.1,1006.3,2,56,1.7,0.2,1381.6
59981,2019-10-12 14:52:00,32.7,1008.0,63,252,0.8,0.2,1424.5
53399,2019-10-12 14:52:00,29.8,1021.6,28,303,8.8,0.5,1497.5
53593,2019-10-12 14:52:00,11.6,1011.5,74,99,8.0,0.8,1423.5
53698,2019-10-12 14:52:00,2.6,1026.3,39,290,7.3,0.3,1499.3
53798,2019-10-12 14:52:00,18.1,1000.4,61,101,0.1,1.4,1450.4
54308,2019-10-12 14:52:00,34.1,1007.2,2,133,8.5,0.9,1176.6
54311,2019-10-12 14:52:00,13.2,1002.9,79,33,1.2,0.4,1222.3
54401,2019-10-12 14:52:00,5.1,1024.4,76,131,6.9,0.5,1014.6
54405,2019-10-12 14:52:00,14.6,1012.6,60,247,9.7,1.1,1334.5
54423,2019-10-12 14:52:00,23.0,1024.1,55,92,8.5,0.4,1312.1
54429,2019-10-12 14:52:00,2.9,1018.1,66,36,6.7,1.2,1418.9
54436,2019-10-12 14:52:00,34.0,1015.5,94,103,13.4,1.2,1184.0
54449,2019-10-12 14:52:00,31.6,1026.0,60,82,9.1,1.4,1271.2
54518,2019-10-12 14:52:00,3.2,1012.7,91,189,14.0,1.2,1011.7
54534,2019-10-12 14:52:00,14.1,1004.1,32,215,9.7,0.0,1036.5
54535,2019-10-12 14:52:00,24.3,1002.5,45,176,9.0,0.2,1376.7
54539,2019-10-12 14:52:00,3.7,1004.0,19,315,9.8,0.2,1210.4
54602,2019-10-12 14:52:00,2.4,1017.0,80,280,14.4,0.5,1478.4
54606,2019-10-12 14:52:00,29.9,1005.4,75,269,7.8,0.1,1232.4
54618,2019-10-12 14:52:00,4.3,1023.2,49,32,4.4,0.1,1395.3
54624,2019-10-12 14:52:00,12.4,1002.8,14,276,9.3,0.3,1141.7
54705,2019-10-12 14:52:00,29.3,1024.3,41,163,11.4,1.1,1191.4
53898,2019-10-12 14:52:00,15.1,1011.4,37,55,11.6,1.4,1369.9
53986,2019-10-12 14:52:00,4.7,1002.8,10,331,7.2,0.2,1349.9
57051,2019-10-12 14:52:00,34.7,1021.3,6,235,8.8,1.4,1327.7
57067,2019-10-12 14:52:00,26.5,1011.1,75,305,6.7,1.1,1306.4
57071,2019-10-12 14:52:00,19.0,1017.5,76,213,8.7,1.5,1498.4
57077,2019-10-12 14:52:00,17.3,1019.5,94,29,4.3,0.2,1423.6
57083,2019-10-12 14:52:00,33.7,1016.4,37,224,1.9,0.9,1200.7
57084,2019-10-12 14:52:00,14.0,1013.6,64,341,1.5,0.9,1356.9
57089,2019-10-12 14:52:00,25.3,1011.6,31,45,14.9,0.1,1401.4
57091,2019-10-12 14:52:00,3.5,1026.0,100,251,14.5,0.0,1427.4
57156,2019-10-12 14:52:00,3.1,1025.3,13,26,1.5,0.5,1213.4
57178,2019-10-12 14:52:00,18.1,1025.4,83,284,5.8,0.1,1107.0
57181,2019-10-12 14:52:00,25.6,1024.4,56,327,9.1,0.1,1287.8
57193,2019-10-12 14:52:00,8.8,1004.9,35,220,6.4,1.3,1386.5
57285,2019-10-12 14:52:00,0.3,1006.2,16,322,2.6,0.7,1406.7
57290,2019-10-12 14:52:00,12.5,1001.8,4,277,12.5,0.5,1368.1
57297,2019-10-12 14:52:00,0.3,1017.2,59,248,11.7,0.1,1240.2
58005,2019-10-12 14:52:00,9.2,1004.7,92,162,4.6,0.1,1000.2
58111,2019-10-12 14:52:00,15.6,1015.1,58,86,13.8,1.2,1359.1
58208,2019-10-12 14:52:00,5.0,1000.1,42,227,8.2,0.5,1278.5
50136,2019-10-12 14:52:00,21.6,1016.9,59,300,1.7,1.3,1360.2
50246,2019-10-12 14:52:00,20.0,1009.9,16,146,8.7,0.6,1316.2
50247,2019-10-12 14:52:00,30.2,1015.8,35,108,9.6,1.5,1115.4
50349,2019-10-12 14:52:00,31.9,1006.0,55,151,6.6,0.8,1191.8
50353,2019-10-12 14:52:00,32.6,1024.2,45,137,13.1,0.6,1093.3
50442,2019-10-12 14:52:00,12.7,1003.3,98,154,5.8,1.2,1077.1
50468,2019-10-12 14:52:00,12.8,1001.7,33,104,10.8,1.0,1279.2
50557,2019-10-12 14:52:00,21.9,1006.4,59,131,7.6,0.9,1166.0
50564,2019-10-12 14:52:00,29.4,1003.0,3,305,11.2,0.2,1107.7
50656,2019-10-12 14:52:00,27.9,1013.7,5,54,7.6,0.2,1454.7
50658,2019-10-12 14:52:00,15.6,1022.8,62,113,14.3,1.3,1236.2
50674,2019-10-12 14:52:00,4.8,1010.2,3,139,7.3,0.4,1223.9
50739,2019-10-12 14:52:00,12.7,1015.4,95,97,4.4,0.8,1394.8
50742,2019-10-12 14:52:00,25.0,1003.1,98,114,9.8,0.6,1442.2
50745,2019-10-12 14:52:00,2.5,1016.3,29,172,2.8,1.3,1016.0
50756,2019-10-12 14:52:00,29.4,1015.4,68,234,5.3,0.5,1071.6
50758,2019-10-12 14:52:00,30.0,1022.8,38,58,11.3,1.5,1202.5
50774,2019-10-12 14:52:00,18.2,1000.9,23,170,12.7,0.3,1144.8
50778,2019-10-12 14:52:00,34.5,1013.5,25,234,8.3,1.2,1459.5
50788,2019-10-12 14:52:00,30.1,1022.8,17,215,8.7,0.3,1439.3
50844,2019-10-12 14:52:00,15.2,1020.9,97,108,13.9,1.3,1036.6
50853,2019-10-12 14:52:00,16.0,1017.1,27,334,14.5,0.8,1486.4
50854,2019-10-12 14:52:00,4.8,1001.2,13,159,14.7,0.8,1201.7
50862,2019-10-12 14:52:00,18.0,1016.2,25,335,4.0,0.4,1201.7
50873,2019-10-12 14:52:00,29.3,1001.2,93,139,13.3,0.0,1458.4
50877,2019-10-12 14:52:00,11.0,1019.0,40,217,9.1,0.9,1112.8
50888,2019-10-12 14:52:00,6.6,1015.8,80,312,9.0,1.1,1200.3
50950,2019-10-12 14:52:00,12.6,1013.4,22,250,7.3,0.9,1240.7
50953,2019-10-12 14:52:00,15.3,1004.9,1,345,6.6,0.8,1345.9
50955,2019-10-12 14:52:00,3.8,1012.5,58,284,1.0,1.2,1069.6
50963,2019-10-12 14:52:00,21.7,1018.8,97,164,8.1,1.1,1136.9
50968,2019-10-12 14:52:00,0.1,1011.3,26,153,4.9,0.6,1121.3
50973,2019-10-12 14:52:00,19.1,1019.6,54,198,8.5,0.5,1313.9
50978,2019-10-12 14:52:00,15.0,1026.0,54,125,3.2,0.2,1405.8
50983,2019-10-12 14:52:00,13.7,1005.1,35,181,12.1,1.0,1093.9
54094,2019-10-12 14:52:00,22.2,1021.7,7,88,12.7,1.1,1450.4
54096,2019-10-12 14:52:00,1.8,1022.7,78,21,7.8,1.0,1037.9
57251,2019-10-12 14:52:00,22.7,1014.3,28,321,13.0,0.0,1279.1
57256,2019-10-12 14:52:00,22.4,1007.0,61,280,14.8,0.7,1447.5
57259,2019-10-12 14:52:00,20.1,1014.2,59,7,8.7,1.3,1341.4
57265,2019-10-12 14:52:00,7.1,1022.5,50,135,8.2,0.6,1054.4
57278,2019-10-12 14:52:00,34.4,1026.0,40,68,4.5,0.3,1148.1
57279,2019-10-12 14:52:00,32.0,1019.4,81,22,14.0,0.5,1433.1
57355,2019-10-12 14:52:00,21.7,1001.3,16,2,1.7,0.2,1111.3
57358,2019-10-12 14:52:00,30.3,1017.8,98,303,4.3,0.2,1089.4
57359,2019-10-12 14:52:00,9.4,1014.6,67,150,3.6,0.1,1476.1
57363,2019-10-12 14:52:00,29.5,1020.6,73,210,12.6,1.2,1080.3
57378,2019-10-12 14:52:00,33.0,1017.3,8,268,3.3,1.1,1252.7
57381,2019-10-12 14:52:00,7.6,1012.1,13,199,14.4,0.1,1267.4
57395,2019-10-12 14:52:00,27.5,1004.7,53,117,8.5,1.4,1290.9
57399,2019-10-12 14:52:00,15.5,1011.3,83,306,0.6,0.6,1108.4
57439,2019-10-12 14:52:00,4.9,1012.7,23,314,10.2,1.3,1355.6
57445,2019-10-12 14:52:00,3.2,1006.9,87,261,10.7,0.6,1474.1
57447,2019-10-12 14:52:00,16.5,1011.5,36,333,6.9,0.7,1394.3
57458,2019-10-12 14:52:00,33.0,1025.0,23,170,4.0,1.3,1489.7
57461,2019-10-12 14:52:00,31.3,1017.1,7,343,2.0,0.0,1230.1
57476,2019-10-12 14:52:00,33.7,1010.9,53,333,6.6,1.4,1110.2
57482,2019-10-12 14:52:00,26.6,1009.6,59,117,0.3,0.9,1357.7
57483,2019-10-12 14:52:00,33.6,1008.8,85,151,9.3,1.1,1146.5
57493,2019-10-12 14:52:00,1.9,1010.6,52,231,7.9,0.1,1102.7
57494,2019-10-12 14:52:00,14.5,1006.7,53,5,14.8,0.0,1181.2
57545,2019-10-12 14:52:00,7.6,1022.0,97,80,8.8,1.0,1219.9
57573,2019-10-12 14:52:00,8.8,1014.0,92,73,13.3,1.1,1430.5
57581,2019-10-12 14:52:00,8.3,1023.1,60,73,5.4,0.2,1414.1
57583,2019-10-12 14:52:00,13.4,1017.6,12,196,1.0,1.5,1425.1
57595,2019-10-12 14:52:00,26.3,1023.9,4,95,11.6,0.7,1076.9
58402,2019-10-12 14:52:00,25.8,1013.8,37,355,10.3,0.3,1184.9
58407,2019-10-12 14:52:00,29.4,1023.4,59,206,14.3,0.9,1051.0
58500,2019-10-12 14:52:00,28.1,1003.9,77,53,0.2,1.5,1342.6
57554,2019-10-12 14:52:00,16.2,1023.2,83,20,12.1,0.5,1368.6
57562,2019-10-12 14:52:00,6.8,1014.9,15,254,9.0,0.6,1404.3
57574,2019-10-12 14:52:00,17.3,1020.9,56,286,13.6,0.5,1400.5
57584,2019-10-12 14:52:00,29.1,1000.2,85,48,6.3,0.4,1319.0
57642,2019-10-12 14:52:00,22.4,1022.9,84,17,5.1,1.0,1347.6
57649,2019-10-12 14:52:00,11.6,1004.8,98,274,9.0,1.1,1212.0
57655,2019-10-12 14:52:00,5.5,1018.4,56,109,9.3,1.0,1256.4
57662,2019-10-12 14:52:00,8.5,1021.3,21,320,5.7,0.4,1088.9
57669,2019-10-12 14:52:00,18.9,1014.8,56,125,1.7,0.6,1151.4
57671,2019-10-12 14:52:00,32.6,1009.8,64,82,6.4,1.2,1209.2
57673,2019-10-12 14:52:00,17.6,1014.6,71,78,4.2,0.9,1361.1
57679,2019-10-12 14:52:00,10.9,1022.2,36,49,11.2,1.5,1424.8
57682,2019-10-12 14:52:00,15.1,1022.8,23,221,8.1,0.9,1277.9
57687,2019-10-12 14:52:00,1.8,1003.0,93,218,13.0,1.1,1147.1
57745,2019-10-12 14:52:00,19.5,1017.5,74,92,4.8,1.5,1195.0
57749,2019-10-12 14:52:00,13.6,1006.2,63,119,10.9,0.5,1277.2
57752,2019-10-12 14:52:00,15.0,1025.1,31,292,12.1,1.2,1184.0
57758,2019-10-12 14:52:00,4.6,1025.2,12,352,0.2,1.1,1191.2
57761,2019-10-12 14:52:00,21.1,1021.8,87,191,3.5,0.8,1032.3
57766,2019-10-12 14:52:00,19.8,1015.0,79,217,8.0,1.2,1342.9
57774,2019-10-12 14:52:00,1.2,1000.6,6,305,9.9,0.3,1366.1
57776,2019-10-12 14:52:00,1.6,1006.9,96,294,2.1,1.0,1146.3
57779,2019-10-12 14:52:00,18.9,1016.4,53,282,12.7,0.6,1133.4
57780,2019-10-12 14:52:00,25.5,1017.0,29,147,5.8,0.2,1332.6
57841,2019-10-12 14:52:00,0.3,1018.5,33,49,14.3,1.3,1094.8
57845,2019-10-12 14:52:00,5.6,1010.6,5,304,1.8,0.7,1053.8
57853,2019-10-12 14:52:00,20.8,1024.7,17,137,2.3,0.4,1010.7
57857,2019-10-12 14:52:00,23.4,1013.4,25,64,10.9,0.8,1077.3
57860,2019-10-12 14:52:00,27.3,1023.3,40,357,6.5,1.2,1325.1
57866,2019-10-12 14:52:00,4.4,1008.5,82,53,14.2,0.1,1139.6
57872,2019-10-12 14:52:00,14.8,1004.3,9,183,4.8,0.1,1074.3
57874,2019-10-12 14:52:00,28.7,1000.5,52,342,5.6,1.5,1136.1
57889,2019-10-12 14:52:00,19.1,1006.2,55,257,14.7,0.1,1082.2
57965,2019-10-12 14:52:00,4.1,1006.4,35,173,13.5,0.7,1499.7
57972,2019-10-12 14:52:00,29.0,1017.0,98,211,4.5,1.3,1301.6
57974,2019-10-12 14:52:00,28.2,1007.7,68,165,8.0,1.4,1471.7
50936,2019-10-12 14:52:00,4.1,1007.8,30,286,8.2,1.1,1328.1
50945,2019-10-12 14:52:00,31.9,1012.9,44,133,9.8,1.3,1184.4
50948,2019-10-12 14:52:00,19.2,1013.9,99,194,0.1,1.5,1267.0
50949,2019-10-12 14:52:00,20.1,1011.2,53,42,13.5,0.3,1177.9
54041,2019-10-12 14:52:00,2.4,1012.4,99,155,13.9,0.4,1209.8
54049,2019-10-12 14:52:00,0.5,1006.1,11,142,14.2,0.1,1295.0
54063,2019-10-12 14:52:00,34.7,1019.0,68,8,2.6,1.3,1249.6
54064,2019-10-12 14:52:00,23.3,1005.0,53,119,1.4,0.0,1105.2
54142,2019-10-12 14:52:00,1.7,1020.8,82,138,11.3,1.1,1396.0
54157,2019-10-12 14:52:00,29.2,1017.4,89,226,12.3,0.2,1168.5
54161,2019-10-12 14:52:00,10.7,1006.1,29,130,3.3,1.1,1149.6
54165,2019-10-12 14:52:00,2.0,1014.0,87,251,7.2,1.4,1083.5
54171,2019-10-12 14:52:00,16.5,1025.0,45,288,1.8,1.3,1314.0
54181,2019-10-12 14:52:00,13.8,1017.3,34,188,6.8,0.1,1488.2
54186,2019-10-12 14:52:00,29.4,1002.1,47,50,12.4,1.1,1224.3
54195,2019-10-12 14:52:00,25.9,1002.5,65,178,3.3,0.6,1348.7
54260,2019-10-12 14:52:00,16.0,1004.0,33,64,13.7,1.2,1060.3
54263,2019-10-12 14:52:00,26.2,1018.5,45,301,6.4,1.3,1403.0
54266,2019-10-12 14:52:00,25.0,1020.7,100,337,2.5,1.4,1398.2
54273,2019-10-12 14:52:00,23.9,1016.1,13,118,4.3,0.8,1059.6
54276,2019-10-12 14:52:00,16.6,1005.8,39,354,7.1,0.7,1428.6
54284,2019-10-12 14:52:00,10.1,1018.9,68,228,5.5,0.7,1358.5
54285,2019-10-12 14:52:00,7.4,1011.9,44,153,4.6,0.3,1269.0
54286,2019-10-12 14:52:00,23.0,1023.1,74,242,1.4,0.6,1194.7
54292,2019-10-12 14:52:00,22.5,1025.4,10,336,9.5,0.7,1235.9
54363,2019-10-12 14:52:00,19.1,1001.8,5,238,11.8,0.0,1265.1
54374,2019-10-12 14:52:00,25.7,1024.2,10,14,8.2,0.0,1155.6
54377,2019-10-12 14:52:00,3.3,1023.4,82,154,9.0,1.4,1241.3
54386,2019-10-12 14:52:00,16.2,1010.2,10,296,0.9,0.6,1313.1
58026,2019-10-12 14:52:00,9.8,1009.2,27,352,13.8,0.6,1098.7
58027,2019-10-12 14:52:00,7.1,1000.1,50,301,14.6,0.6,1240.9
58038,2019-10-12 14:52:00,18.1,1000.0,75,160,1.4,0.3,1241.2
58040,2019-10-12 14:52:00,12.7,1024.3,96,125,5.6,1.2,1491.2
58047,2019-10-12 14:52:00,11.7,1025.1,86,161,14.5,1.5,1231.7
58130,2019-10-12 14:52:00,14.5,1020.1,48,81,5.2,0.9,1275.0
58135,2019-10-12 14:52:00,18.0,1013.9,2,260,7.4,0.3,1455.9
58138,2019-10-12 14:52:00,3.3,1025.4,60,320,10.0,1.4,1058.0
58141,2019-10-12 14:52:00,18.0,1025.9,48,295,4.2,0.8,1499.2
58143,2019-10-12 14:52:00,25.4,1009.1,94,343,4.2,0.8,1465.0
58150,2019-10-12 14:52:00,28.4,1025.4,92,157,10.1,0.9,1431.1
58158,2019-10-12 14:52:00,6.1,1000.7,71,128,5.9,1.4,1419.8
58238,2019-10-12 14:52:00,6.6,1010.0,35,217,10.5,0.9,1328.7
58241,2019-10-12 14:52:00,12.6,1001.5,41,207,11.3,0.9,1453.5
58251,2019-10-12 14:52:00,7.5,1007.0,81,106,6.7,1.5,1452.9
58252,2019-10-12 14:52:00,1.2,1011.8,33,35,14.3,0.7,1459.2
58255,2019-10-12 14:52:00,6.2,1003.2,33,315,2.9,0.2,1492.7
58259,2019-10-12 14:52:00,27.0,1011.4,77,244,1.7,1.2,1133.1
58265,2019-10-12 14:52:00,34.7,1008.3,87,142,12.8,1.0,1344.9
58343,2019-10-12 14:52:00,7.2,1001.5,52,325,5.8,0.7,1282.4
58345,2019-10-12 14:52:00,19.0,1014.8,26,207,12.7,0.9,1114.3
58354,2019-10-12 14:52:00,13.0,1018.6,7,13,12.7,1.0,1224.1
58356,2019-10-12 14:52:00,18.1,1004.2,54,259,5.7,0.7,1076.7
58358,2019-10-12 14:52:00,3.9,1003.8,70,163,4.8,0.0,1319.9
57598,2019-10-12 14:52:00,15.2,1005.0,63,262,14.6,1.5,1016.4
57696,2019-10-12 14:52:00,3.6,1010.8,97,182,2.4,0.6,1337.4
57789,2019-10-12 14:52:00,32.4,1023.4,58,280,4.3,1.0,1071.9
57793,2019-10-12 14:52:00,18.5,1001.4,53,197,11.2,1.3,1394.9
57799,2019-10-12 14:52:00,12.5,1019.3,74,302,5.1,1.1,1375.4
57894,2019-10-12 14:52:00,21.2,1004.6,59,12,7.7,0.2,1330.6
57896,2019-10-12 14:52:00,18.5,1017.3,84,275,14.7,0.4,1158.3
57993,2019-10-12 14:52:00,25.1,1021.5,88,292,1.1,0.4,1388.3
58506,2019-10-12 14:52:00,30.4,1015.5,6,357,1.1,0.3,1237.8
58507,2019-10-12 14:52:00,15.5,1024.8,97,311,9.7,0.2,1411.8
58519,2019-10-12 14:52:00,8.1,1007.2,39,275,12.0,0.5,1202.2
58527,2019-10-12 14:52:00,22.9,1025.6,44,271,12.3,1.0,1445.7
58600,2019-10-12 14:52:00,28.1,1022.9,37,279,14.0,1.3,1135.4
58606,2019-10-12 14:52:00,14.8,1024.7,60,123,14.1,1.5,1446.6
58608,2019-10-12 14:52:00,12.1,1011.3,10,292,7.5,1.2,1025.9
58622,2019-10-12 14:52:00,10.4,1011.1,75,216,13.9,0.9,1473.0
58626,2019-10-12 14:52:00,3.4,1009.5,35,126,2.4,1.4,1363.9
58634,2019-10-12 14:52:00,11.1,1004.1,6,97,8.6,0.9,1385.7
58637,2019-10-12 14:52:00,27.2,1021.2,59,67,8.6,1.2,1018.0
58705,2019-10-12 14:52:00,23.1,1023.8,23,281,9.1,1.3,1273.9
58715,2019-10-12 14:52:00,24.3,1007.6,9,313,6.8,0.2,1405.5
58718,2019-10-12 14:52:00,13.0,1005.9,98,151,12.8,0.7,1242.8
58806,2019-10-12 14:52:00,27.4,1005.3,14,283,4.2,1.2,1461.0
58813,2019-10-12 14:52:00,19.8,1016.2,94,34,1.2,1.1,1472.0
59092,2019-10-12 14:52:00,20.5,1005.4,90,214,13.1,0.5,1399.9
59102,2019-10-12 14:52:00,7.9,1024.4,21,254,0.8,0.5,1436.7
54236,2019-10-12 14:52:00,14.3,1011.7,40,12,4.2,1.2,1234.1
54237,2019-10-12 14:52:00,26.8,1009.3,58,295,2.0,0.2,1240.0
54243,2019-10-12 14:52:00,27.8,1000.8,70,338,8.2,1.0,1454.8
54254,2019-10-12 14:52:00,9.3,1021.9,53,135,0.3,0.0,1405.0
54259,2019-10-12 14:52:00,26.2,1024.2,72,252,6.4,0.2,1172.7
54324,2019-10-12 14:52:00,4.5,1011.0,5,124,4.3,0.6,1252.9
54326,2019-10-12 14:52:00,22.4,1008.9,74,320,13.4,0.2,1289.6
54333,2019-10-12 14:52:00,13.0,1011.9,64,122,1.3,1.1,1361.5
54334,2019-10-12 14:52:00,14.3,1003.0,64,43,13.4,0.2,1139.6
54335,2019-10-12 14:52:00,16.8,1025.0,93,139,1.2,0.9,1008.9
54337,2019-10-12 14:52:00,0.8,1000.1,16,275,2.7,0.8,1221.6
54339,2019-10-12 14:52:00,31.0,1013.9,67,251,8.8,0.9,1204.8
54342,2019-10-12 14:52:00,12.3,1012.4,16,12,3.9,0.6,1092.2
54346,2019-10-12 14:52:00,1.1,1013.7,44,303,5.9,0.7,1445.7
54349,2019-10-12 14:52:00,32.4,1011.4,39,261,4.7,0.5,1120.5
54351,2019-10-12 14:52:00,21.4,1010.5,85,101,8.1,1.1,1190.6
54353,2019-10-12 14:52:00,28.0,1005.4,90,143,3.3,1.2,1364.8
54365,2019-10-12 14:52:00,27.3,1023.4,4,237,4.9,1.0,1301.4
54452,2019-10-12 14:52:00,24.7,1017.3,9,194,11.8,0.2,1110.3
54454,2019-10-12 14:52:00,25.3,1011.4,24,224,5.1,0.4,1231.7
54455,2019-10-12 14:52:00,13.6,1008.6,58,234,14.7,1.1,1128.1
54470,2019-10-12 14:52:00,25.0,1020.8,78,215,9.0,0.8,1004.0
54471,2019-10-12 14:52:00,4.9,1025.3,79,141,11.1,1.0,1446.9
54472,2019-10-12 14:52:00,24.5,1020.9,3,319,14.0,0.6,1362.4
54476,2019-10-12 14:52:00,16.8,1004.1,30,167,4.9,1.0,1059.4
54486,2019-10-12 14:52:00,3.1,1018.7,64,9,9.3,0.8,1217.5
54493,2019-10-12 14:52:00,12.4,1015.4,91,36,5.4,0.0,1186.6
54497,2019-10-12 14:52:00,24.6,1009.6,14,139,4.2,1.5,1271.4
54563,2019-10-12 14:52:00,4.2,1003.3,94,37,7.9,1.4,1438.6
54579,2019-10-12 14:52:00,11.1,1025.3,90,197,0.2,0.8,1362.4
54584,2019-10-12 14:52:00,34.2,1018.6,44,322,12.2,0.5,1451.3
54660,2019-10-12 14:52:00,21.2,1019.3,37,304,1.1,0.9,1348.2
54662,2019-10-12 14:52:00,2.4,1012.3,94,289,1.2,0.6,1344.9
50425,2019-10-12 14:52:00,27.2,1001.6,23,294,2.4,1.5,1186.0
50434,2019-10-12 14:52:00,17.9,1016.6,62,16,11.4,0.9,1450.2
50514,2019-10-12 14:52:00,24.1,1024.7,70,75,4.8,0.1,1239.0
50527,2019-10-12 14:52:00,18.8,1022.8,55,345,2.6,1.1,1387.4
50548,2019-10-12 14:52:00,33.3,1020.4,73,174,9.7,0.2,1239.2
50603,2019-10-12 14:52:00,22.0,1006.5,16,289,12.8,0.8,1041.0
50618,2019-10-12 14:52:00,20.3,1006.0,37,291,2.8,1.3,1173.6
50632,2019-10-12 14:52:00,30.5,1024.7,11,7,12.0,0.1,1333.3
50639,2019-10-12 14:52:00,17.4,1013.6,60,139,10.2,1.2,1298.4
50727,2019-10-12 14:52:00,25.3,1004.7,38,50,4.2,1.2,1395.6
50834,2019-10-12 14:52:00,7.1,1017.7,50,165,2.0,0.9,1424.8
50838,2019-10-12 14:52:00,5.2,1006.5,48,258,0.2,1.0,1167.3
50915,2019-10-12 14:52:00,11.9,1026.2,23,103,9.3,1.4,1239.1
50924,2019-10-12 14:52:00,28.0,1000.8,92,155,10.0,0.8,1263.7
52267,2019-10-12 14:52:00,33.6,1015.4,91,155,1.6,0.7,1274.7
52495,2019-10-12 14:52:00,29.2,1016.7,30,308,11.7,0.8,1090.8
52576,2019-10-12 14:52:00,5.7,1005.1,85,264,1.5,0.2,1407.0
53068,2019-10-12 14:52:00,8.2,1001.5,34,155,1.0,1.2,1181.1
53083,2019-10-12 14:52:00,10.6,1019.4,21,28,14.0,1.4,1471.7
53149,2019-10-12 14:52:00,15.8,1023.9,9,207,3.1,0.9,1463.5
53192,2019-10-12 14:52:00,28.9,1011.5,55,290,10.4,0.2,1212.8
53195,2019-10-12 14:52:00,5.1,1020.7,87,70,3.9,0.4,1480.4
53276,2019-10-12 14:52:00,25.5,1014.1,41,107,0.3,0.4,1086.8
53336,2019-10-12 14:52:00,4.4,1025.2,3,254,3.1,1.4,1113.7
53352,2019-10-12 14:52:00,27.8,1012.4,39,142,11.7,0.4,1016.6
53362,2019-10-12 14:52:00,0.0,1022.5,1,294,13.4,1.4,1394.7
53367,2019-10-12 14:52:00,6.5,1022.5,15,57,10.7,1.4,1433.1
53391,2019-10-12 14:52:00,11.7,1023.9,72,357,4.6,0.2,1116.1
53446,2019-10-12 14:52:00,9.9,1011.8,15,71,13.8,0.4,1367.6
53463,2019-10-12 14:52:00,3.9,1014.3,39,318,13.3,0.2,1118.9
53480,2019-10-12 14:52:00,7.8,1007.6,50,133,4.1,0.8,1470.9
53502,2019-10-12 14:52:00,24.5,1006.7,20,182,9.3,0.6,1307.0
53513,2019-10-12 14:52:00,0.2,1012.8,85,110,5.7,1.0,1198.1
53529,2019-10-12 14:52:00,31.9,1006.9,20,194,5.4,0.1,1237.3
53543,2019-10-12 14:52:00,6.6,1020.0,9,297,13.1,1.4,1334.4
53547,2019-10-12 14:52:00,34.6,1012.1,78,223,4.8,0.0,1014.2
53602,2019-10-12 14:52:00,8.5,1010.3,10,213,5.9,0.9,1279.0
54012,2019-10-12 14:52:00,12.8,1025.0,18,265,0.1,1.2,1339.0
54026,2019-10-12 14:52:00,29.9,1024.1,4,86,14.8,0.7,1329.7
54027,2019-10-12 14:52:00,28.3,1008.6,11,15,9.7,1.1,1168.2
54102,2019-10-12 14:52:00,6.5,1019.0,69,310,2.5,1.3,1013.9
54115,2019-10-12 14:52:00,8.7,1025.5,80,312,2.2,0.9,1235.0
54134,2019-10-12 14:52:00,0.0,1016.7,37,252,3.3,0.7,1451.5
54135,2019-10-12 14:52:00,26.6,1012.6,38,324,7.4,1.5,1282.1
54208,2019-10-12 14:52:00,26.5,1013.1,51,40,7.3,0.6,1115.7
54213,2019-10-12 14:52:00,27.3,1010.5,86,63,7.7,0.1,1309.7
54218,2019-10-12 14:52:00,34.5,1007.9,54,273,0.3,1.4,1066.4
54226,2019-10-12 14:52:00,17.9,1005.6,88,112,3.4,0.9,1489.0
53519,2019-10-12 14:52:00,9.1,1015.4,62,273,6.3,1.1,1081.4
53612,2019-10-12 14:52:00,2.8,1000.4,64,175,8.6,0.0,1261.9
53614,2019-10-12 14:52:00,9.7,1026.0,8,134,13.1,0.8,1214.3
53615,2019-10-12 14:52:00,0.3,1009.4,98,126,3.8,0.5,1142.0
53704,2019-10-12 14:52:00,28.3,1025.2,88,345,8.6,1.2,1025.5
53705,2019-10-12 14:52:00,2.3,1001.9,72,338,9.8,1.0,1010.2
53723,2019-10-12 14:52:00,24.1,1017.2,45,129,5.4,1.5,1330.8
53806,2019-10-12 14:52:00,15.4,1008.8,4,155,12.2,1.3,1238.7
53810,2019-10-12 14:52:00,17.6,1000.8,100,307,0.2,0.3,1355.0
53817,2019-10-12 14:52:00,22.6,1013.4,92,320,0.3,1.0,1273.7
53903,2019-10-12 14:52:00,10.5,1016.3,4,209,9.2,1.2,1442.1
53910,2019-10-12 14:52:00,23.4,1023.5,55,316,12.3,0.9,1342.1
51886,2019-10-12 14:52:00,9.4,1010.2,65,180,0.2,0.0,1431.6
52602,2019-10-12 14:52:00,17.6,1007.7,73,167,4.6,0.3,1278.2
52633,2019-10-12 14:52:00,7.8,1023.6,18,307,3.6,0.4,1418.3
52645,2019-10-12 14:52:00,20.4,1021.9,88,79,13.0,0.9,1404.7
52657,2019-10-12 14:52:00,15.1,1007.5,32,281,11.9,0.3,1075.1
52707,2019-10-12 14:52:00,19.1,1017.3,14,50,2.0,0.1,1490.6
52713,2019-10-12 14:52:00,12.2,1002.9,65,243,13.8,0.9,1356.2
52737,2019-10-12 14:52:00,23.1,1015.8,80,47,8.2,1.1,1328.6
52754,2019-10-12 14:52:00,1.7,1016.7,6,338,11.9,0.4,1110.0
52765,2019-10-12 14:52:00,25.1,1017.8,86,323,10.1,1.5,1486.7
52818,2019-10-12 14:52:00,8.7,1007.8,72,83,14.5,1.5,1468.6
52825,2019-10-12 14:52:00,29.8,1024.6,49,187,12.9,0.8,1474.1
52833,2019-10-12 14:52:00,31.7,1005.4,5,56,6.3,0.2,1007.0
52836,2019-10-12 14:52:00,28.2,1002.7,18,144,4.0,1.5,1422.9
52842,2019-10-12 14:52:00,33.1,1007.1,81,76,4.6,0.7,1293.5
52856,2019-10-12 14:52:00,8.9,1025.9,30,234,11.0,0.1,1147.9
52866,2019-10-12 14:52:00,26.7,1014.1,1,44,6.2,0.1,1480.5
52868,2019-10-12 14:52:00,33.3,1019.2,79,91,7.1,1.2,1074.8
52876,2019-10-12 14:52:00,21.1,1004.1,75,74,10.7,0.6,1429.4
52908,2019-10-12 14:52:00,12.9,1021.6,86,75,4.5,1.0,1178.0
52943,2019-10-12 14:52:00,3.9,1023.5,56,340,5.9,0.4,1239.5
52955,2019-10-12 14:52:00,12.7,1022.5,42,269,3.4,1.1,1028.2
52974,2019-10-12 14:52:00,21.9,1005.7,48,97,11.8,0.1,1106.9
56004,2019-10-12 14:52:00,12.4,1012.8,98,11,13.4,1.4,1073.8
56018,2019-10-12 14:52:00,29.4,1019.0,100,160,14.8,1.5,1375.0
56021,2019-10-12 14:52:00,31.5,1009.0,1,298,13.2,0.9,1143.8
56029,2019-10-12 14:52:00,24.1,1008.8,41,233,13.0,0.4,1122.2
56033,2019-10-12 14:52:00,15.1,1009.3,67,210,9.1,0.0,1377.0
56034,2019-10-12 14:52:00,22.0,1000.0,40,118,0.1,1.5,1393.3
56043,2019-10-12 14:52:00,24.8,1001.3,95,228,1.5,1.5,1472.6
56046,2019-10-12 14:52:00,13.8,1004.1,67,305,5.1,0.7,1448.3
56065,2019-10-12 14:52:00,4.4,1024.9,82,265,6.2,1.2,1402.4
56067,2019-10-12 14:52:00,25.7,1006.1,30,153,1.6,1.2,1302.1
56125,2019-10-12 14:52:00,15.8,1020.1,95,188,10.9,0.9,1350.9
56151,2019-10-12 14:52:00,1.4,1004.9,16,195,7.2,1.3,1436.5
54715,2019-10-12 14:52:00,12.1,1021.5,84,208,4.1,1.2,1298.2
54725,2019-10-12 14:52:00,10.4,1000.6,13,190,8.2,0.5,1197.0
54727,2019-10-12 14:52:00,1.8,1006.2,40,48,2.3,1.4,1301.0
54744,2019-10-12 14:52:00,32.0,1014.0,66,233,6.1,1.2,1181.8
54751,2019-10-12 14:52:00,21.2,1012.1,34,189,10.6,0.8,1316.0
54753,2019-10-12 14:52:00,10.7,1001.8,15,94,9.9,1.1,1465.3
54764,2019-10-12 14:52:00,16.4,1026.3,12,153,3.2,1.1,1106.9
54774,2019-10-12 14:52:00,12.0,1005.7,43,143,6.4,1.2,1148.7
54776,2019-10-12 14:52:00,21.6,1005.7,50,302,0.8,1.5,1474.6
54808,2019-10-12 14:52:00,7.1,1002.9,42,7,13.2,0.8,1058.5
54823,2019-10-12 14:52:00,31.9,1016.5,42,76,5.3,0.4,1114.4
54826,2019-10-12 14:52:00,12.2,1006.0,3,134,9.4,1.3,1202.7
54836,2019-10-12 14:52:00,27.9,1021.7,98,207,14.9,0.3,1327.6
54842,2019-10-12 14:52:00,14.1,1011.7,75,309,13.1,0.3,1168.5
54843,2019-10-12 14:52:00,24.6,1018.3,22,248,0.8,1.0,1024.9
54857,2019-10-12 14:52:00,32.7,1010.6,66,80,2.4,0.7,1058.7
54863,2019-10-12 14:52:00,0.1,1011.1,88,351,2.5,0.0,1488.1
54909,2019-10-12 14:52:00,34.4,1019.0,69,339,11.7,1.4,1496.5
54916,2019-10-12 14:52:00,3.9,1017.5,17,85,8.5,1.3,1106.5
54929,2019-10-12 14:52:00,8.8,1022.3,30,350,1.9,1.0,1005.0
54936,2019-10-12 14:52:00,3.2,1016.0,9,266,3.4,1.5,1408.8
54945,2019-10-12 14:52:00,21.0,1002.8,16,338,1.9,1.2,1473.9
58034,2019-10-12 14:52:00,5.3,1013.0,98,47,14.2,0.9,1351.7
53478,2019-10-12 14:52:00,3.0,1018.4,18,134,10.7,0.2,1004.1
53487,2019-10-12 14:52:00,26.0,1012.4,99,94,1.2,1.4,1274.8
53490,2019-10-12 14:52:00,31.7,1001.5,90,239,13.8,0.9,1148.8
53564,2019-10-12 14:52:00,15.8,1005.3,28,248,7.5,1.3,1001.4
53578,2019-10-12 14:52:00,34.4,1012.5,93,318,4.5,1.3,1226.5
53579,2019-10-12 14:52:00,34.8,1026.0,61,293,0.6,1.0,1327.2
53588,2019-10-12 14:52:00,5.2,1025.1,53,198,2.3,1.4,1379.6
53594,2019-10-12 14:52:00,4.1,1000.4,81,153,4.4,1.5,1068.9
53663,2019-10-12 14:52:00,1.7,1008.6,61,359,7.9,0.4,1388.8
53664,2019-10-12 14:52:00,6.8,1017.9,66,290,7.4,0.9,1443.4
53673,2019-10-12 14:52:00,0.6,1008.2,77,113,10.5,0.0,1464.0
53687,2019-10-12 14:52:00,2.0,1005.7,54,42,7.3,1.3,1234.6
53764,2019-10-12 14:52:00,31.8,1009.0,89,237,8.3,0.4,1288.9
53772,2019-10-12 14:52:00,29.8,1000.1,19,60,11.5,1.1,1464.5
53775,2019-10-12 14:52:00,9.1,1000.8,92,43,10.0,1.1,1442.8
53787,2019-10-12 14:52:00,28.4,1013.9,1,124,7.4,0.9,1316.9
53853,2019-10-12 14:52:00,27.3,1009.4,94,25,3.6,0.5,1064.1
53859,2019-10-12 14:52:00,13.2,1011.2,83,26,3.3,0.4,1267.9
53863,2019-10-12 14:52:00,7.1,1005.3,54,43,0.1,1.2,1332.7
53868,2019-10-12 14:52:00,14.3,1008.8,48,209,11.5,0.7,1276.4
53877,2019-10-12 14:52:00,8.7,1021.2,73,36,4.3,0.6,1215.3
53882,2019-10-12 14:52:00,33.2,1018.4,8,33,13.3,1.4,1370.8
53884,2019-10-12 14:52:00,33.2,1011.1,70,230,8.4,0.7,1190.8
53959,2019-10-12 14:52:00,18.5,1018.9,85,21,8.5,0.3,1215.3
53963,2019-10-12 14:52:00,21.8,1012.0,97,51,8.4,0.9,1229.0
53968,2019-10-12 14:52:00,20.4,1014.9,34,93,14.0,0.0,1150.9
53975,2019-10-12 14:52:00,5.5,1018.9,10,72,8.3,0.3,1473.7
57052,2019-10-12 14:52:00,19.4,1018.1,29,27,7.5,0.8,1361.5
53646,2019-10-12 14:52:00,9.7,1005.0,51,142,7.7,0.3,1412.9
53651,2019-10-12 14:52:00,4.5,1017.0,34,274,10.9,1.4,1152.8
53725,2019-10-12 14:52:00,31.5,1006.0,27,125,14.7,1.5,1222.6
53735,2019-10-12 14:52:00,3.5,1007.6,82,209,2.4,1.3,1035.6
53738,2019-10-12 14:52:00,9.1,1009.9,57,42,11.9,0.3,1492.0
53740,2019-10-12 14:52:00,11.0,1020.8,31,351,12.8,0.3,1447.1
53754,2019-10-12 14:52:00,31.3,1006.3,65,50,14.6,1.4,1235.4
53845,2019-10-12 14:52:00,24.5,1010.3,35,35,9.4,0.3,1493.6
53854,2019-10-12 14:52:00,7.2,1023.3,34,143,0.2,0.5,1213.2
53929,2019-10-12 14:52:00,15.0,1026.0,15,303,5.8,1.3,1241.9
53942,2019-10-12 14:52:00,27.6,1016.7,44,317,9.8,0.7,1034.7
53948,2019-10-12 14:52:00,25.0,1024.3,85,79,7.6,1.4,1067.3
53955,2019-10-12 14:52:00,26.4,1021.7,43,273,1.5,1.5,1379.1
57003,2019-10-12 14:52:00,29.5,1024.2,55,56,6.9,0.4,1423.8
57025,2019-10-12 14:52:00,4.7,1010.5,58,276,13.0,0.4,1264.6
57028,2019-10-12 14:52:00,33.9,1008.2,63,254,0.5,0.2,1163.9
57030,2019-10-12 14:52:00,3.1,1024.1,32,258,10.5,0.5,1133.6
57034,2019-10-12 14:52:00,2.4,1001.1,73,2,7.0,0.6,1289.7
57037,2019-10-12 14:52:00,12.2,1007.1,62,259,1.4,1.4,1493.1
57046,2019-10-12 14:52:00,9.4,1025.8,31,154,12.6,0.4,1388.9
57048,2019-10-12 14:52:00,26.1,1004.7,66,309,5.8,1.2,1006.0
57049,2019-10-12 14:52:00,20.6,1016.3,31,57,12.6,1.4,1342.0
57106,2019-10-12 14:52:00,20.3,1001.2,71,200,8.1,0.8,1209.8
57124,2019-10-12 14:52:00,13.1,1016.7,48,81,7.1,0.5,1214.4
57127,2019-10-12 14:52:00,12.3,1022.8,20,222,6.5,0.0,1354.3
57131,2019-10-12 14:52:00,17.5,1000.4,31,300,0.9,0.5,1017.6
57134,2019-10-12 14:52:00,11.2,1023.7,11,196,10.0,0.8,1450.7
57140,2019-10-12 14:52:00,24.4,1012.1,41,58,6.9,0.3,1212.9
57143,2019-10-12 14:52:00,18.6,1014.9,39,111,4.4,0.9,1084.7
57144,2019-10-12 14:52:00,10.2,1004.3,78,7,7.9,0.3,1389.7
57154,2019-10-12 14:52:00,28.6,1003.7,11,126,4.2,0.4,1403.1
57211,2019-10-12 14:52:00,11.2,1016.1,92,75,7.5,1.5,1147.7
57232,2019-10-12 14:52:00,16.9,1007.6,77,148,9.2,1.4,1482.0
57238,2019-10-12 14:52:00,5.2,1006.0,57,208,1.8,0.1,1475.3
57245,2019-10-12 14:52:00,27.8,1022.0,21,319,11.9,0.6,1464.0
57343,2019-10-12 14:52:00,9.8,1018.9,82,325,11.2,0.0,1067.9
58362,2019-10-12 14:52:00,7.3,1004.3,86,143,13.1,1.3,1294.0
56038,2019-10-12 14:52:00,4.0,1015.2,3,29,5.2,1.5,1203.5
56079,2019-10-12 14:52:00,10.1,1023.6,47,143,14.1,0.2,1318.4
56144,2019-10-12 14:52:00,29.7,1021.3,30,204,10.4,0.6,1340.4
56146,2019-10-12 14:52:00,4.8,1018.1,11,284,4.4,0.8,1011.3
56152,2019-10-12 14:52:00,10.3,1013.4,64,240,3.9,0.5,1436.5
56167,2019-10-12 14:52:00,21.7,1002.8,21,326,2.5,1.0,1283.9
56172,2019-10-12 14:52:00,12.7,1015.4,53,269,3.4,0.9,1190.8
56173,2019-10-12 14:52:00,3.0,1002.0,37,166,8.2,0.6,1149.2
56178,2019-10-12 14:52:00,11.2,1019.9,3,286,10.6,1.3,1068.8
56182,2019-10-12 14:52:00,29.8,1001.7,69,288,11.1,0.8,1269.0
56187,2019-10-12 14:52:00,14.6,1009.1,97,46,14.2,0.8,1435.7
56188,2019-10-12 14:52:00,21.3,1023.4,43,216,12.9,0.2,1295.2
56196,2019-10-12 14:52:00,7.4,1023.1,38,52,7.3,1.5,1057.5
56247,2019-10-12 14:52:00,24.2,1024.1,57,16,9.1,1.3,1087.1
56251,2019-10-12 14:52:00,11.6,1004.0,72,82,7.4,0.3,1161.3
56257,2019-10-12 14:52:00,22.8,1019.2,37,145,10.3,1.0,1062.9
56287,2019-10-12 14:52:00,33.9,1003.5,89,278,13.7,1.0,1062.7
56357,2019-10-12 14:52:00,23.8,1020.4,41,111,2.6,1.3,1075.1
56374,2019-10-12 14:52:00,13.3,1013.9,84,123,13.9,0.6,1254.8
56385,2019-10-12 14:52:00,14.4,1005.3,66,182,4.1,0.2,1175.6
56386,2019-10-12 14:52:00,9.4,1007.7,45,1,9.3,0.1,1155.5
56459,2019-10-12 14:52:00,3.6,1020.3,71,274,13.2,0.7,1167.3
56462,2019-10-12 14:52:00,32.4,1007.5,57,311,8.4,0.7,1074.9
56475,2019-10-12 14:52:00,1.1,1008.9,72,181,1.7,1.3,1077.1
56479,2019-10-12 14:52:00,26.3,1009.4,3,7,2.3,0.2,1049.1
56485,2019-10-12 14:52:00,28.2,1005.6,21,210,9.6,1.1,1499.7
56492,2019-10-12 14:52:00,22.7,1018.6,34,101,11.8,0.5,1467.7
56565,2019-10-12 14:52:00,15.8,1016.6,80,169,12.7,1.5,1043.1
56571,2019-10-12 14:52:00,11.8,1021.5,46,119,8.1,0.3,1239.8
56666,2019-10-12 14:52:00,18.5,1009.8,59,243,13.1,0.7,1251.2
56671,2019-10-12 14:52:00,8.4,1006.7,23,59,3.0,0.7,1276.2
57206,2019-10-12 14:52:00,19.0,1012.9,78,94,3.0,1.3,1134.3
57237,2019-10-12 14:52:00,32.0,1022.7,7,15,5.2,1.5,1114.8
57306,2019-10-12 14:52:00,26.5,1011.3,33,297,0.1,0.3,1382.9
57313,2019-10-12 14:52:00,31.2,1024.2,91,322,14.6,1.2,1386.2
57314,2019-10-12 14:52:00,11.3,1020.1,27,346,12.2,0.3,1309.2
57328,2019-10-12 14:52:00,8.6,1002.9,16,143,12.6,1.3,1300.3
57405,2019-10-12 14:52:00,14.5,1016.5,86,183,3.0,0.2,1264.5
57411,2019-10-12 14:52:00,0.1,1019.8,18,275,8.7,0.7,1451.3
57503,2019-10-12 14:52:00,4.4,1008.6,52,139,14.5,0.9,1157.7
57604,2019-10-12 14:52:00,33.9,1016.7,18,82,10.1,0.4,1247.2
57608,2019-10-12 14:52:00,4.3,1007.6,57,150,13.3,0.6,1401.2
54525,2019-10-12 14:52:00,14.8,1002.4,80,104,2.9,1.2,1452.0
54527,2019-10-12 14:52:00,27.0,1004.4,90,71,7.7,0.5,1354.4
54623,2019-10-12 14:52:00,14.4,1009.9,100,70,6.1,0.4,1427.4
55228,2019-10-12 14:52:00,19.0,1009.0,98,195,10.6,0.2,1433.0
55248,2019-10-12 14:52:00,11.3,1024.0,32,72,11.6,1.4,1132.3
55279,2019-10-12 14:52:00,25.4,1018.2,61,65,6.3,1.3,1235.1
55294,2019-10-12 14:52:00,8.9,1007.1,31,205,12.1,0.9,1336.5
55299,2019-10-12 14:52:00,3.8,1008.2,20,37,9.7,1.2,1215.0
55437,2019-10-12 14:52:00,4.8,1010.4,3,105,2.4,0.1,1076.6
55472,2019-10-12 14:52:00,20.7,1014.1,47,299,10.5,0.6,1064.6
55493,2019-10-12 14:52:00,26.8,1006.0,73,240,0.8,1.4,1376.6
55569,2019-10-12 14:52:00,29.1,1000.0,33,4,3.2,0.3,1188.6
55578,2019-10-12 14:52:00,12.5,1016.5,7,18,14.6,1.2,1139.2
55585,2019-10-12 14:52:00,1.8,1005.3,82,243,9.1,0.8,1336.1
55591,2019-10-12 14:52:00,12.7,1025.5,60,26,5.0,0.8,1303.7
55598,2019-10-12 14:52:00,2.4,1006.3,57,0,2.4,0.9,1313.6
55655,2019-10-12 14:52:00,14.4,1009.7,19,260,6.4,0.0,1230.9
55664,2019-10-12 14:52:00,16.3,1014.4,63,224,7.9,1.5,1411.6
55680,2019-10-12 14:52:00,3.0,1003.2,55,119,1.8,0.6,1259.5
55681,2019-10-12 14:52:00,23.1,1003.0,18,201,9.0,1.3,1380.2
55690,2019-10-12 14:52:00,29.8,1007.1,79,245,0.9,0.4,1054.5
55696,2019-10-12 14:52:00,7.7,1017.7,49,186,0.6,0.2,1382.1
55773,2019-10-12 14:52:00,0.8,1003.4,71,9,8.7,0.0,1271.4
56106,2019-10-12 14:52:00,11.4,1004.2,67,255,4.4,0.7,1256.4
56116,2019-10-12 14:52:00,26.7,1014.1,32,203,7.9,0.1,1248.0
56137,2019-10-12 14:52:00,26.0,1011.8,99,86,13.2,1.0,1102.5
56202,2019-10-12 14:52:00,32.2,1009.5,24,157,11.9,0.9,1226.6
56223,2019-10-12 14:52:00,17.7,1006.1,67,93,6.4,0.9,1121.4
56227,2019-10-12 14:52:00,27.7,1024.5,51,85,8.3,0.1,1297.8
56312,2019-10-12 14:52:00,17.8,1023.1,82,303,10.4,1.1,1059.6
56331,2019-10-12 14:52:00,29.2,1022.4,75,38,14.1,0.9,1499.6
56434,2019-10-12 14:52:00,19.5,1020.9,46,309,11.7,1.5,1349.7
51053,2019-10-12 14:52:00,6.8,1019.6,29,184,11.9,1.4,1027.9
51059,2019-10-12 14:52:00,13.3,1016.3,43,95,10.9,0.0,1370.6
51060,2019-10-12 14:52:00,32.3,1013.0,93,165,13.7,0.2,1448.8
51068,2019-10-12 14:52:00,25.4,1021.0,95,89,1.1,0.7,1132.4
51076,2019-10-12 14:52:00,10.8,1024.4,99,84,5.1,1.0,1048.1
51087,2019-10-12 14:52:00,17.1,1006.6,51,214,7.1,0.8,1166.1
51133,2019-10-12 14:52:00,25.5,1007.8,66,18,2.4,0.1,1136.9
51156,2019-10-12 14:52:00,2.1,1021.4,43,311,14.1,0.8,1375.9
51186,2019-10-12 14:52:00,9.3,1017.2,45,334,8.2,0.2,1457.6
51232,2019-10-12 14:52:00,3.8,1016.5,8,189,7.6,0.1,1443.8
51238,2019-10-12 14:52:00,19.5,1020.6,78,259,2.0,1.4,1189.9
51241,2019-10-12 14:52:00,8.7,1014.0,38,99,7.6,0.0,1476.9
51243,2019-10-12 14:52:00,1.4,1023.3,36,152,14.8,1.1,1067.3
51288,2019-10-12 14:52:00,6.9,1022.0,58,339,9.5,0.0,1015.3
51330,2019-10-12 14:52:00,1.3,1014.0,64,280,7.8,1.3,1265.3
51334,2019-10-12 14:52:00,21.0,1011.5,83,306,3.7,0.7,1484.3
51346,2019-10-12 14:52:00,12.9,1006.1,61,315,7.2,1.1,1201.6
51358,2019-10-12 14:52:00,19.0,1003.7,19,142,5.2,1.1,1015.8
51365,2019-10-12 14:52:00,20.6,1026.3,2,3,12.0,1.2,1419.3
51367,2019-10-12 14:52:00,28.5,1005.7,49,19,4.5,0.2,1200.0
51379,2019-10-12 14:52:00,29.2,1021.6,56,8,0.5,0.3,1101.3
51431,2019-10-12 14:52:00,16.1,1015.2,95,297,14.1,0.0,1014.9
51433,2019-10-12 14:52:00,35.0,1023.4,25,176,3.4,0.1,1102.5
51437,2019-10-12 14:52:00,28.3,1004.8,16,225,5.3,0.7,1367.7
51463,2019-10-12 14:52:00,16.1,1015.0,54,172,14.9,0.4,1194.5
51467,2019-10-12 14:52:00,16.0,1001.2,68,141,4.2,0.6,1335.8
51469,2019-10-12 14:52:00,8.1,1010.4,34,69,6.4,0.5,1469.4
51470,2019-10-12 14:52:00,24.0,1008.8,46,27,13.1,0.8,1216.9
51477,2019-10-12 14:52:00,34.1,1017.1,69,86,2.1,0.1,1124.6
51495,2019-10-12 14:52:00,0.2,1013.9,52,144,1.3,1.5,1046.3
51526,2019-10-12 14:52:00,17.5,1005.6,40,111,5.5,0.0,1408.9
51542,2019-10-12 14:52:00,18.0,1024.0,99,14,2.3,0.3,1008.9
51567,2019-10-12 14:52:00,24.0,1017.5,94,345,3.3,0.5,1489.6
51573,2019-10-12 14:52:00,1.3,1006.6,52,105,7.2,0.2,1156.5
51581,2019-10-12 14:52:00,8.1,1019.3,12,13,0.6,1.1,1474.2
51628,2019-10-12 14:52:00,21.3,1016.4,58,247,11.5,0.3,1026.7
51633,2019-10-12 14:52:00,3.1,1003.0,43,307,10.7,1.1,1073.1
51639,2019-10-12 14:52:00,21.9,1009.0,78,338,3.9,0.8,1448.5
51642,2019-10-12 14:52:00,19.6,1023.9,78,61,10.8,1.3,1207.7
51644,2019-10-12 14:52:00,28.9,1005.1,36,340,7.5,0.8,1021.6
51655,2019-10-12 14:52:00,34.4,1004.9,30,313,5.1,0.0,1342.3
51656,2019-10-12 14:52:00,23.1,1003.1,78,232,11.4,0.6,1208.8
51701,2019-10-12 14:52:00,12.7,1012.9,26,150,6.9,1.1,1428.6
51704,2019-10-12 14:52:00,1.3,1006.8,72,95,9.4,0.6,1221.2
51705,2019-10-12 14:52:00,23.9,1004.1,97,224,10.2,0.9,1302.5
51709,2019-10-12 14:52:00,20.5,1013.1,82,335,1.5,0.7,1007.2
51711,2019-10-12 14:52:00,23.1,1026.0,70,356,0.0,0.6,1449.0
51716,2019-10-12 14:52:00,8.8,1015.1,31,290,4.9,1.3,1416.9
51720,2019-10-12 14:52:00,3.3,1009.5,26,109,1.3,1.3,1325.8
51730,2019-10-12 14:52:00,30.4,1010.9,35,329,10.2,0.3,1014.5
51747,2019-10-12 14:52:00,4.8,1018.1,4,358,4.4,0.8,1231.3
51765,2019-10-12 14:52:00,11.9,1003.9,94,97,12.0,0.3,1129.9
51777,2019-10-12 14:52:00,15.9,1022.2,65,19,13.9,0.2,1333.5
51804,2019-10-12 14:52:00,3.5,1022.8,74,229,6.4,0.3,1279.4
51810,2019-10-12 14:52:00,34.1,1000.0,76,36,5.3,1.5,1381.2
51811,2019-10-12 14:52:00,0.1,1019.8,22,253,2.2,0.2,1383.6
51818,2019-10-12 14:52:00,9.6,1005.8,30,289,1.7,1.4,1168.3
51828,2019-10-12 14:52:00,14.1,1011.1,30,68,4.9,1.0,1314.8
51839,2019-10-12 14:52:00,19.3,1006.9,69,93,9.1,0.0,1418.8
51855,2019-10-12 14:52:00,18.9,1020.2,57,144,8.2,1.0,1181.6
51931,2019-10-12 14:52:00,34.0,1021.7,1,164,3.2,1.3,1186.0
52101,2019-10-12 14:52:00,15.4,1002.5,66,77,1.1,1.4,1152.3
52112,2019-10-12 14:52:00,11.9,1000.6,48,249,6.7,1.1,1185.5
52118,2019-10-12 14:52:00,8.9,1021.8,84,114,9.2,0.4,1187.5
52203,2019-10-12 14:52:00,13.0,1018.5,89,182,6.4,0.4,1265.6
52313,2019-10-12 14:52:00,30.1,1016.7,12,318,14.3,0.0,1382.8
56444,2019-10-12 14:52:00,33.2,1017.3,26,251,2.6,0.8,1430.5
56533,2019-10-12 14:52:00,24.0,1009.5,67,131,10.5,1.0,1445.1
56543,2019-10-12 14:52:00,25.2,1019.2,5,155,11.2,0.0,1280.6
56548,2019-10-12 14:52:00,21.5,1013.7,96,235,10.1,0.2,1162.0
56586,2019-10-12 14:52:00,29.5,1015.6,35,203,1.1,1.1,1400.9
56643,2019-10-12 14:52:00,4.0,1017.2,80,152,7.2,0.5,1433.9
56651,2019-10-12 14:52:00,6.3,1013.7,42,97,14.1,0.1,1204.9
56664,2019-10-12 14:52:00,34.6,1001.1,62,272,7.3,0.0,1463.3
56684,2019-10-12 14:52:00,30.3,1014.1,86,21,10.5,0.3,1475.2
56739,2019-10-12 14:52:00,30.8,1017.9,51,176,11.3,0.9,1214.9
56748,2019-10-12 14:52:00,34.1,1008.7,25,114,2.4,1.3,1348.8
56751,2019-10-12 14:52:00,31.9,1015.9,97,141,0.5,0.6,1354.9
56763,2019-10-12 14:52:00,15.1,1014.6,66,94,3.5,0.6,1314.9
56768,2019-10-12 14:52:00,35.0,1002.4,4,188,5.5,1.0,1495.5
56778,2019-10-12 14:52:00,6.6,1003.2,58,135,1.4,0.9,1196.5
56786,2019-10-12 14:52:00,11.2,1010.3,14,69,6.2,1.4,1318.7
56838,2019-10-12 14:52:00,2.8,1015.5,41,159,8.6,0.1,1448.6
56856,2019-10-12 14:52:00,12.7,1014.9,34,313,3.3,0.4,1023.0
56872,2019-10-12 14:52:00,29.5,1020.4,91,46,3.4,0.7,1472.7
56875,2019-10-12 14:52:00,5.1,1026.2,36,341,3.0,0.4,1248.1
56886,2019-10-12 14:52:00,17.4,1020.5,86,173,8.0,1.3,1385.7
56946,2019-10-12 14:52:00,13.2,1024.2,19,340,4.3,1.1,1227.2
56950,2019-10-12 14:52:00,21.5,1020.6,81,337,3.6,0.6,1428.2
56951,2019-10-12 14:52:00,34.1,1026.2,90,140,5.4,1.2,1326.1
56954,2019-10-12 14:52:00,15.8,1021.0,17,71,8.5,0.1,1095.4
56959,2019-10-12 14:52:00,29.0,1012.0,10,107,6.2,1.1,1161.2
56964,2019-10-12 14:52:00,0.4,1016.5,38,145,12.2,0.1,1242.0
56966,2019-10-12 14:52:00,5.7,1026.2,79,92,6.6,0.8,1363.8
56969,2019-10-12 14:52:00,4.9,1018.9,71,241,1.9,1.5,1308.5
56977,2019-10-12 14:52:00,8.8,1022.7,43,315,12.3,0.7,1230.7
56985,2019-10-12 14:52:00,26.0,1007.1,94,253,11.3,0.3,1218.9
56986,2019-10-12 14:52:00,12.4,1023.5,34,107,14.2,0.3,1425.9
56991,2019-10-12 14:52:00,26.9,1022.8,37,335,2.8,0.2,1381.3
59007,2019-10-12 14:52:00,26.9,1018.0,42,166,14.0,1.5,1244.6
58448,2019-10-12 14:52:00,1.7,1004.5,96,268,6.8,1.3,1480.7
58450,2019-10-12 14:52:00,5.8,1006.7,25,19,7.2,0.1,1344.4
58457,2019-10-12 14:52:00,31.2,1003.8,51,219,10.6,1.4,1267.2
58464,2019-10-12 14:52:00,30.6,1002.1,12,286,4.2,0.4,1014.0
58467,2019-10-12 14:52:00,32.6,1010.6,75,197,2.3,0.5,1318.7
58472,2019-10-12 14:52:00,29.2,1009.2,92,152,3.4,1.2,1155.2
58477,2019-10-12 14:52:00,18.0,1002.7,63,328,5.0,0.0,1143.2
58543,2019-10-12 14:52:00,3.1,1006.0,75,155,9.6,0.1,1384.9
58549,2019-10-12 14:52:00,4.6,1014.9,75,12,7.5,0.4,1449.1
58553,2019-10-12 14:52:00,29.7,1003.6,20,353,3.4,0.6,1208.8
58556,2019-10-12 14:52:00,34.4,1002.8,62,189,5.6,1.5,1466.0
58557,2019-10-12 14:52:00,14.0,1007.0,18,277,8.5,1.5,1239.8
58562,2019-10-12 14:52:00,24.5,1014.1,95,244,1.7,0.0,1372.9
58569,2019-10-12 14:52:00,28.2,1018.3,71,235,9.0,0.5,1219.1
58633,2019-10-12 14:52:00,22.0,1000.5,8,184,8.0,1.2,1031.4
58646,2019-10-12 14:52:00,28.7,1015.9,84,257,7.9,0.4,1277.8
58652,2019-10-12 14:52:00,15.1,1023.6,28,61,11.9,0.2,1221.6
58665,2019-10-12 14:52:00,14.6,1015.7,75,192,11.1,1.3,1452.3
58666,2019-10-12 14:52:00,12.7,1002.4,69,39,13.6,0.7,1155.3
58667,2019-10-12 14:52:00,15.7,1012.8,2,307,9.2,0.1,1388.8
58742,2019-10-12 14:52:00,34.9,1021.2,20,12,13.1,0.2,1214.3
58752,2019-10-12 14:52:00,13.3,1023.0,72,349,6.3,1.3,1168.2
58760,2019-10-12 14:52:00,0.1,1019.9,54,171,3.1,0.1,1302.5
57348,2019-10-12 14:52:00,30.5,1002.4,38,136,4.7,1.5,1316.5
57426,2019-10-12 14:52:00,22.7,1012.6,49,144,6.3,0.3,1454.3
57432,2019-10-12 14:52:00,13.7,1015.8,3,107,13.8,0.1,1027.4
57502,2019-10-12 14:52:00,19.0,1018.8,63,351,11.7,0.7,1378.4
57512,2019-10-12 14:52:00,32.3,1009.3,77,98,3.9,1.4,1361.9
57516,2019-10-12 14:52:00,29.4,1010.7,3,179,13.3,1.5,1365.8
57517,2019-10-12 14:52:00,5.9,1002.2,6,105,9.0,0.7,1221.4
57520,2019-10-12 14:52:00,5.6,1000.0,33,316,0.8,1.0,1492.9
57523,2019-10-12 14:52:00,22.8,1020.8,87,280,5.4,1.1,1459.3
57536,2019-10-12 14:52:00,10.3,1014.6,57,306,13.8,0.3,1198.0
57612,2019-10-12 14:52:00,16.9,1012.2,14,181,13.6,1.0,1269.8
57633,2019-10-12 14:52:00,23.1,1015.8,11,312,11.3,1.5,1261.7
