58015,2019-10-12 14:17:00,6.4,1005.9,16,164,1.5,0.7,1281.9
58102,2019-10-12 14:17:00,10.5,1023.2,82,292,9.1,0.7,1251.1
58118,2019-10-12 14:17:00,1.1,1022.8,99,339,7.1,1.0,1319.3
58122,2019-10-12 14:17:00,0.6,1021.1,48,343,4.6,0.1,1090.1
58203,2019-10-12 14:17:00,30.5,1005.8,65,261,6.2,0.7,1095.4
58215,2019-10-12 14:17:00,10.1,1007.5,79,243,14.8,0.3,1359.8
58221,2019-10-12 14:17:00,30.3,1024.2,52,150,4.7,0.9,1241.6
58225,2019-10-12 14:17:00,22.4,1004.0,3,246,12.1,0.1,1446.0
58236,2019-10-12 14:17:00,11.7,1026.0,91,35,14.3,1.0,1393.6
58311,2019-10-12 14:17:00,26.0,1009.8,47,244,0.8,0.8,1109.4
58314,2019-10-12 14:17:00,30.1,1017.6,68,290,4.0,0.2,1390.3
58319,2019-10-12 14:17:00,17.9,1018.1,43,79,9.1,1.2,1433.4
58321,2019-10-12 14:17:00,21.9,1018.5,59,4,11.5,0.0,1394.2
58326,2019-10-12 14:17:00,9.1,1020.7,49,207,9.5,0.2,1301.7
58336,2019-10-12 14:17:00,16.4,1026.0,44,214,0.8,0.2,1244.9
58338,2019-10-12 14:17:00,1.1,1004.7,89,1,0.4,1.1,1214.2
58414,2019-10-12 14:17:00,30.5,1005.9,90,82,7.5,1.5,1197.6
58419,2019-10-12 14:17:00,34.4,1003.4,6,193,10.6,0.5,1368.8
58424,2019-10-12 14:17:00,20.4,1019.4,25,349,7.2,0.0,1244.4
58429,2019-10-12 14:17:00,9.8,1023.7,92,181,1.7,0.3,1234.6
58436,2019-10-12 14:17:00,1.2,1005.9,27,198,4.4,0.3,1446.8
58437,2019-10-12 14:17:00,21.3,1013.4,79,143,11.6,0.4,1151.8
58520,2019-10-12 14:17:00,33.3,1008.9,90,356,9.1,1.3,1076.2
58531,2019-10-12 14:17:00,26.8,1018.8,61,355,1.8,1.5,1290.8
54406,2019-10-12 14:17:00,26.0,1007.7,4,198,4.9,1.4,1069.0
54416,2019-10-12 14:17:00,24.3,1001.2,10,114,6.4,1.1,1159.0
54511,2019-10-12 14:17:00,4.6,1024.3,47,154,6.3,0.3,1454.9
58725,2019-10-12 14:17:00,3.4,1020.5,20,309,8.6,1.1,1394.0
58730,2019-10-12 14:17:00,18.8,1013.7,94,349,6.7,0.1,1079.3
58731,2019-10-12 14:17:00,33.8,1005.9,76,149,2.8,1.2,1381.9
58734,2019-10-12 14:17:00,19.2,1015.4,5,346,9.9,0.2,1432.0
58737,2019-10-12 14:17:00,9.3,1021.9,16,98,4.2,0.3,1379.1
58744,2019-10-12 14:17:00,4.4,1000.6,53,194,10.1,0.9,1428.4
58754,2019-10-12 14:17:00,7.2,1001.9,23,284,2.5,0.1,1460.0
58818,2019-10-12 14:17:00,12.9,1011.6,21,78,1.2,0.8,1472.5
58820,2019-10-12 14:17:00,5.1,1002.6,11,206,7.2,0.9,1147.1
58834,2019-10-12 14:17:00,1.8,1024.2,85,114,3.1,0.0,1450.8
58837,2019-10-12 14:17:00,5.7,1022.5,4,210,8.0,1.3,1137.3
58843,2019-10-12 14:17:00,13.6,1025.7,80,31,11.5,0.7,1073.5
58846,2019-10-12 14:17:00,0.1,1014.7,40,320,0.8,0.5,1105.1
58847,2019-10-12 14:17:00,10.8,1014.1,64,97,3.9,0.7,1059.4
58911,2019-10-12 14:17:00,31.9,1024.0,73,322,12.0,1.2,1256.9
58918,2019-10-12 14:17:00,0.3,1002.5,87,50,13.4,0.9,1013.2
58921,2019-10-12 14:17:00,6.7,1008.6,36,120,9.3,1.4,1188.1
58926,2019-10-12 14:17:00,3.4,1015.5,40,77,10.2,1.4,1369.1
58927,2019-10-12 14:17:00,13.5,1006.4,31,83,3.4,1.1,1143.2
58931,2019-10-12 14:17:00,18.6,1012.3,70,9,14.0,0.3,1193.7
58933,2019-10-12 14:17:00,27.2,1022.9,94,238,9.2,1.2,1419.9
58936,2019-10-12 14:17:00,34.8,1005.0,81,173,8.0,0.7,1276.7
58944,2019-10-12 14:17:00,23.9,1015.4,18,165,2.5,0.3,1497.9
59113,2019-10-12 14:17:00,25.6,1002.7,6,109,3.7,1.4,1133.6
59126,2019-10-12 14:17:00,3.7,1025.5,51,55,0.9,0.7,1377.9
59133,2019-10-12 14:17:00,4.2,1021.6,93,173,7.6,0.4,1070.9
59134,2019-10-12 14:17:00,19.9,1019.1,18,301,7.0,0.6,1357.8
59321,2019-10-12 14:17:00,11.6,1006.5,8,237,8.8,0.9,1367.4
52323,2019-10-12 14:17:00,34.7,1008.6,10,355,2.7,1.1,1233.0
52418,2019-10-12 14:17:00,8.5,1008.7,45,144,12.3,0.4,1439.4
52424,2019-10-12 14:17:00,16.2,1002.1,24,161,5.7,0.4,1111.0
52436,2019-10-12 14:17:00,17.3,1020.8,22,116,11.4,0.5,1475.3
52446,2019-10-12 14:17:00,31.4,1017.1,65,281,8.7,0.5,1337.6
52447,2019-10-12 14:17:00,25.9,1008.2,48,37,8.6,1.5,1479.2
52533,2019-10-12 14:17:00,18.7,1026.0,91,124,4.3,0.9,1065.8
52546,2019-10-12 14:17:00,0.7,1011.6,32,241,3.6,0.5,1034.2
52652,2019-10-12 14:17:00,21.3,1004.6,44,336,8.2,1.2,1146.7
52661,2019-10-12 14:17:00,30.5,1009.0,28,140,11.8,1.4,1064.2
52674,2019-10-12 14:17:00,22.9,1012.5,51,308,5.0,0.0,1408.4
52679,2019-10-12 14:17:00,14.8,1011.5,62,297,6.3,0.1,1400.3
52681,2019-10-12 14:17:00,34.3,1014.3,88,212,3.6,1.5,1055.3
52787,2019-10-12 14:17:00,25.9,1016.8,100,301,12.8,0.6,1114.0
52797,2019-10-12 14:17:00,32.2,1024.9,31,75,7.4,0.8,1465.5
52884,2019-10-12 14:17:00,20.0,1018.4,9,283,13.2,1.3,1111.1
52895,2019-10-12 14:17:00,13.5,1023.6,99,17,6.4,0.6,1479.9
52983,2019-10-12 14:17:00,8.0,1017.6,12,60,6.4,0.2,1310.2
52984,2019-10-12 14:17:00,21.7,1003.7,48,115,14.6,0.6,1069.4
52986,2019-10-12 14:17:00,4.5,1018.7,26,171,13.7,0.5,1292.1
52996,2019-10-12 14:17:00,32.9,1002.4,96,66,2.5,1.0,1465.3
53821,2019-10-12 14:17:00,30.3,1014.9,67,122,10.5,1.3,1453.7
53915,2019-10-12 14:17:00,3.2,1011.3,82,105,3.5,1.2,1497.5
53923,2019-10-12 14:17:00,8.5,1014.8,63,146,12.1,0.8,1119.7
56074,2019-10-12 14:17:00,18.7,1004.7,34,1,13.6,0.8,1398.8
56080,2019-10-12 14:17:00,6.6,1011.6,64,72,1.2,0.1,1145.2
56093,2019-10-12 14:17:00,20.4,1000.0,14,308,5.3,0.2,1313.0
56096,2019-10-12 14:17:00,23.2,1015.8,19,352,8.1,0.5,1007.8
57014,2019-10-12 14:17:00,7.4,1007.3,89,234,0.0,1.3,1449.0
57996,2019-10-12 14:17:00,29.9,1007.9,96,149,8.2,1.4,1268.8
59072,2019-10-12 14:17:00,22.1,1001.0,100,234,10.2,0.1,1484.3
59082,2019-10-12 14:17:00,21.3,1023.1,14,184,13.4,0.7,1330.0
59087,2019-10-12 14:17:00,26.2,1002.4,48,334,3.7,0.3,1434.7
59088,2019-10-12 14:17:00,27.8,1007.6,89,55,11.5,1.1,1396.0
59096,2019-10-12 14:17:00,30.9,1022.1,78,186,3.8,0.8,1248.0
59097,2019-10-12 14:17:00,28.4,1001.0,69,236,0.7,0.9,1197.3
59107,2019-10-12 14:17:00,19.2,1004.9,14,11,7.9,0.0,1407.5
59116,2019-10-12 14:17:00,34.7,1023.0,80,146,1.1,0.7,1036.6
59117,2019-10-12 14:17:00,17.7,1008.5,58,187,0.1,0.6,1099.8
59271,2019-10-12 14:17:00,26.8,1025.5,88,111,1.0,1.5,1142.9
59278,2019-10-12 14:17:00,24.2,1000.5,26,181,0.4,0.6,1431.2
59280,2019-10-12 14:17:00,13.5,1017.1,11,4,0.1,1.3,1246.3
59287,2019-10-12 14:17:00,24.0,1024.1,45,100,6.6,0.5,1457.4
59289,2019-10-12 14:17:00,5.9,1005.3,94,300,0.5,0.0,1069.7
59293,2019-10-12 14:17:00,20.8,1019.7,24,145,12.9,0.8,1304.2
59294,2019-10-12 14:17:00,26.7,1011.9,23,13,9.2,0.9,1000.2
59298,2019-10-12 14:17:00,16.6,1012.1,41,217,8.7,0.8,1316.2
59303,2019-10-12 14:17:00,1.2,1019.7,69,24,7.7,0.2,1338.1
59304,2019-10-12 14:17:00,18.8,1023.7,29,352,8.2,1.5,1403.4
59306,2019-10-12 14:17:00,19.1,1019.1,36,89,9.5,0.5,1362.5
59310,2019-10-12 14:17:00,29.6,1001.4,53,174,7.1,0.8,1491.0
59316,2019-10-12 14:17:00,34.5,1012.8,45,124,1.8,0.0,1014.5
59317,2019-10-12 14:17:00,15.5,1024.4,26,20,6.7,0.1,1011.4
59324,2019-10-12 14:17:00,29.7,1014.0,22,344,11.6,0.4,1030.9
59456,2019-10-12 14:17:00,32.0,1002.2,90,292,6.2,0.9,1347.0
59462,2019-10-12 14:17:00,16.1,1015.4,82,245,11.4,0.5,1207.1
59478,2019-10-12 14:17:00,12.6,1011.5,3,280,11.4,1.5,1072.3
59485,2019-10-12 14:17:00,17.0,1023.4,45,44,4.4,1.3,1255.9
59488,2019-10-12 14:17:00,3.5,1011.2,68,184,9.4,0.8,1150.1
59493,2019-10-12 14:17:00,0.1,1015.9,68,63,8.5,0.9,1295.0
59501,2019-10-12 14:17:00,7.5,1011.8,3,174,6.8,1.2,1472.3
59658,2019-10-12 14:17:00,2.5,1000.0,27,258,11.9,1.0,1081.4
59663,2019-10-12 14:17:00,25.7,1008.4,9,317,6.6,0.3,1027.4
59664,2019-10-12 14:17:00,15.3,1014.0,35,181,13.6,0.2,1201.9
59673,2019-10-12 14:17:00,6.7,1012.0,11,286,3.5,0.0,1074.3
59754,2019-10-12 14:17:00,26.4,1024.1,28,91,10.6,1.3,1044.0
57947,2019-10-12 14:17:00,31.0,1012.8,69,232,1.9,0.8,1493.6
57957,2019-10-12 14:17:00,3.5,1007.8,27,51,9.0,0.5,1133.6
57958,2019-10-12 14:17:00,12.5,1020.5,42,163,7.2,0.7,1367.1
59021,2019-10-12 14:17:00,2.6,1026.1,42,225,13.7,0.0,1409.1
59023,2019-10-12 14:17:00,30.4,1025.1,71,153,0.6,1.4,1103.0
59027,2019-10-12 14:17:00,33.4,1023.2,39,133,7.2,0.9,1358.0
59037,2019-10-12 14:17:00,1.9,1010.6,90,52,4.1,1.4,1398.6
59046,2019-10-12 14:17:00,14.6,1019.4,25,242,0.2,1.3,1315.9
59058,2019-10-12 14:17:00,17.5,1017.0,97,216,6.8,1.0,1067.3
59065,2019-10-12 14:17:00,28.1,1004.4,76,271,12.6,1.0,1438.7
59209,2019-10-12 14:17:00,30.1,1025.1,82,203,5.9,0.6,1128.1
59211,2019-10-12 14:17:00,3.2,1016.8,3,77,3.9,1.4,1015.1
59218,2019-10-12 14:17:00,23.9,1017.1,80,52,13.8,1.2,1225.4
59228,2019-10-12 14:17:00,17.0,1017.3,79,152,0.7,0.2,1020.7
59242,2019-10-12 14:17:00,3.5,1020.7,53,346,5.5,0.2,1192.6
59254,2019-10-12 14:17:00,14.2,1025.1,58,318,11.1,1.1,1156.9
59265,2019-10-12 14:17:00,31.8,1007.3,79,161,3.6,1.4,1458.8
59417,2019-10-12 14:17:00,3.3,1003.8,95,102,3.6,0.8,1494.3
59431,2019-10-12 14:17:00,5.9,1022.5,50,191,10.4,0.2,1167.4
59446,2019-10-12 14:17:00,27.1,1022.3,68,197,14.4,0.4,1141.9
59453,2019-10-12 14:17:00,5.3,1011.7,35,218,7.5,0.1,1135.9
59626,2019-10-12 14:17:00,14.5,1020.6,78,7,11.1,1.1,1321.8
59631,2019-10-12 14:17:00,34.8,1016.3,36,153,13.0,0.1,1291.3
59632,2019-10-12 14:17:00,1.3,1012.4,43,266,7.9,0.9,1324.6
59644,2019-10-12 14:17:00,33.2,1023.9,24,133,2.7,1.0,1222.7
59647,2019-10-12 14:17:00,28.3,1013.1,97,78,9.4,0.5,1056.9
56691,2019-10-12 14:17:00,11.6,1022.4,80,284,9.7,1.4,1440.5
56693,2019-10-12 14:17:00,13.1,1005.3,28,304,4.4,0.9,1435.5
56792,2019-10-12 14:17:00,3.7,1002.5,40,181,7.4,1.4,1107.3
56793,2019-10-12 14:17:00,26.7,1023.5,79,308,14.3,1.4,1454.5
57606,2019-10-12 14:17:00,16.0,1014.5,36,96,9.9,1.0,1020.1
57614,2019-10-12 14:17:00,7.1,1009.5,4,317,4.0,0.2,1101.8
57625,2019-10-12 14:17:00,20.9,1024.3,6,12,13.8,1.2,1247.6
57647,2019-10-12 14:17:00,0.0,1009.3,49,276,12.9,0.6,1236.1
57707,2019-10-12 14:17:00,8.1,1019.8,55,44,0.3,1.0,1030.5
57710,2019-10-12 14:17:00,26.2,1022.0,14,72,4.5,0.4,1337.4
57712,2019-10-12 14:17:00,30.9,1014.3,24,185,5.2,0.4,1494.7
57718,2019-10-12 14:17:00,6.7,1013.9,4,335,13.3,0.3,1382.0
57722,2019-10-12 14:17:00,10.1,1014.1,1,180,13.4,0.7,1413.9
57729,2019-10-12 14:17:00,10.5,1006.4,18,133,5.9,1.4,1038.9
57731,2019-10-12 14:17:00,19.0,1001.9,80,265,9.9,1.4,1142.9
57741,2019-10-12 14:17:00,8.3,1007.8,12,124,0.9,0.6,1176.2
57803,2019-10-12 14:17:00,13.1,1019.4,76,268,5.3,0.4,1289.5
57805,2019-10-12 14:17:00,22.7,1025.5,6,9,8.4,0.6,1450.5
57806,2019-10-12 14:17:00,29.4,1018.0,25,52,10.4,1.5,1180.6
57816,2019-10-12 14:17:00,26.0,1009.2,72,189,9.0,0.7,1410.6
57825,2019-10-12 14:17:00,7.4,1004.9,57,106,7.1,1.2,1008.2
57827,2019-10-12 14:17:00,25.9,1012.7,9,243,9.9,0.9,1272.2
57832,2019-10-12 14:17:00,9.1,1015.3,72,160,14.3,1.5,1055.0
57839,2019-10-12 14:17:00,29.6,1020.8,35,14,5.5,0.2,1055.4
57840,2019-10-12 14:17:00,31.8,1004.3,69,320,4.2,0.9,1129.7
57902,2019-10-12 14:17:00,3.9,1003.6,6,199,12.5,0.1,1027.0
57906,2019-10-12 14:17:00,24.8,1001.4,100,159,1.9,1.0,1151.1
57907,2019-10-12 14:17:00,31.0,1026.2,77,93,11.7,0.7,1074.4
57910,2019-10-12 14:17:00,28.5,1011.8,36,63,1.6,1.1,1294.6
57912,2019-10-12 14:17:00,29.6,1011.7,74,246,4.3,0.3,1485.8
57916,2019-10-12 14:17:00,8.8,1013.6,73,46,12.5,0.8,1018.1
57922,2019-10-12 14:17:00,22.3,1012.1,50,290,11.6,0.1,1298.5
57926,2019-10-12 14:17:00,9.2,1000.5,48,278,11.3,1.0,1050.4
57932,2019-10-12 14:17:00,12.9,1014.7,61,300,7.0,0.6,1179.8
59758,2019-10-12 14:17:00,8.7,1014.2,84,266,11.5,0.0,1156.0
59838,2019-10-12 14:17:00,4.1,1016.2,91,39,3.0,1.1,1077.8
59845,2019-10-12 14:17:00,17.0,1014.6,78,290,5.7,1.2,1366.2
59849,2019-10-12 14:17:00,0.2,1007.8,27,202,14.6,1.0,1422.3
59855,2019-10-12 14:17:00,22.3,1016.4,13,193,14.3,0.7,1268.3
59948,2019-10-12 14:17:00,2.8,1008.5,57,132,13.7,0.2,1018.0
59954,2019-10-12 14:17:00,11.7,1005.7,94,224,10.5,0.7,1338.9
59981,2019-10-12 14:17:00,8.1,1023.4,40,325,11.0,0.1,1091.2
53399,2019-10-12 14:17:00,5.8,1019.6,34,36,7.8,1.3,1418.7
53593,2019-10-12 14:17:00,4.7,1019.2,34,300,10.0,1.3,1423.6
53698,2019-10-12 14:17:00,20.4,1008.7,77,157,12.6,0.9,1058.4
53798,2019-10-12 14:17:00,21.0,1016.4,73,236,9.6,1.1,1399.4
54308,2019-10-12 14:17:00,0.5,1005.6,73,124,8.0,1.3,1408.4
54311,2019-10-12 14:17:00,0.2,1011.4,2,49,9.6,0.6,1334.5
54401,2019-10-12 14:17:00,8.5,1019.2,47,126,11.4,0.2,1010.4
54405,2019-10-12 14:17:00,28.0,1016.6,22,156,4.2,0.2,1182.0
54423,2019-10-12 14:17:00,4.5,1006.0,58,14,8.4,0.9,1091.9
54429,2019-10-12 14:17:00,12.8,1002.3,51,254,9.2,0.8,1092.8
54436,2019-10-12 14:17:00,26.7,1000.7,18,9,12.0,1.2,1174.7
54449,2019-10-12 14:17:00,8.7,1012.5,23,339,8.6,1.2,1003.3
54518,2019-10-12 14:17:00,18.3,1020.0,80,199,4.7,0.0,1215.0
54534,2019-10-12 14:17:00,8.3,1008.7,77,47,5.7,1.1,1123.1
54535,2019-10-12 14:17:00,19.2,1003.5,78,133,12.7,0.2,1037.9
54539,2019-10-12 14:17:00,9.1,1022.2,10,24,5.5,0.0,1456.0
54602,2019-10-12 14:17:00,32.1,1019.3,19,142,2.0,0.1,1271.2
54606,2019-10-12 14:17:00,4.3,1020.5,9,19,0.4,0.4,1138.0
54618,2019-10-12 14:17:00,15.5,1000.5,21,104,10.0,1.3,1350.4
54624,2019-10-12 14:17:00,19.6,1008.0,93,287,11.0,0.1,1209.6
54705,2019-10-12 14:17:00,25.5,1003.5,27,178,6.5,1.2,1422.7
53898,2019-10-12 14:17:00,31.9,1023.8,76,93,13.0,0.3,1229.4
53986,2019-10-12 14:17:00,6.2,1025.4,3,217,8.7,1.0,1052.6
57051,2019-10-12 14:17:00,32.9,1017.1,24,309,6.9,1.1,1255.0
57067,2019-10-12 14:17:00,6.5,1023.3,61,336,5.6,1.5,1021.7
57071,2019-10-12 14:17:00,12.1,1009.3,88,259,12.7,1.0,1365.0
57077,2019-10-12 14:17:00,33.5,1004.2,69,144,6.9,0.2,1490.4
57083,2019-10-12 14:17:00,0.0,1006.0,8,5,1.6,1.0,1274.3
57084,2019-10-12 14:17:00,19.3,1014.0,17,256,6.5,1.2,1392.0
57089,2019-10-12 14:17:00,22.0,1021.3,20,115,4.9,0.6,1168.2
57091,2019-10-12 14:17:00,17.9,1021.6,71,215,1.8,0.6,1275.4
57156,2019-10-12 14:17:00,31.2,1026.0,26,175,5.7,0.4,1107.0
57178,2019-10-12 14:17:00,27.5,1005.4,61,61,10.9,0.0,1428.2
57181,2019-10-12 14:17:00,33.4,1016.4,95,348,7.0,0.9,1052.3
57193,2019-10-12 14:17:00,8.0,1004.9,50,167,4.5,1.1,1103.4
57285,2019-10-12 14:17:00,6.7,1003.9,19,315,12.1,0.7,1053.2
57290,2019-10-12 14:17:00,12.8,1006.2,44,185,14.1,1.5,1355.8
57297,2019-10-12 14:17:00,20.6,1003.8,97,288,14.0,1.1,1007.2
58005,2019-10-12 14:17:00,14.1,1008.8,20,291,13.2,0.0,1092.4
58111,2019-10-12 14:17:00,16.3,1013.4,65,157,5.0,0.6,1157.0
58208,2019-10-12 14:17:00,32.5,1012.2,55,21,10.4,0.2,1168.9
50136,2019-10-12 14:17:00,23.0,1008.7,77,157,14.1,0.1,1259.2
50246,2019-10-12 14:17:00,11.1,1015.3,55,153,12.6,0.6,1234.4
50247,2019-10-12 14:17:00,32.3,1009.1,7,90,3.8,1.4,1313.4
50349,2019-10-12 14:17:00,8.8,1016.7,44,260,13.4,0.2,1159.3
50353,2019-10-12 14:17:00,17.3,1010.3,72,356,5.7,0.4,1077.9
50442,2019-10-12 14:17:00,34.2,1002.3,65,291,14.3,1.0,1184.9
50468,2019-10-12 14:17:00,6.2,1016.1,53,302,9.5,1.4,1439.9
50557,2019-10-12 14:17:00,6.1,1015.3,65,183,9.0,0.8,1201.9
50564,2019-10-12 14:17:00,2.7,1014.1,50,335,0.6,1.3,1473.4
50656,2019-10-12 14:17:00,32.1,1020.3,91,194,14.8,1.4,1402.0
50658,2019-10-12 14:17:00,24.3,1020.1,27,312,2.5,1.0,1072.6
50674,2019-10-12 14:17:00,17.1,1009.1,21,185,12.6,0.0,1284.3
50739,2019-10-12 14:17:00,9.7,1023.7,65,124,5.0,0.2,1401.3
50742,2019-10-12 14:17:00,17.1,1012.9,17,284,6.4,1.4,1045.7
50745,2019-10-12 14:17:00,18.8,1012.4,88,53,9.0,1.3,1391.2
50756,2019-10-12 14:17:00,30.1,1007.1,13,317,8.7,0.4,1475.7
50758,2019-10-12 14:17:00,16.9,1025.4,76,23,11.3,0.3,1159.0
50774,2019-10-12 14:17:00,21.6,1014.2,92,144,9.8,1.5,1010.8
50778,2019-10-12 14:17:00,26.1,1006.5,91,314,2.9,1.4,1196.4
50788,2019-10-12 14:17:00,2.5,1011.3,50,99,3.9,0.1,1441.0
50844,2019-10-12 14:17:00,25.0,1006.6,24,203,11.7,0.6,1115.4
50853,2019-10-12 14:17:00,10.4,1012.7,59,48,4.9,1.3,1224.6
50854,2019-10-12 14:17:00,18.5,1009.7,26,32,2.4,0.0,1059.7
50862,2019-10-12 14:17:00,3.6,1024.6,71,338,13.9,0.7,1466.1
50873,2019-10-12 14:17:00,9.9,1020.6,47,169,2.9,0.6,1117.5
50877,2019-10-12 14:17:00,3.5,1013.5,84,218,6.2,1.3,1486.3
50888,2019-10-12 14:17:00,1.1,1016.1,5,34,0.0,0.1,1339.7
50950,2019-10-12 14:17:00,1.8,1012.0,18,70,14.1,0.0,1186.6
50953,2019-10-12 14:17:00,31.5,1006.9,27,54,9.2,1.2,1291.4
50955,2019-10-12 14:17:00,1.6,1008.4,29,49,11.7,1.2,1056.9
50963,2019-10-12 14:17:00,26.1,1002.7,80,155,14.8,1.1,1152.8
50968,2019-10-12 14:17:00,0.2,1000.7,93,255,11.0,1.3,1280.3
50973,2019-10-12 14:17:00,20.1,1017.6,15,246,1.1,0.4,1083.4
50978,2019-10-12 14:17:00,30.4,1014.1,77,157,6.1,0.8,1037.7
50983,2019-10-12 14:17:00,3.2,1013.5,47,311,12.8,0.1,1132.9
54094,2019-10-12 14:17:00,13.6,1003.5,73,319,2.3,0.0,1208.1
54096,2019-10-12 14:17:00,10.4,1019.6,12,188,12.7,0.1,1115.5
57251,2019-10-12 14:17:00,6.7,1018.6,28,174,13.8,1.1,1420.5
57256,2019-10-12 14:17:00,33.8,1007.5,22,91,3.2,0.4,1082.3
57259,2019-10-12 14:17:00,6.8,1017.7,54,241,5.8,1.4,1363.6
57265,2019-10-12 14:17:00,21.1,1003.2,79,18,7.0,0.9,1053.6
57278,2019-10-12 14:17:00,10.9,1001.9,34,320,14.0,0.9,1398.7
57279,2019-10-12 14:17:00,21.6,1025.9,10,183,7.6,0.3,1423.4
57355,2019-10-12 14:17:00,32.5,1022.3,62,231,0.0,0.2,1439.9
57358,2019-10-12 14:17:00,9.4,1011.4,85,161,3.9,1.4,1285.6
57359,2019-10-12 14:17:00,24.4,1022.4,19,171,7.5,0.3,1115.9
57363,2019-10-12 14:17:00,20.7,1020.4,43,298,7.9,0.4,1282.7
57378,2019-10-12 14:17:00,0.2,1018.7,49,354,14.0,0.1,1250.1
57381,2019-10-12 14:17:00,7.1,1025.7,3,49,7.2,1.1,1298.9
57395,2019-10-12 14:17:00,31.3,1000.8,7,294,10.9,0.0,1443.5
57399,2019-10-12 14:17:00,6.4,1019.4,91,272,14.4,0.8,1381.7
57439,2019-10-12 14:17:00,0.7,1024.8,36,250,12.5,1.5,1207.0
57445,2019-10-12 14:17:00,4.9,1010.9,36,76,2.4,0.9,1443.4
57447,2019-10-12 14:17:00,31.6,1017.6,52,251,3.2,0.5,1380.3
57458,2019-10-12 14:17:00,16.8,1009.8,72,116,6.3,0.9,1486.2
57461,2019-10-12 14:17:00,7.6,1003.3,83,2,13.8,0.9,1472.5
57476,2019-10-12 14:17:00,30.0,1002.8,62,131,14.9,0.0,1297.4
57482,2019-10-12 14:17:00,33.0,1016.1,97,133,6.4,1.2,1324.9
57483,2019-10-12 14:17:00,25.5,1013.9,71,28,9.3,0.5,1470.5
57493,2019-10-12 14:17:00,10.9,1018.4,97,129,10.9,1.0,1114.5
57494,2019-10-12 14:17:00,9.7,1005.4,16,1,5.4,0.1,1416.0
57545,2019-10-12 14:17:00,8.2,1017.0,85,331,1.1,0.9,1395.5
57573,2019-10-12 14:17:00,4.6,1005.8,42,22,14.2,0.3,1481.2
57581,2019-10-12 14:17:00,11.3,1015.7,79,157,6.8,1.4,1351.1
57583,2019-10-12 14:17:00,11.7,1009.8,70,304,11.0,0.1,1160.3
57595,2019-10-12 14:17:00,26.0,1001.4,84,142,14.1,0.3,1130.8
58402,2019-10-12 14:17:00,12.0,1014.5,12,49,13.5,0.4,1136.2
58407,2019-10-12 14:17:00,20.0,1014.8,67,77,7.7,0.4,1046.0
58500,2019-10-12 14:17:00,22.6,1001.0,34,314,8.3,0.3,1314.2
57554,2019-10-12 14:17:00,2.2,1013.0,41,200,5.6,0.3,1117.9
57562,2019-10-12 14:17:00,15.8,1019.3,89,80,4.5,1.1,1220.6
57574,2019-10-12 14:17:00,16.9,1003.8,38,61,7.8,0.3,1196.3
57584,2019-10-12 14:17:00,14.6,1025.8,46,82,2.8,1.5,1353.5
57642,2019-10-12 14:17:00,1.7,1017.9,79,237,12.6,0.3,1020.7
57649,2019-10-12 14:17:00,30.8,1014.9,5,221,8.7,1.2,1225.3
57655,2019-10-12 14:17:00,7.4,1022.3,68,358,5.6,0.0,1428.1
57662,2019-10-12 14:17:00,17.3,1024.9,62,281,11.3,1.1,1204.4
57669,2019-10-12 14:17:00,24.7,1009.5,24,147,2.4,1.3,1021.5
57671,2019-10-12 14:17:00,30.1,1013.7,87,166,11.9,0.2,1014.4
57673,2019-10-12 14:17:00,6.9,1017.7,54,53,13.7,0.1,1294.0
57679,2019-10-12 14:17:00,12.2,1004.7,43,311,8.7,0.4,1404.2
57682,2019-10-12 14:17:00,3.9,1012.8,20,77,10.3,0.2,1453.6
57687,2019-10-12 14:17:00,11.0,1010.2,23,103,7.2,0.0,1144.5
57745,2019-10-12 14:17:00,35.0,1018.5,89,59,4.4,1.0,1131.0
57749,2019-10-12 14:17:00,12.7,1024.5,57,96,9.2,1.1,1263.0
57752,2019-10-12 14:17:00,24.9,1010.7,32,25,2.2,0.2,1493.3
57758,2019-10-12 14:17:00,2.1,1012.1,41,228,9.5,0.2,1500.0
57761,2019-10-12 14:17:00,35.0,1011.6,13,50,13.1,0.0,1291.2
57766,2019-10-12 14:17:00,11.5,1000.1,56,168,1.3,0.3,1448.6
57774,2019-10-12 14:17:00,3.4,1001.6,96,299,7.5,1.4,1298.0
57776,2019-10-12 14:17:00,20.6,1005.5,61,18,12.8,0.4,1085.2
57779,2019-10-12 14:17:00,3.3,1019.4,82,75,9.0,0.9,1468.9
57780,2019-10-12 14:17:00,22.6,1025.3,69,141,14.6,0.3,1413.8
57841,2019-10-12 14:17:00,18.7,1002.3,99,228,10.7,1.4,1135.9
57845,2019-10-12 14:17:00,32.9,1010.2,85,174,10.5,0.0,1434.1
57853,2019-10-12 14:17:00,30.6,1004.1,52,321,1.2,0.0,1138.1
57857,2019-10-12 14:17:00,27.5,1000.8,16,121,12.8,0.7,1088.3
57860,2019-10-12 14:17:00,9.8,1023.8,45,186,14.6,1.1,1485.8
57866,2019-10-12 14:17:00,1.3,1017.2,67,8,11.1,0.2,1029.0
57872,2019-10-12 14:17:00,17.2,1015.6,87,36,4.9,0.5,1154.5
57874,2019-10-12 14:17:00,17.0,1009.5,27,29,5.0,1.3,1112.2
57889,2019-10-12 14:17:00,26.2,1011.6,85,324,8.4,0.9,1113.9
57965,2019-10-12 14:17:00,24.4,1017.7,2,228,1.1,1.1,1353.3
57972,2019-10-12 14:17:00,12.6,1011.7,51,45,7.5,0.9,1186.3
57974,2019-10-12 14:17:00,24.4,1019.4,71,306,14.6,0.9,1322.2
50936,2019-10-12 14:17:00,3.4,1020.2,10,96,6.9,0.2,1232.9
50945,2019-10-12 14:17:00,33.0,1009.8,77,248,9.5,0.1,1444.0
50948,2019-10-12 14:17:00,20.3,1009.7,6,302,7.1,1.2,1452.6
50949,2019-10-12 14:17:00,1.1,1000.5,81,300,12.1,0.3,1233.0
54041,2019-10-12 14:17:00,24.8,1017.0,19,156,9.2,0.4,1022.4
54049,2019-10-12 14:17:00,13.5,1000.2,79,239,14.5,1.4,1356.2
54063,2019-10-12 14:17:00,11.2,1017.8,37,180,8.2,0.6,1225.3
54064,2019-10-12 14:17:00,13.0,1000.5,63,51,14.7,1.0,1228.8
54142,2019-10-12 14:17:00,7.0,1011.0,36,138,4.7,0.5,1125.9
54157,2019-10-12 14:17:00,21.9,1013.8,53,345,5.7,1.4,1425.0
54161,2019-10-12 14:17:00,12.8,1024.6,85,96,1.9,1.2,1226.6
54165,2019-10-12 14:17:00,26.7,1017.7,84,127,11.4,0.5,1237.9
54171,2019-10-12 14:17:00,1.2,1026.1,88,110,13.7,0.2,1239.7
54181,2019-10-12 14:17:00,24.7,1006.9,28,106,11.5,1.1,1191.4
54186,2019-10-12 14:17:00,15.7,1013.3,9,329,9.9,1.2,1083.6
54195,2019-10-12 14:17:00,25.1,1006.5,27,273,12.9,0.5,1398.3
54260,2019-10-12 14:17:00,0.7,1013.8,44,235,9.9,0.6,1111.7
54263,2019-10-12 14:17:00,17.4,1010.1,59,285,3.8,0.1,1432.8
54266,2019-10-12 14:17:00,22.8,1016.9,88,257,3.2,0.8,1474.1
54273,2019-10-12 14:17:00,3.7,1000.7,85,333,10.9,0.2,1329.2
54276,2019-10-12 14:17:00,26.0,1018.3,11,33,8.1,1.0,1129.5
54284,2019-10-12 14:17:00,8.2,1021.3,79,273,9.5,0.0,1404.4
54285,2019-10-12 14:17:00,4.1,1013.3,54,330,9.4,0.9,1081.9
54286,2019-10-12 14:17:00,18.1,1000.3,27,153,13.7,0.2,1274.5
54292,2019-10-12 14:17:00,23.5,1024.9,97,36,9.9,0.2,1456.4
54363,2019-10-12 14:17:00,14.4,1023.7,62,134,10.1,1.5,1394.1
54374,2019-10-12 14:17:00,0.5,1007.7,38,215,10.1,0.3,1288.2
54377,2019-10-12 14:17:00,21.0,1026.1,45,164,2.9,0.2,1193.7
54386,2019-10-12 14:17:00,11.8,1016.1,56,173,11.2,0.7,1435.3
58026,2019-10-12 14:17:00,27.4,1011.5,75,263,7.2,0.0,1058.4
58027,2019-10-12 14:17:00,26.7,1020.2,98,225,0.5,0.3,1353.6
58038,2019-10-12 14:17:00,20.9,1002.8,86,255,6.6,0.6,1471.1
58040,2019-10-12 14:17:00,34.1,1007.1,22,313,14.3,1.3,1005.9
58047,2019-10-12 14:17:00,19.6,1012.5,81,129,14.0,1.5,1001.4
58130,2019-10-12 14:17:00,26.5,1016.0,23,152,12.4,1.2,1150.6
58135,2019-10-12 14:17:00,17.5,1001.9,79,301,13.9,1.2,1381.2
58138,2019-10-12 14:17:00,6.1,1008.5,30,150,10.6,1.0,1012.1
58141,2019-10-12 14:17:00,27.7,1008.4,43,69,6.2,0.7,1120.3
58143,2019-10-12 14:17:00,8.3,1012.4,43,159,3.1,1.3,1087.3
58150,2019-10-12 14:17:00,22.1,1001.4,83,217,9.8,0.4,1357.3
58158,2019-10-12 14:17:00,6.3,1015.8,28,52,12.8,1.2,1094.7
58238,2019-10-12 14:17:00,26.5,1018.6,10,108,9.2,0.0,1287.1
58241,2019-10-12 14:17:00,32.5,1016.6,28,229,11.5,0.6,1460.7
58251,2019-10-12 14:17:00,32.6,1009.2,45,61,7.6,0.6,1403.8
58252,2019-10-12 14:17:00,29.1,1024.9,22,73,11.7,0.0,1454.1
58255,2019-10-12 14:17:00,27.4,1002.1,100,195,12.4,0.0,1435.9
58259,2019-10-12 14:17:00,8.1,1018.9,22,101,9.5,0.8,1131.5
58265,2019-10-12 14:17:00,0.0,1000.0,63,198,0.9,0.3,1100.8
58343,2019-10-12 14:17:00,27.8,1017.5,55,153,2.4,0.7,1274.9
58345,2019-10-12 14:17:00,20.3,1005.3,32,342,14.1,0.6,1281.1
58354,2019-10-12 14:17:00,33.7,1015.3,1,211,5.7,0.9,1378.7
58356,2019-10-12 14:17:00,10.8,1012.9,39,115,9.6,0.1,1071.9
58358,2019-10-12 14:17:00,8.8,1020.0,87,303,9.7,0.8,1070.9
57598,2019-10-12 14:17:00,11.9,1022.5,84,106,5.0,1.1,1127.7
57696,2019-10-12 14:17:00,15.2,1021.9,38,246,9.4,0.1,1122.9
57789,2019-10-12 14:17:00,14.6,1016.5,95,207,4.1,0.4,1048.7
57793,2019-10-12 14:17:00,31.1,1012.0,49,183,9.7,0.2,1484.4
57799,2019-10-12 14:17:00,18.0,1015.4,49,9,14.9,0.3,1096.2
57894,2019-10-12 14:17:00,9.4,1018.5,48,120,5.2,0.4,1452.8
57896,2019-10-12 14:17:00,24.5,1017.2,88,200,4.2,0.1,1384.8
57993,2019-10-12 14:17:00,12.5,1011.8,83,3,10.5,0.6,1095.5
58506,2019-10-12 14:17:00,22.7,1016.4,58,180,4.8,0.9,1036.4
58507,2019-10-12 14:17:00,19.8,1003.6,9,290,4.3,1.1,1147.6
58519,2019-10-12 14:17:00,26.7,1023.8,41,324,2.0,1.5,1184.5
58527,2019-10-12 14:17:00,4.0,1001.8,57,138,8.3,1.4,1050.5
58600,2019-10-12 14:17:00,25.1,1003.5,93,143,13.9,0.1,1189.3
58606,2019-10-12 14:17:00,1.1,1021.7,17,0,5.0,0.8,1451.1
58608,2019-10-12 14:17:00,28.8,1020.6,33,151,2.4,1.2,1125.6
58622,2019-10-12 14:17:00,21.6,1020.4,36,220,1.9,0.3,1061.1
58626,2019-10-12 14:17:00,15.3,1016.6,85,350,5.2,0.4,1162.9
58634,2019-10-12 14:17:00,24.6,1015.2,82,85,3.6,1.0,1198.4
58637,2019-10-12 14:17:00,18.3,1017.7,17,292,0.4,1.2,1322.8
58705,2019-10-12 14:17:00,26.9,1019.0,63,215,7.9,1.3,1421.0
58715,2019-10-12 14:17:00,7.2,1014.6,51,342,2.2,0.6,1444.3
58718,2019-10-12 14:17:00,9.6,1024.9,83,332,9.3,1.2,1276.3
58806,2019-10-12 14:17:00,26.3,1012.7,35,320,8.6,1.4,1309.3
58813,2019-10-12 14:17:00,4.9,1009.3,28,103,7.8,1.3,1038.8
59092,2019-10-12 14:17:00,32.0,1011.6,39,59,13.2,1.2,1214.8
59102,2019-10-12 14:17:00,24.8,1015.4,58,183,4.0,0.8,1284.6
54236,2019-10-12 14:17:00,9.7,1014.1,65,315,7.0,1.0,1180.0
54237,2019-10-12 14:17:00,15.0,1005.9,41,81,10.2,0.8,1441.1
54243,2019-10-12 14:17:00,19.9,1019.1,75,321,10.4,0.0,1363.3
54254,2019-10-12 14:17:00,14.3,1020.2,66,203,7.8,1.0,1232.5
54259,2019-10-12 14:17:00,15.4,1021.1,34,342,7.2,0.9,1090.7
54324,2019-10-12 14:17:00,1.1,1016.5,6,171,14.6,1.4,1028.6
54326,2019-10-12 14:17:00,26.7,1021.6,29,104,7.9,1.0,1385.7
54333,2019-10-12 14:17:00,17.5,1022.9,78,352,12.3,0.2,1306.7
54334,2019-10-12 14:17:00,27.4,1018.9,46,192,13.5,1.0,1409.9
54335,2019-10-12 14:17:00,28.1,1016.4,97,94,12.7,1.3,1370.7
54337,2019-10-12 14:17:00,11.5,1021.1,62,228,1.9,0.9,1328.4
54339,2019-10-12 14:17:00,22.3,1011.8,39,297,6.7,1.1,1259.3
54342,2019-10-12 14:17:00,15.7,1000.4,30,204,3.3,1.0,1244.0
54346,2019-10-12 14:17:00,2.2,1014.7,96,240,8.8,1.1,1165.0
54349,2019-10-12 14:17:00,29.3,1019.7,97,211,14.8,1.4,1387.7
54351,2019-10-12 14:17:00,15.4,1004.1,32,251,9.9,0.9,1484.1
54353,2019-10-12 14:17:00,5.3,1021.6,70,281,0.5,0.2,1406.7
54365,2019-10-12 14:17:00,15.3,1019.5,75,40,8.4,1.4,1259.2
54452,2019-10-12 14:17:00,6.7,1016.5,33,298,6.2,0.0,1476.4
54454,2019-10-12 14:17:00,8.6,1009.3,1,85,14.2,0.7,1076.5
54455,2019-10-12 14:17:00,0.5,1009.7,65,212,0.0,0.9,1348.5
54470,2019-10-12 14:17:00,26.9,1002.9,31,87,1.1,0.5,1317.8
54471,2019-10-12 14:17:00,26.3,1015.9,53,357,4.4,0.8,1116.9
54472,2019-10-12 14:17:00,17.0,1017.0,89,182,5.5,0.0,1488.4
54476,2019-10-12 14:17:00,12.8,1016.1,16,303,3.3,1.5,1254.4
54486,2019-10-12 14:17:00,21.6,1013.1,33,240,0.0,0.2,1201.6
54493,2019-10-12 14:17:00,30.8,1020.4,47,256,9.8,0.7,1258.0
54497,2019-10-12 14:17:00,3.6,1014.2,34,294,5.2,1.0,1007.7
54563,2019-10-12 14:17:00,17.7,1007.9,36,357,9.0,0.2,1487.2
54579,2019-10-12 14:17:00,10.3,1013.3,8,290,14.9,1.5,1114.9
54584,2019-10-12 14:17:00,11.5,1011.4,42,243,7.5,0.0,1239.7
54660,2019-10-12 14:17:00,28.3,1011.4,51,211,7.8,1.5,1389.8
54662,2019-10-12 14:17:00,25.4,1010.7,54,231,12.2,1.2,1453.0
50425,2019-10-12 14:17:00,23.7,1014.2,2,170,2.5,0.0,1435.2
50434,2019-10-12 14:17:00,25.8,1006.2,56,166,5.6,0.0,1284.7
50514,2019-10-12 14:17:00,30.3,1006.1,67,199,7.7,0.8,1106.1
50527,2019-10-12 14:17:00,13.2,1021.1,8,197,1.1,0.8,1118.4
50548,2019-10-12 14:17:00,24.2,1023.2,29,299,14.4,0.1,1399.5
50603,2019-10-12 14:17:00,1.0,1021.7,95,186,4.4,0.9,1380.9
50618,2019-10-12 14:17:00,4.7,1009.2,19,215,13.4,0.8,1054.4
50632,2019-10-12 14:17:00,27.4,1023.2,78,359,0.6,0.5,1411.7
50639,2019-10-12 14:17:00,24.8,1000.4,37,22,5.2,0.1,1461.4
50727,2019-10-12 14:17:00,16.6,1015.8,96,238,9.2,0.1,1189.5
50834,2019-10-12 14:17:00,16.6,1014.7,41,258,14.1,0.3,1384.7
50838,2019-10-12 14:17:00,12.8,1015.2,22,239,0.2,0.2,1389.3
50915,2019-10-12 14:17:00,14.6,1000.7,68,205,8.9,0.3,1113.7
50924,2019-10-12 14:17:00,8.1,1002.4,33,299,7.5,1.1,1077.1
52267,2019-10-12 14:17:00,11.0,1008.3,26,34,6.2,0.2,1374.3
52495,2019-10-12 14:17:00,21.9,1008.4,71,111,2.6,1.5,1049.8
52576,2019-10-12 14:17:00,35.0,1013.6,34,208,8.3,0.0,1142.8
53068,2019-10-12 14:17:00,22.9,1011.9,45,245,13.4,1.3,1467.0
53083,2019-10-12 14:17:00,34.4,1024.1,15,218,12.7,0.4,1022.6
53149,2019-10-12 14:17:00,12.4,1010.5,30,325,8.9,1.5,1482.3
53192,2019-10-12 14:17:00,3.8,1001.7,52,128,4.3,0.8,1065.5
53195,2019-10-12 14:17:00,4.6,1016.8,55,193,14.8,1.4,1048.3
53276,2019-10-12 14:17:00,17.5,1006.9,76,355,8.8,0.2,1175.8
53336,2019-10-12 14:17:00,10.5,1013.9,59,148,14.4,0.3,1489.7
53352,2019-10-12 14:17:00,32.6,1000.7,36,130,8.9,1.0,1414.1
53362,2019-10-12 14:17:00,26.4,1009.8,40,93,11.1,0.9,1364.0
53367,2019-10-12 14:17:00,28.4,1021.0,37,315,7.7,0.4,1386.0
53391,2019-10-12 14:17:00,5.2,1005.1,17,56,4.0,0.6,1388.2
53446,2019-10-12 14:17:00,11.2,1022.5,3,319,10.7,0.5,1476.7
53463,2019-10-12 14:17:00,11.4,1005.9,73,351,4.7,1.5,1200.4
53480,2019-10-12 14:17:00,23.7,1006.3,63,342,5.5,0.7,1195.7
53502,2019-10-12 14:17:00,20.8,1024.8,13,161,6.9,1.2,1378.5
53513,2019-10-12 14:17:00,17.3,1006.1,35,285,2.1,1.2,1252.2
53529,2019-10-12 14:17:00,28.2,1023.1,90,331,0.0,0.1,1283.8
53543,2019-10-12 14:17:00,26.7,1023.1,12,99,8.4,0.2,1132.1
53547,2019-10-12 14:17:00,30.0,1010.5,4,346,8.8,1.1,1483.5
53602,2019-10-12 14:17:00,2.9,1019.5,70,130,10.1,1.1,1360.5
54012,2019-10-12 14:17:00,10.5,1004.9,84,106,7.0,0.0,1364.2
54026,2019-10-12 14:17:00,25.7,1013.8,54,281,11.4,0.0,1091.8
54027,2019-10-12 14:17:00,10.1,1003.0,67,203,11.5,0.9,1339.4
54102,2019-10-12 14:17:00,10.4,1025.1,2,52,3.1,1.5,1159.5
54115,2019-10-12 14:17:00,22.9,1021.8,50,208,12.2,0.8,1363.0
54134,2019-10-12 14:17:00,31.2,1009.9,5,216,14.7,0.1,1487.4
54135,2019-10-12 14:17:00,19.0,1001.1,23,264,1.6,1.2,1185.7
54208,2019-10-12 14:17:00,27.6,1022.1,82,207,4.7,1.0,1433.2
54213,2019-10-12 14:17:00,9.7,1025.2,35,344,3.6,0.8,1124.6
54218,2019-10-12 14:17:00,9.5,1010.2,91,163,8.1,0.3,1142.9
54226,2019-10-12 14:17:00,17.8,1004.3,10,234,8.4,0.3,1348.4
53519,2019-10-12 14:17:00,29.6,1010.8,71,75,8.4,1.5,1240.0
53612,2019-10-12 14:17:00,8.3,1026.2,75,313,9.7,0.9,1333.3
53614,2019-10-12 14:17:00,6.1,1022.9,54,21,12.1,1.1,1129.8
53615,2019-10-12 14:17:00,20.4,1015.7,17,175,0.1,0.1,1383.9
53704,2019-10-12 14:17:00,19.1,1025.5,93,28,13.3,0.2,1155.9
53705,2019-10-12 14:17:00,22.9,1025.2,51,220,0.6,0.8,1081.2
53723,2019-10-12 14:17:00,34.6,1024.7,43,236,3.8,0.7,1073.6
53806,2019-10-12 14:17:00,5.5,1023.0,27,167,13.5,1.4,1370.9
53810,2019-10-12 14:17:00,11.9,1002.1,37,85,3.3,1.2,1399.7
53817,2019-10-12 14:17:00,5.5,1010.7,42,165,0.9,1.1,1049.3
53903,2019-10-12 14:17:00,31.9,1004.3,51,351,10.7,0.4,1416.4
53910,2019-10-12 14:17:00,8.6,1019.4,90,148,13.2,0.0,1355.9
51886,2019-10-12 14:17:00,16.3,1019.7,82,147,13.6,0.9,1319.1
52602,2019-10-12 14:17:00,15.1,1011.2,3,88,3.9,0.4,1335.2
52633,2019-10-12 14:17:00,19.3,1005.7,12,108,5.7,1.3,1265.9
52645,2019-10-12 14:17:00,15.1,1006.1,51,273,4.5,1.2,1499.4
52657,2019-10-12 14:17:00,21.9,1023.3,1,346,2.0,0.1,1008.9
52707,2019-10-12 14:17:00,3.0,1003.1,91,146,14.8,0.0,1358.3
52713,2019-10-12 14:17:00,0.9,1006.8,40,310,7.8,1.4,1226.1
52737,2019-10-12 14:17:00,10.9,1018.4,2,224,12.0,0.4,1141.3
52754,2019-10-12 14:17:00,26.8,1022.6,43,335,0.4,0.6,1369.1
52765,2019-10-12 14:17:00,31.6,1008.3,52,23,2.9,1.3,1082.4
52818,2019-10-12 14:17:00,28.2,1016.7,80,327,7.6,0.2,1158.7
52825,2019-10-12 14:17:00,24.8,1001.1,21,213,3.7,0.6,1384.9
52833,2019-10-12 14:17:00,0.7,1017.0,20,14,12.6,1.4,1380.3
52836,2019-10-12 14:17:00,3.5,1005.8,68,108,3.6,1.4,1204.0
52842,2019-10-12 14:17:00,34.1,1023.1,57,235,4.8,1.5,1310.6
52856,2019-10-12 14:17:00,8.3,1020.6,25,232,7.7,0.9,1423.6
52866,2019-10-12 14:17:00,7.8,1000.8,29,83,10.3,1.1,1340.1
52868,2019-10-12 14:17:00,4.9,1004.1,72,201,7.0,1.4,1042.7
52876,2019-10-12 14:17:00,12.4,1019.8,66,322,6.9,0.5,1008.4
52908,2019-10-12 14:17:00,28.5,1001.4,32,234,6.5,0.0,1339.5
52943,2019-10-12 14:17:00,1.4,1026.0,57,218,2.8,0.4,1366.5
52955,2019-10-12 14:17:00,33.5,1009.4,83,292,9.5,0.5,1435.8
52974,2019-10-12 14:17:00,25.8,1019.5,47,354,0.3,0.3,1421.3
56004,2019-10-12 14:17:00,24.0,1004.7,18,182,14.8,0.0,1076.2
56018,2019-10-12 14:17:00,25.5,1006.6,19,287,11.3,0.3,1288.2
56021,2019-10-12 14:17:00,34.8,1008.3,3,242,14.7,0.4,1117.4
56029,2019-10-12 14:17:00,22.6,1010.2,12,160,13.9,0.6,1185.5
56033,2019-10-12 14:17:00,33.5,1014.8,83,267,11.2,1.5,1349.2
56034,2019-10-12 14:17:00,35.0,1017.5,50,173,5.8,0.4,1313.1
56043,2019-10-12 14:17:00,33.7,1024.7,50,163,11.0,1.1,1142.1
56046,2019-10-12 14:17:00,4.5,1011.0,25,215,13.2,0.8,1156.9
56065,2019-10-12 14:17:00,8.2,1019.1,3,316,2.1,0.0,1447.0
56067,2019-10-12 14:17:00,18.2,1000.8,98,154,4.0,1.1,1018.8
56125,2019-10-12 14:17:00,10.1,1017.7,53,202,11.4,0.2,1409.9
56151,2019-10-12 14:17:00,14.7,1011.2,77,226,9.9,0.8,1300.6
54715,2019-10-12 14:17:00,13.8,1002.8,58,255,3.6,1.1,1144.5
54725,2019-10-12 14:17:00,25.7,1017.7,60,304,8.7,1.3,1115.5
54727,2019-10-12 14:17:00,7.3,1008.6,63,308,7.5,1.5,1216.9
54744,2019-10-12 14:17:00,4.3,1017.3,89,217,3.2,0.0,1307.5
54751,2019-10-12 14:17:00,1.2,1019.4,46,355,10.9,1.4,1134.2
54753,2019-10-12 14:17:00,6.0,1024.0,47,38,1.5,0.1,1007.0
54764,2019-10-12 14:17:00,8.8,1008.9,45,252,12.2,0.3,1164.6
54774,2019-10-12 14:17:00,18.6,1005.6,63,130,14.9,1.1,1482.8
54776,2019-10-12 14:17:00,15.4,1016.9,65,245,13.8,0.5,1167.8
54808,2019-10-12 14:17:00,11.3,1000.1,4,326,13.3,0.9,1118.4
54823,2019-10-12 14:17:00,11.9,1014.2,11,235,2.3,1.0,1055.1
54826,2019-10-12 14:17:00,27.5,1009.5,100,117,9.3,0.5,1032.9
54836,2019-10-12 14:17:00,7.5,1000.6,49,228,8.6,1.2,1276.5
54842,2019-10-12 14:17:00,29.1,1002.5,75,6,14.1,0.6,1264.6
54843,2019-10-12 14:17:00,22.5,1017.4,81,317,3.6,1.0,1192.0
54857,2019-10-12 14:17:00,25.5,1017.9,72,348,1.4,1.4,1336.9
54863,2019-10-12 14:17:00,2.5,1004.1,94,244,0.4,1.3,1358.3
54909,2019-10-12 14:17:00,32.4,1017.7,79,337,3.5,1.2,1176.9
54916,2019-10-12 14:17:00,29.0,1012.2,21,83,1.2,1.2,1161.7
54929,2019-10-12 14:17:00,17.4,1014.8,66,40,4.2,0.9,1403.0
54936,2019-10-12 14:17:00,9.5,1003.3,75,208,4.9,1.5,1297.3
54945,2019-10-12 14:17:00,32.7,1004.0,58,136,12.4,0.7,1233.1
58034,2019-10-12 14:17:00,25.2,1010.5,62,298,7.2,0.5,1407.2
53478,2019-10-12 14:17:00,16.0,1019.1,27,117,7.4,0.0,1423.4
53487,2019-10-12 14:17:00,15.3,1015.8,19,195,4.6,0.0,1033.1
53490,2019-10-12 14:17:00,34.0,1011.3,69,44,8.0,0.6,1173.1
53564,2019-10-12 14:17:00,33.1,1007.6,19,124,10.1,1.5,1090.9
53578,2019-10-12 14:17:00,16.9,1026.0,49,32,14.3,1.0,1193.7
53579,2019-10-12 14:17:00,18.6,1013.8,100,258,5.3,0.5,1153.1
53588,2019-10-12 14:17:00,21.1,1010.6,62,0,2.6,0.1,1106.7
53594,2019-10-12 14:17:00,5.3,1016.2,5,4,7.1,0.6,1194.3
53663,2019-10-12 14:17:00,14.6,1011.8,84,270,11.5,1.1,1062.5
53664,2019-10-12 14:17:00,30.4,1024.7,17,101,12.8,1.5,1419.0
53673,2019-10-12 14:17:00,29.8,1001.9,38,183,14.7,1.4,1261.0
53687,2019-10-12 14:17:00,5.7,1001.4,88,63,13.7,1.2,1387.1
53764,2019-10-12 14:17:00,26.2,1025.3,28,282,7.4,1.0,1390.1
53772,2019-10-12 14:17:00,29.7,1016.0,1,320,5.5,0.4,1327.1
53775,2019-10-12 14:17:00,12.4,1021.4,54,206,11.8,0.2,1242.2
53787,2019-10-12 14:17:00,12.5,1008.8,38,72,6.9,0.1,1173.4
53853,2019-10-12 14:17:00,22.7,1012.6,23,354,14.1,1.3,1192.4
53859,2019-10-12 14:17:00,18.0,1004.2,83,217,0.7,0.6,1298.2
53863,2019-10-12 14:17:00,0.6,1012.0,92,139,13.4,0.4,1089.6
53868,2019-10-12 14:17:00,5.0,1021.9,21,121,7.4,0.5,1288.7
53877,2019-10-12 14:17:00,5.6,1013.4,89,140,5.7,1.0,1034.5
53882,2019-10-12 14:17:00,25.1,1017.3,16,98,12.5,0.9,1304.8
53884,2019-10-12 14:17:00,28.4,1006.3,86,261,8.6,0.4,1072.8
53959,2019-10-12 14:17:00,13.6,1018.5,20,15,5.6,0.3,1071.0
53963,2019-10-12 14:17:00,8.9,1024.5,62,145,8.7,0.9,1369.1
53968,2019-10-12 14:17:00,24.3,1007.5,97,357,7.9,0.7,1174.9
53975,2019-10-12 14:17:00,15.1,1017.3,44,343,4.8,0.0,1043.4
57052,2019-10-12 14:17:00,13.1,1018.1,47,115,12.8,0.1,1364.7
53646,2019-10-12 14:17:00,5.3,1023.8,32,358,5.8,1.2,1377.2
53651,2019-10-12 14:17:00,0.2,1011.3,26,102,1.3,0.1,1154.0
53725,2019-10-12 14:17:00,29.7,1025.7,60,71,0.0,0.7,1204.3
53735,2019-10-12 14:17:00,13.8,1019.5,92,333,4.4,0.9,1137.0
53738,2019-10-12 14:17:00,9.8,1023.1,75,251,6.4,0.5,1398.2
53740,2019-10-12 14:17:00,7.6,1011.7,78,222,10.0,0.7,1014.8
53754,2019-10-12 14:17:00,15.6,1025.8,61,310,11.5,1.1,1473.5
53845,2019-10-12 14:17:00,17.6,1011.9,60,358,6.0,1.5,1256.7
53854,2019-10-12 14:17:00,23.0,1004.5,44,238,4.7,1.3,1189.7
53929,2019-10-12 14:17:00,22.0,1004.5,24,188,2.7,1.2,1254.5
53942,2019-10-12 14:17:00,0.8,1004.2,32,254,3.8,1.5,1049.6
53948,2019-10-12 14:17:00,33.4,1000.1,22,313,8.5,0.5,1102.5
53955,2019-10-12 14:17:00,13.4,1007.4,47,301,2.4,1.3,1293.2
57003,2019-10-12 14:17:00,9.2,1019.8,74,25,3.5,0.0,1176.8
57025,2019-10-12 14:17:00,18.6,1000.6,41,23,6.0,0.8,1306.9
57028,2019-10-12 14:17:00,9.2,1026.3,99,274,2.6,1.2,1317.1
57030,2019-10-12 14:17:00,11.3,1003.3,71,31,13.7,1.2,1079.9
57034,2019-10-12 14:17:00,19.1,1008.7,98,345,6.7,1.4,1121.6
57037,2019-10-12 14:17:00,6.4,1003.1,48,187,7.4,0.0,1439.4
57046,2019-10-12 14:17:00,23.6,1013.0,54,345,12.5,0.3,1241.9
57048,2019-10-12 14:17:00,26.1,1007.3,19,338,12.6,0.8,1167.1
57049,2019-10-12 14:17:00,26.9,1024.8,95,207,11.7,1.5,1081.3
57106,2019-10-12 14:17:00,32.2,1012.6,35,249,3.7,0.9,1258.6
57124,2019-10-12 14:17:00,22.9,1001.9,73,357,8.1,0.9,1157.5
57127,2019-10-12 14:17:00,26.2,1005.5,74,163,0.4,0.7,1131.7
57131,2019-10-12 14:17:00,28.7,1000.8,11,258,9.3,1.3,1124.9
57134,2019-10-12 14:17:00,19.5,1020.5,90,57,11.6,1.1,1078.7
57140,2019-10-12 14:17:00,6.1,1000.1,48,128,12.8,1.5,1300.9
57143,2019-10-12 14:17:00,11.7,1026.3,1,280,8.1,0.6,1203.6
57144,2019-10-12 14:17:00,9.8,1018.7,65,349,0.3,0.7,1269.6
57154,2019-10-12 14:17:00,24.3,1009.9,97,329,13.4,0.9,1379.4
57211,2019-10-12 14:17:00,34.4,1014.2,45,306,7.1,1.2,1161.5
57232,2019-10-12 14:17:00,34.3,1010.5,94,190,6.6,1.3,1040.8
57238,2019-10-12 14:17:00,10.8,1024.6,67,186,8.9,0.3,1384.1
57245,2019-10-12 14:17:00,9.2,1024.8,28,270,9.2,1.5,1027.8
57343,2019-10-12 14:17:00,26.8,1022.1,6,169,7.5,0.6,1352.1
58362,2019-10-12 14:17:00,1.4,1008.1,64,157,11.3,0.8,1266.5
56038,2019-10-12 14:17:00,23.6,1008.0,44,18,2.7,0.5,1187.8
56079,2019-10-12 14:17:00,6.2,1004.5,73,80,4.8,0.3,1173.3
56144,2019-10-12 14:17:00,26.4,1023.2,3,351,8.5,0.7,1451.0
56146,2019-10-12 14:17:00,23.0,1004.1,37,127,10.7,0.3,1299.5
56152,2019-10-12 14:17:00,6.0,1006.1,18,294,1.7,1.2,1418.6
56167,2019-10-12 14:17:00,12.3,1000.9,50,84,11.2,0.9,1241.7
56172,2019-10-12 14:17:00,27.2,1021.7,27,285,4.7,0.8,1321.9
56173,2019-10-12 14:17:00,23.7,1002.3,77,195,4.9,0.9,1035.7
56178,2019-10-12 14:17:00,14.0,1008.3,13,234,13.0,0.1,1468.6
56182,2019-10-12 14:17:00,27.7,1019.4,22,355,11.0,1.5,1481.0
56187,2019-10-12 14:17:00,30.6,1018.6,36,165,11.9,0.5,1457.8
56188,2019-10-12 14:17:00,3.1,1026.2,19,230,8.2,0.2,1415.9
56196,2019-10-12 14:17:00,5.1,1013.1,54,144,3.0,0.5,1313.8
56247,2019-10-12 14:17:00,17.5,1024.1,68,209,13.7,1.2,1239.8
56251,2019-10-12 14:17:00,11.2,1014.8,16,50,11.0,0.6,1004.7
56257,2019-10-12 14:17:00,29.2,1009.8,98,357,0.5,1.5,1160.5
56287,2019-10-12 14:17:00,24.9,1012.1,98,83,2.3,0.2,1336.8
56357,2019-10-12 14:17:00,28.4,1011.7,47,205,11.3,0.9,1269.2
56374,2019-10-12 14:17:00,12.7,1007.3,83,258,6.7,1.3,1134.1
56385,2019-10-12 14:17:00,18.7,1021.4,76,38,1.2,1.2,1012.0
56386,2019-10-12 14:17:00,7.0,1025.9,7,119,10.2,0.4,1034.0
56459,2019-10-12 14:17:00,14.0,1017.6,51,350,7.4,1.2,1498.7
56462,2019-10-12 14:17:00,8.3,1019.6,26,92,11.6,1.1,1089.1
56475,2019-10-12 14:17:00,18.4,1002.6,63,344,0.7,0.5,1473.9
56479,2019-10-12 14:17:00,31.7,1003.3,82,90,10.4,0.0,1226.7
56485,2019-10-12 14:17:00,15.2,1013.9,33,354,5.0,0.2,1388.4
56492,2019-10-12 14:17:00,26.9,1007.2,65,236,4.5,0.5,1027.7
56565,2019-10-12 14:17:00,24.9,1003.9,51,81,5.5,0.8,1305.9
56571,2019-10-12 14:17:00,4.2,1002.3,93,15,11.6,0.1,1460.3
56666,2019-10-12 14:17:00,2.0,1007.5,27,298,10.9,0.6,1376.9
56671,2019-10-12 14:17:00,5.2,1024.4,30,328,12.8,0.9,1336.9
57206,2019-10-12 14:17:00,25.5,1026.4,65,199,13.3,1.0,1159.1
57237,2019-10-12 14:17:00,30.7,1003.3,58,86,8.3,0.1,1233.0
57306,2019-10-12 14:17:00,18.7,1018.2,19,351,14.2,0.0,1346.2
57313,2019-10-12 14:17:00,24.0,1019.2,67,74,10.3,0.3,1435.6
57314,2019-10-12 14:17:00,19.1,1015.5,60,239,12.5,1.1,1033.4
57328,2019-10-12 14:17:00,0.1,1019.5,91,11,12.0,0.0,1114.2
57405,2019-10-12 14:17:00,28.5,1010.1,3,245,2.8,1.2,1472.0
57411,2019-10-12 14:17:00,20.7,1007.4,32,355,2.8,0.5,1207.0
57503,2019-10-12 14:17:00,18.0,1010.5,44,137,13.5,1.4,1205.8
57604,2019-10-12 14:17:00,32.1,1006.3,80,195,1.8,0.6,1116.4
57608,2019-10-12 14:17:00,20.4,1017.2,89,64,2.3,1.4,1190.6
54525,2019-10-12 14:17:00,13.6,1021.8,80,125,3.2,1.0,1050.1
54527,2019-10-12 14:17:00,5.8,1016.9,90,175,0.4,0.4,1474.2
54623,2019-10-12 14:17:00,12.0,1005.9,95,286,6.7,0.1,1091.9
55228,2019-10-12 14:17:00,23.2,1010.2,13,245,1.9,0.8,1178.3
55248,2019-10-12 14:17:00,25.9,1026.0,21,177,10.5,1.5,1349.4
55279,2019-10-12 14:17:00,12.8,1008.6,23,301,2.2,0.3,1292.8
55294,2019-10-12 14:17:00,12.9,1013.7,63,31,8.8,0.0,1025.1
55299,2019-10-12 14:17:00,24.2,1009.8,12,292,3.1,1.5,1142.3
55437,2019-10-12 14:17:00,23.4,1009.3,41,115,6.5,1.2,1194.9
55472,2019-10-12 14:17:00,13.3,1018.1,67,0,12.4,0.0,1017.1
55493,2019-10-12 14:17:00,8.3,1020.3,12,165,5.3,0.1,1163.9
55569,2019-10-12 14:17:00,28.8,1004.3,27,117,11.6,0.1,1182.9
55578,2019-10-12 14:17:00,32.5,1010.7,60,2,3.7,1.1,1130.3
55585,2019-10-12 14:17:00,28.0,1005.6,95,107,7.4,1.2,1379.3
55591,2019-10-12 14:17:00,3.9,1019.3,55,67,5.8,1.3,1302.8
55598,2019-10-12 14:17:00,5.1,1011.5,22,185,2.5,0.7,1089.7
55655,2019-10-12 14:17:00,25.0,1020.3,96,333,10.0,1.1,1462.3
55664,2019-10-12 14:17:00,6.6,1005.6,49,283,6.8,0.6,1295.3
55680,2019-10-12 14:17:00,14.0,1016.7,64,63,1.0,1.3,1180.5
55681,2019-10-12 14:17:00,28.4,1024.4,67,172,2.6,0.7,1417.3
55690,2019-10-12 14:17:00,4.8,1017.8,44,296,7.6,1.0,1185.1
55696,2019-10-12 14:17:00,13.8,1008.5,89,357,10.2,0.1,1072.8
55773,2019-10-12 14:17:00,19.2,1009.1,85,26,4.0,1.1,1189.0
56106,2019-10-12 14:17:00,29.9,1017.6,56,51,5.2,0.6,1074.8
56116,2019-10-12 14:17:00,24.9,1017.1,93,241,10.0,1.5,1352.6
56137,2019-10-12 14:17:00,28.1,1016.3,72,105,11.9,0.3,1306.0
56202,2019-10-12 14:17:00,0.3,1015.0,36,157,3.4,0.7,1166.0
56223,2019-10-12 14:17:00,15.5,1025.5,30,57,3.8,1.2,1445.8
56227,2019-10-12 14:17:00,29.8,1009.1,52,302,6.8,0.7,1025.6
56312,2019-10-12 14:17:00,2.1,1013.0,86,246,10.3,0.0,1343.5
56331,2019-10-12 14:17:00,22.6,1013.7,27,209,2.0,1.3,1206.8
56434,2019-10-12 14:17:00,21.3,1021.2,15,98,10.7,1.5,1251.3
51053,2019-10-12 14:17:00,5.7,1019.4,56,310,3.8,1.0,1300.2
51059,2019-10-12 14:17:00,25.7,1023.3,21,258,13.3,1.3,1370.2
51060,2019-10-12 14:17:00,14.5,1007.8,29,45,13.3,0.6,1318.0
51068,2019-10-12 14:17:00,4.5,1010.4,66,357,0.6,1.1,1075.9
51076,2019-10-12 14:17:00,3.1,1022.6,44,266,5.8,1.0,1433.3
51087,2019-10-12 14:17:00,7.6,1024.2,74,306,6.0,0.2,1165.0
51133,2019-10-12 14:17:00,4.2,1018.1,61,205,1.5,1.2,1450.7
51156,2019-10-12 14:17:00,3.1,1002.1,18,263,6.6,0.7,1299.3
51186,2019-10-12 14:17:00,32.5,1014.9,48,230,14.3,1.4,1184.3
51232,2019-10-12 14:17:00,26.1,1001.3,18,319,10.2,0.6,1316.1
51238,2019-10-12 14:17:00,0.9,1014.6,94,130,13.8,0.9,1279.9
51241,2019-10-12 14:17:00,26.1,1003.4,99,83,9.0,1.1,1494.6
51243,2019-10-12 14:17:00,11.2,1009.2,19,213,6.9,0.9,1384.0
51288,2019-10-12 14:17:00,3.5,1005.5,85,53,0.5,1.3,1416.8
51330,2019-10-12 14:17:00,30.8,1023.3,22,171,13.0,1.0,1160.7
51334,2019-10-12 14:17:00,13.9,1003.9,30,353,11.3,1.5,1397.1
51346,2019-10-12 14:17:00,14.8,1005.4,87,96,10.1,0.4,1201.4
51358,2019-10-12 14:17:00,20.6,1023.3,78,284,8.5,0.5,1313.7
51365,2019-10-12 14:17:00,18.0,1020.4,14,189,0.7,1.0,1439.6
51367,2019-10-12 14:17:00,30.5,1012.0,4,37,7.0,1.2,1095.7
51379,2019-10-12 14:17:00,23.8,1019.9,59,123,11.5,0.0,1433.3
51431,2019-10-12 14:17:00,28.2,1014.2,62,199,2.8,1.0,1334.6
51433,2019-10-12 14:17:00,8.6,1022.3,26,166,1.9,1.0,1448.0
51437,2019-10-12 14:17:00,2.5,1025.0,77,328,7.7,1.1,1128.7
51463,2019-10-12 14:17:00,22.8,1010.3,9,195,8.4,0.7,1059.1
51467,2019-10-12 14:17:00,12.4,1009.0,91,287,12.0,1.2,1293.1
51469,2019-10-12 14:17:00,6.7,1012.4,83,133,0.0,0.7,1073.1
51470,2019-10-12 14:17:00,27.1,1017.2,28,150,2.4,0.3,1395.0
51477,2019-10-12 14:17:00,24.9,1022.4,98,241,5.7,0.1,1200.8
51495,2019-10-12 14:17:00,1.5,1024.6,68,310,14.4,0.5,1026.4
51526,2019-10-12 14:17:00,30.9,1004.6,17,322,5.6,1.4,1237.8
51542,2019-10-12 14:17:00,16.8,1025.9,48,277,10.8,1.0,1286.5
51567,2019-10-12 14:17:00,34.4,1001.1,100,197,12.0,0.0,1000.1
51573,2019-10-12 14:17:00,15.6,1001.5,80,70,8.2,1.4,1285.5
51581,2019-10-12 14:17:00,10.0,1010.0,71,310,11.9,0.6,1207.9
51628,2019-10-12 14:17:00,32.6,1024.3,32,35,4.9,0.2,1452.4
51633,2019-10-12 14:17:00,31.6,1017.9,45,12,3.6,1.5,1494.7
51639,2019-10-12 14:17:00,13.0,1011.8,25,258,4.9,1.1,1364.9
51642,2019-10-12 14:17:00,17.1,1007.6,22,109,0.8,0.7,1348.3
51644,2019-10-12 14:17:00,21.7,1008.1,56,174,2.1,1.0,1039.2
51655,2019-10-12 14:17:00,13.0,1019.7,55,257,7.1,1.4,1208.6
51656,2019-10-12 14:17:00,3.9,1010.9,56,98,3.9,0.7,1120.0
51701,2019-10-12 14:17:00,11.8,1024.2,69,1,8.5,0.9,1281.1
51704,2019-10-12 14:17:00,33.1,1014.9,34,33,6.5,0.4,1419.2
51705,2019-10-12 14:17:00,31.4,1025.2,70,336,14.6,1.1,1171.1
51709,2019-10-12 14:17:00,6.4,1003.9,61,129,2.0,0.7,1061.2
51711,2019-10-12 14:17:00,33.8,1009.5,8,140,12.9,0.3,1108.0
51716,2019-10-12 14:17:00,10.7,1004.7,5,301,10.1,0.5,1436.0
51720,2019-10-12 14:17:00,9.3,1020.0,15,297,5.7,0.8,1386.5
51730,2019-10-12 14:17:00,7.4,1017.9,53,82,13.5,1.2,1056.2
51747,2019-10-12 14:17:00,18.8,1016.7,3,147,7.4,1.3,1368.3
51765,2019-10-12 14:17:00,19.5,1000.7,41,201,0.6,0.8,1372.4
51777,2019-10-12 14:17:00,8.4,1014.4,69,78,1.4,1.1,1074.2
51804,2019-10-12 14:17:00,5.4,1003.9,3,198,13.0,0.6,1182.2
51810,2019-10-12 14:17:00,27.5,1017.5,5,353,9.7,1.0,1400.5
51811,2019-10-12 14:17:00,34.1,1023.8,60,68,5.5,0.0,1325.8
51818,2019-10-12 14:17:00,0.4,1022.1,36,250,8.2,0.7,1178.2
51828,2019-10-12 14:17:00,16.2,1012.8,90,151,0.9,1.1,1003.4
51839,2019-10-12 14:17:00,20.3,1023.4,51,8,6.9,1.0,1395.0
51855,2019-10-12 14:17:00,12.8,1011.7,79,352,3.0,0.1,1444.1
51931,2019-10-12 14:17:00,28.1,1017.9,26,220,13.6,1.2,1099.1
52101,2019-10-12 14:17:00,33.2,1002.9,25,7,5.4,0.1,1336.2
52112,2019-10-12 14:17:00,3.1,1024.8,89,16,0.9,1.0,1113.5
52118,2019-10-12 14:17:00,30.0,1005.1,2,48,1.0,1.5,1276.9
52203,2019-10-12 14:17:00,3.6,1003.9,18,290,0.8,1.5,1114.4
52313,2019-10-12 14:17:00,5.8,1008.3,7,317,6.7,1.4,1396.1
56444,2019-10-12 14:17:00,20.7,1005.2,75,58,5.5,1.4,1028.5
56533,2019-10-12 14:17:00,5.2,1000.1,63,224,0.4,0.3,1388.4
56543,2019-10-12 14:17:00,27.9,1014.0,38,250,6.4,1.5,1268.3
56548,2019-10-12 14:17:00,14.5,1015.8,76,283,10.1,0.1,1030.6
56586,2019-10-12 14:17:00,23.3,1000.1,77,215,11.0,0.6,1085.9
56643,2019-10-12 14:17:00,17.7,1018.7,32,281,12.5,1.3,1487.0
56651,2019-10-12 14:17:00,11.2,1007.2,71,47,0.7,0.3,1319.8
56664,2019-10-12 14:17:00,13.5,1016.7,50,38,1.0,0.9,1161.1
56684,2019-10-12 14:17:00,29.0,1001.8,14,235,2.0,1.3,1168.1
56739,2019-10-12 14:17:00,10.7,1001.8,68,258,1.0,1.4,1229.7
56748,2019-10-12 14:17:00,13.1,1003.7,58,288,0.9,0.7,1479.6
56751,2019-10-12 14:17:00,20.3,1001.6,25,102,4.9,0.5,1369.9
56763,2019-10-12 14:17:00,31.5,1020.7,66,335,11.1,0.6,1248.5
56768,2019-10-12 14:17:00,0.6,1000.9,45,275,11.3,1.5,1428.6
56778,2019-10-12 14:17:00,14.5,1023.3,46,213,11.0,1.4,1485.4
56786,2019-10-12 14:17:00,15.9,1008.8,49,99,6.9,1.2,1316.8
56838,2019-10-12 14:17:00,17.9,1008.5,27,162,10.2,0.3,1244.2
56856,2019-10-12 14:17:00,3.7,1001.5,25,268,8.9,0.8,1386.8
56872,2019-10-12 14:17:00,31.1,1015.2,30,340,14.7,0.6,1181.7
56875,2019-10-12 14:17:00,6.3,1009.2,80,130,6.5,0.3,1455.2
56886,2019-10-12 14:17:00,33.6,1004.4,3,117,10.4,1.2,1078.9
56946,2019-10-12 14:17:00,14.7,1020.0,2,284,4.2,1.3,1148.6
56950,2019-10-12 14:17:00,28.8,1004.0,89,348,12.7,0.6,1203.6
56951,2019-10-12 14:17:00,26.9,1002.3,66,105,8.1,0.8,1115.6
56954,2019-10-12 14:17:00,30.5,1025.4,37,243,7.8,0.6,1376.0
56959,2019-10-12 14:17:00,21.6,1001.1,33,64,9.3,0.9,1006.9
56964,2019-10-12 14:17:00,22.2,1012.5,46,348,10.6,0.5,1356.5
56966,2019-10-12 14:17:00,10.8,1015.0,29,132,0.6,1.0,1067.2
56969,2019-10-12 14:17:00,16.5,1020.7,65,315,1.8,0.8,1286.7
56977,2019-10-12 14:17:00,22.6,1016.3,65,352,11.6,0.8,1134.8
56985,2019-10-12 14:17:00,34.7,1011.4,50,74,9.6,1.0,1291.0
56986,2019-10-12 14:17:00,24.5,1023.0,24,30,8.7,0.7,1090.4
56991,2019-10-12 14:17:00,1.5,1017.1,53,52,9.6,0.8,1360.0
59007,2019-10-12 14:17:00,27.9,1004.3,92,173,1.8,0.7,1282.1
58448,2019-10-12 14:17:00,18.8,1009.0,27,103,9.1,0.4,1177.1
58450,2019-10-12 14:17:00,31.4,1016.7,4,262,5.4,0.6,1035.6
58457,2019-10-12 14:17:00,5.5,1000.4,40,77,8.5,1.5,1187.4
58464,2019-10-12 14:17:00,28.9,1003.1,43,198,3.4,0.1,1359.3
58467,2019-10-12 14:17:00,22.4,1024.2,61,178,9.9,0.7,1085.8
58472,2019-10-12 14:17:00,6.5,1003.2,23,251,4.1,1.0,1200.4
58477,2019-10-12 14:17:00,0.6,1009.6,59,178,14.0,0.5,1257.5
58543,2019-10-12 14:17:00,21.7,1002.7,50,9,0.3,0.3,1349.8
58549,2019-10-12 14:17:00,0.3,1011.6,71,36,2.0,0.3,1105.2
58553,2019-10-12 14:17:00,12.0,1013.2,69,93,4.1,0.3,1188.3
58556,2019-10-12 14:17:00,31.0,1007.9,70,118,7.7,1.5,1150.3
58557,2019-10-12 14:17:00,2.6,1005.1,97,106,12.0,0.1,1127.0
58562,2019-10-12 14:17:00,22.7,1021.4,16,48,1.7,1.3,1322.5
58569,2019-10-12 14:17:00,26.1,1025.3,100,82,4.2,0.4,1285.7
58633,2019-10-12 14:17:00,5.0,1007.3,72,278,8.2,0.8,1309.1
58646,2019-10-12 14:17:00,4.3,1008.5,18,69,4.8,0.5,1311.0
58652,2019-10-12 14:17:00,3.4,1024.2,84,225,0.3,0.6,1215.1
58665,2019-10-12 14:17:00,2.7,1008.0,78,171,5.4,0.1,1205.3
58666,2019-10-12 14:17:00,15.7,1018.9,1,262,1.2,0.3,1351.0
58667,2019-10-12 14:17:00,19.9,1019.1,1,305,13.1,1.3,1209.8
58742,2019-10-12 14:17:00,31.5,1016.9,15,221,14.9,0.9,1296.0
58752,2019-10-12 14:17:00,1.4,1016.9,60,345,8.5,0.4,1276.0
58760,2019-10-12 14:17:00,1.1,1010.0,62,69,6.4,0.5,1422.9
57348,2019-10-12 14:17:00,3.7,1026.4,76,342,9.8,0.0,1235.6
57426,2019-10-12 14:17:00,14.3,1022.5,68,303,3.2,1.3,1069.5
57432,2019-10-12 14:17:00,29.8,1013.8,11,213,13.4,0.9,1088.6
57502,2019-10-12 14:17:00,7.8,1010.0,48,312,12.5,0.5,1416.0
57512,2019-10-12 14:17:00,9.2,1024.9,78,100,11.1,0.9,1247.1
57516,2019-10-12 14:17:00,15.2,1021.6,76,302,7.8,1.0,1416.5
57517,2019-10-12 14:17:00,15.8,1014.7,23,231,6.2,1.3,1175.7
57520,2019-10-12 14:17:00,11.6,1015.8,37,318,11.8,1.5,1197.9
57523,2019-10-12 14:17:00,24.5,1009.6,38,238,2.3,1.4,1283.4
57536,2019-10-12 14:17:00,14.3,1017.3,54,185,0.4,0.8,1030.8
57612,2019-10-12 14:17:00,7.2,1022.7,98,5,5.2,0.0,1271.5
57633,2019-10-12 14:17:00,18.7,1010.7,15,85,11.5,1.4,1280.1
