58015,2019-09-17 13:35:00,7.2,1006.4,87,15,14.1,0.6,1329.0
58102,2019-09-17 13:35:00,6.7,1004.3,63,244,0.4,0.7,1070.8
58118,2019-09-17 13:35:00,4.6,1001.0,54,41,9.2,0.1,1219.4
58122,2019-09-17 13:35:00,8.2,1006.1,15,187,0.3,1.2,1215.0
58203,2019-09-17 13:35:00,3.0,1018.0,34,235,6.4,1.5,1022.5
58215,2019-09-17 13:35:00,29.0,1009.6,63,258,7.1,0.8,1201.8
58221,2019-09-17 13:35:00,20.5,1007.0,34,276,5.0,1.0,1110.6
58225,2019-09-17 13:35:00,28.1,1017.8,54,30,3.9,0.7,1019.7
58236,2019-09-17 13:35:00,12.1,1022.0,13,24,3.5,0.1,1378.7
58311,2019-09-17 13:35:00,9.1,1021.2,15,49,7.5,0.4,1454.4
58314,2019-09-17 13:35:00,28.1,1008.5,87,214,4.0,0.7,1260.5
58319,2019-09-17 13:35:00,10.6,1006.7,68,286,9.5,0.5,1371.2
58321,2019-09-17 13:35:00,15.6,1026.0,19,341,1.6,0.2,1116.6
58326,2019-09-17 13:35:00,16.0,1014.6,97,315,4.5,0.7,1099.8
58336,2019-09-17 13:35:00,1.2,1010.4,16,318,9.4,0.1,1164.9
58338,2019-09-17 13:35:00,31.5,1000.7,16,248,13.0,0.7,1062.4
58414,2019-09-17 13:35:00,24.7,1009.6,91,314,14.8,0.8,1188.6
58419,2019-09-17 13:35:00,28.4,1015.1,33,200,6.9,1.2,1296.7
58424,2019-09-17 13:35:00,19.2,1022.1,44,256,13.1,1.4,1371.2
58429,2019-09-17 13:35:00,20.7,1025.7,100,52,13.6,0.3,1429.3
58436,2019-09-17 13:35:00,23.4,1015.3,55,266,5.6,0.5,1440.8
58437,2019-09-17 13:35:00,1.6,1022.2,8,31,5.0,0.7,1288.9
58520,2019-09-17 13:35:00,20.0,1022.6,19,75,6.5,0.1,1139.3
58531,2019-09-17 13:35:00,16.6,1002.8,79,173,13.7,0.5,1133.7
54406,2019-09-17 13:35:00,18.4,1024.7,79,202,9.2,0.1,1249.3
54416,2019-09-17 13:35:00,3.8,1003.4,1,127,14.1,1.1,1037.4
54511,2019-09-17 13:35:00,0.3,1012.2,22,3,7.6,1.5,1011.5
58725,2019-09-17 13:35:00,19.5,1010.6,23,179,12.9,0.4,1497.3
58730,2019-09-17 13:35:00,13.3,1013.3,3,263,2.2,0.1,1428.8
58731,2019-09-17 13:35:00,8.5,1008.0,79,285,5.4,1.4,1160.3
58734,2019-09-17 13:35:00,31.2,1009.5,3,79,4.4,1.5,1253.5
58737,2019-09-17 13:35:00,11.1,1017.3,7,223,2.4,0.4,1234.6
58744,2019-09-17 13:35:00,5.9,1002.6,68,165,6.1,1.3,1006.9
58754,2019-09-17 13:35:00,25.1,1020.9,58,138,7.4,1.1,1325.1
58818,2019-09-17 13:35:00,22.1,1020.6,89,316,5.8,1.5,1345.0
58820,2019-09-17 13:35:00,26.7,1017.0,23,35,8.9,0.0,1034.5
58834,2019-09-17 13:35:00,20.1,1011.4,42,161,14.0,0.8,1042.0
58837,2019-09-17 13:35:00,10.8,1018.1,19,134,8.8,0.0,1345.7
58843,2019-09-17 13:35:00,23.8,1009.3,2,125,12.9,0.5,1411.7
58846,2019-09-17 13:35:00,22.7,1003.6,41,162,5.7,0.3,1273.3
58847,2019-09-17 13:35:00,9.8,1002.5,8,11,5.4,0.4,1348.6
58911,2019-09-17 13:35:00,20.1,1009.2,84,327,9.4,0.6,1358.3
58918,2019-09-17 13:35:00,29.1,1019.5,72,178,4.5,0.8,1355.6
58921,2019-09-17 13:35:00,24.2,1000.0,69,136,0.2,0.5,1246.2
58926,2019-09-17 13:35:00,3.9,1007.6,80,317,7.1,0.7,1325.7
58927,2019-09-17 13:35:00,34.8,1002.9,58,162,10.2,0.1,1478.4
58931,2019-09-17 13:35:00,8.9,1020.7,9,144,12.9,1.5,1306.4
58933,2019-09-17 13:35:00,14.1,1006.8,79,221,2.0,1.0,1067.0
58936,2019-09-17 13:35:00,5.3,1015.7,29,155,8.5,0.8,1480.4
58944,2019-09-17 13:35:00,9.1,1024.4,66,95,3.8,0.6,1439.2
59113,2019-09-17 13:35:00,2.4,1025.0,84,12,11.4,0.3,1188.7
59126,2019-09-17 13:35:00,24.0,1011.7,12,58,12.5,0.9,1262.3
59133,2019-09-17 13:35:00,15.3,1009.4,42,332,4.9,0.6,1388.1
59134,2019-09-17 13:35:00,28.7,1022.7,53,133,13.1,0.1,1451.5
59321,2019-09-17 13:35:00,25.1,1019.7,91,114,0.9,0.9,1495.4
52323,2019-09-17 13:35:00,1.0,1011.2,36,97,8.9,1.0,1274.8
52418,2019-09-17 13:35:00,12.3,1004.2,12,15,7.6,0.8,1182.9
52424,2019-09-17 13:35:00,19.8,1025.9,96,252,5.6,1.2,1184.0
52436,2019-09-17 13:35:00,21.2,1025.7,87,41,5.9,1.2,1419.7
52446,2019-09-17 13:35:00,27.3,1011.6,86,155,11.8,0.4,1207.6
52447,2019-09-17 13:35:00,4.4,1004.3,53,347,0.7,0.3,1141.9
52533,2019-09-17 13:35:00,16.0,1007.0,82,313,4.2,0.9,1340.3
52546,2019-09-17 13:35:00,21.6,1011.9,84,240,9.8,1.3,1435.0
52652,2019-09-17 13:35:00,7.8,1022.7,81,61,4.8,1.3,1200.1
52661,2019-09-17 13:35:00,2.1,1025.0,89,299,11.0,1.2,1395.6
52674,2019-09-17 13:35:00,0.4,1014.8,53,306,7.1,1.3,1110.8
52679,2019-09-17 13:35:00,25.4,1009.4,46,83,9.5,0.8,1448.7
52681,2019-09-17 13:35:00,3.2,1024.4,9,254,9.8,0.8,1284.1
52787,2019-09-17 13:35:00,0.8,1015.3,64,245,0.0,1.5,1334.4
52797,2019-09-17 13:35:00,9.3,1003.4,55,122,4.9,1.4,1320.0
52884,2019-09-17 13:35:00,10.5,1017.9,9,323,6.0,0.1,1357.0
52895,2019-09-17 13:35:00,0.3,1001.5,55,132,8.6,1.5,1281.7
52983,2019-09-17 13:35:00,30.4,1006.3,46,112,1.3,0.8,1091.1
52984,2019-09-17 13:35:00,5.3,1003.6,47,318,10.5,0.5,1008.3
52986,2019-09-17 13:35:00,22.7,1008.8,50,357,0.7,1.3,1384.7
52996,2019-09-17 13:35:00,3.0,1005.9,13,328,10.1,1.0,1179.8
53821,2019-09-17 13:35:00,24.4,1023.9,91,161,13.5,0.3,1375.3
53915,2019-09-17 13:35:00,9.1,1015.5,56,244,0.8,0.6,1167.8
53923,2019-09-17 13:35:00,27.7,1022.2,55,261,7.0,0.7,1364.3
56074,2019-09-17 13:35:00,28.3,1023.2,64,160,12.8,0.3,1390.5
56080,2019-09-17 13:35:00,23.5,1002.7,61,326,2.3,1.0,1122.9
56093,2019-09-17 13:35:00,2.0,1000.4,46,247,3.6,0.8,1098.7
56096,2019-09-17 13:35:00,15.8,1001.9,18,120,1.1,0.7,1121.3
57014,2019-09-17 13:35:00,15.2,1025.2,85,174,3.9,1.1,1094.9
57996,2019-09-17 13:35:00,24.0,1019.5,95,7,11.7,0.2,1074.0
59072,2019-09-17 13:35:00,26.1,1026.1,6,21,9.5,0.6,1400.4
59082,2019-09-17 13:35:00,4.2,1024.3,84,227,5.7,1.2,1468.1
59087,2019-09-17 13:35:00,28.3,1020.3,74,255,10.0,0.1,1460.5
59088,2019-09-17 13:35:00,33.9,1013.4,36,172,13.4,0.1,1313.5
59096,2019-09-17 13:35:00,12.0,1022.3,78,165,14.1,0.7,1477.3
59097,2019-09-17 13:35:00,11.7,1019.2,7,321,4.0,1.3,1140.1
59107,2019-09-17 13:35:00,29.7,1003.3,41,121,6.7,0.2,1397.6
59116,2019-09-17 13:35:00,7.4,1018.0,98,141,13.6,0.0,1276.1
59117,2019-09-17 13:35:00,6.3,1000.6,86,325,4.6,0.6,1458.9
59271,2019-09-17 13:35:00,19.3,1021.9,70,355,3.7,1.2,1385.4
59278,2019-09-17 13:35:00,32.7,1002.6,49,129,1.5,0.9,1263.5
59280,2019-09-17 13:35:00,11.8,1020.2,79,271,3.4,0.7,1287.7
59287,2019-09-17 13:35:00,25.5,1019.9,39,163,2.0,0.3,1384.7
59289,2019-09-17 13:35:00,11.4,1003.5,93,215,8.9,0.1,1333.7
59293,2019-09-17 13:35:00,13.5,1001.8,31,346,6.5,0.7,1438.7
59294,2019-09-17 13:35:00,30.8,1023.7,39,154,7.9,0.0,1214.8
59298,2019-09-17 13:35:00,6.6,1024.6,83,328,10.7,0.5,1350.7
59303,2019-09-17 13:35:00,32.0,1008.8,54,36,3.8,0.9,1255.3
59304,2019-09-17 13:35:00,34.7,1004.7,87,284,5.6,1.3,1438.7
59306,2019-09-17 13:35:00,25.3,1022.3,51,201,7.0,0.0,1106.6
59310,2019-09-17 13:35:00,27.3,1000.5,85,328,0.6,1.1,1077.4
59316,2019-09-17 13:35:00,4.5,1024.0,42,264,8.8,1.0,1188.5
59317,2019-09-17 13:35:00,8.5,1004.5,97,277,0.7,0.7,1245.5
59324,2019-09-17 13:35:00,27.3,1001.0,77,4,10.0,1.0,1476.3
59456,2019-09-17 13:35:00,30.0,1004.8,5,123,12.8,1.3,1042.5
59462,2019-09-17 13:35:00,9.7,1000.3,1,203,9.8,0.9,1015.3
59478,2019-09-17 13:35:00,13.9,1000.9,92,267,3.4,0.8,1010.6
59485,2019-09-17 13:35:00,31.2,1000.8,91,225,2.5,1.0,1154.5
59488,2019-09-17 13:35:00,29.0,1010.1,80,167,11.4,1.2,1209.4
59493,2019-09-17 13:35:00,17.1,1016.0,66,203,8.3,1.0,1387.1
59501,2019-09-17 13:35:00,14.6,1002.6,86,193,5.1,0.1,1464.0
59658,2019-09-17 13:35:00,19.9,1004.2,18,97,14.2,0.7,1200.7
59663,2019-09-17 13:35:00,18.5,1017.7,78,142,12.3,0.4,1301.9
59664,2019-09-17 13:35:00,28.3,1018.9,64,284,2.1,0.4,1042.4
59673,2019-09-17 13:35:00,25.4,1010.8,7,299,11.2,1.5,1319.3
59754,2019-09-17 13:35:00,25.3,1018.2,7,38,9.1,0.7,1484.4
57947,2019-09-17 13:35:00,15.8,1012.0,64,100,1.2,1.2,1374.1
57957,2019-09-17 13:35:00,4.6,1018.5,36,185,9.7,1.4,1368.9
57958,2019-09-17 13:35:00,12.4,1015.3,82,125,3.1,1.1,1138.4
59021,2019-09-17 13:35:00,0.8,1024.2,30,268,10.5,0.7,1138.4
59023,2019-09-17 13:35:00,16.0,1004.3,36,182,14.8,1.4,1281.1
59027,2019-09-17 13:35:00,8.8,1000.7,30,116,9.4,0.4,1458.1
59037,2019-09-17 13:35:00,23.0,1022.0,36,182,14.8,0.0,1195.4
59046,2019-09-17 13:35:00,12.9,1015.7,4,307,14.0,0.9,1256.8
59058,2019-09-17 13:35:00,1.7,1002.2,95,13,8.5,0.5,1246.9
59065,2019-09-17 13:35:00,16.4,1013.1,11,116,7.5,0.3,1160.7
59209,2019-09-17 13:35:00,20.6,1002.5,19,83,2.2,0.2,1025.4
59211,2019-09-17 13:35:00,7.2,1020.4,17,56,13.2,0.8,1409.5
59218,2019-09-17 13:35:00,5.3,1000.7,71,149,3.1,0.5,1458.5
59228,2019-09-17 13:35:00,27.3,1011.0,43,102,13.2,0.4,1142.8
59242,2019-09-17 13:35:00,19.9,1020.8,96,331,4.8,0.9,1203.6
59254,2019-09-17 13:35:00,25.7,1007.1,25,113,9.6,0.5,1137.8
59265,2019-09-17 13:35:00,29.5,1014.3,85,184,7.2,1.5,1122.5
59417,2019-09-17 13:35:00,2.5,1022.1,40,152,2.6,0.5,1192.9
59431,2019-09-17 13:35:00,26.1,1011.0,26,200,7.8,0.4,1046.9
59446,2019-09-17 13:35:00,5.0,1008.8,51,152,5.9,0.3,1329.0
59453,2019-09-17 13:35:00,15.9,1006.3,48,299,8.1,0.7,1049.2
59626,2019-09-17 13:35:00,33.1,1023.7,21,338,6.8,0.8,1168.8
59631,2019-09-17 13:35:00,30.3,1011.8,59,357,2.9,1.1,1147.6
59632,2019-09-17 13:35:00,13.5,1026.3,34,158,14.6,1.1,1184.3
59644,2019-09-17 13:35:00,18.4,1013.5,89,263,12.8,0.3,1460.6
59647,2019-09-17 13:35:00,19.8,1009.7,99,286,6.7,1.4,1424.6
56691,2019-09-17 13:35:00,22.5,1018.5,9,4,7.4,0.6,1306.8
56693,2019-09-17 13:35:00,20.6,1014.1,24,314,5.9,0.0,1151.8
56792,2019-09-17 13:35:00,31.3,1023.7,48,111,5.4,0.7,1150.3
56793,2019-09-17 13:35:00,7.9,1012.4,81,196,14.9,1.4,1317.2
57606,2019-09-17 13:35:00,23.7,1001.9,41,73,2.9,0.0,1071.1
57614,2019-09-17 13:35:00,23.3,1003.6,33,250,6.7,0.7,1226.1
57625,2019-09-17 13:35:00,17.0,1009.4,83,24,0.8,0.5,1346.0
57647,2019-09-17 13:35:00,16.7,1007.2,74,327,14.3,1.4,1024.9
57707,2019-09-17 13:35:00,21.7,1018.1,12,290,3.5,0.3,1023.5
57710,2019-09-17 13:35:00,26.1,1006.3,3,204,7.1,1.0,1132.9
57712,2019-09-17 13:35:00,32.7,1019.6,17,137,10.5,1.0,1052.3
57718,2019-09-17 13:35:00,32.1,1014.6,2,100,0.0,0.7,1082.1
57722,2019-09-17 13:35:00,26.4,1005.3,76,128,12.1,1.4,1343.4
57729,2019-09-17 13:35:00,11.2,1014.6,16,56,14.6,0.1,1027.3
57731,2019-09-17 13:35:00,1.0,1012.3,40,86,14.4,1.5,1197.6
57741,2019-09-17 13:35:00,5.0,1021.0,30,227,13.9,1.1,1416.4
57803,2019-09-17 13:35:00,4.0,1013.5,28,185,9.5,0.2,1056.3
57805,2019-09-17 13:35:00,16.2,1017.8,26,155,3.4,0.4,1355.7
57806,2019-09-17 13:35:00,0.7,1004.9,57,188,11.2,1.1,1204.5
57816,2019-09-17 13:35:00,4.7,1001.0,35,250,11.2,0.3,1115.0
57825,2019-09-17 13:35:00,28.4,1012.8,78,91,6.0,0.0,1178.5
57827,2019-09-17 13:35:00,24.0,1003.1,3,176,10.6,0.3,1075.7
57832,2019-09-17 13:35:00,32.6,1000.4,8,133,13.0,0.7,1023.6
57839,2019-09-17 13:35:00,18.8,1018.7,33,281,6.7,1.4,1496.9
57840,2019-09-17 13:35:00,13.3,1013.7,94,183,8.2,0.7,1161.9
57902,2019-09-17 13:35:00,25.4,1003.9,4,312,4.2,0.5,1321.5
57906,2019-09-17 13:35:00,8.2,1016.7,33,101,10.8,1.1,1177.0
57907,2019-09-17 13:35:00,19.4,1019.4,41,121,11.6,0.9,1136.3
57910,2019-09-17 13:35:00,30.2,1015.1,99,228,12.5,1.5,1270.6
57912,2019-09-17 13:35:00,2.2,1022.4,79,283,14.4,0.5,1314.8
57916,2019-09-17 13:35:00,32.2,1024.5,85,207,2.9,0.8,1220.7
57922,2019-09-17 13:35:00,6.3,1011.0,95,257,5.9,0.3,1040.0
57926,2019-09-17 13:35:00,28.1,1007.7,46,43,0.3,1.1,1434.2
57932,2019-09-17 13:35:00,20.7,1004.1,36,247,10.3,0.9,1192.2
59758,2019-09-17 13:35:00,20.9,1009.3,46,207,14.0,0.1,1157.6
59838,2019-09-17 13:35:00,17.3,1020.2,55,0,0.4,0.9,1342.5
59845,2019-09-17 13:35:00,13.3,1008.5,100,163,0.2,0.8,1401.3
59849,2019-09-17 13:35:00,17.9,1014.6,91,96,3.0,0.9,1249.2
59855,2019-09-17 13:35:00,18.1,1012.5,18,334,3.8,0.7,1354.1
59948,2019-09-17 13:35:00,35.0,1016.6,49,332,14.4,1.4,1410.6
59954,2019-09-17 13:35:00,24.8,1014.2,2,256,14.7,0.1,1096.8
59981,2019-09-17 13:35:00,5.6,1012.7,18,207,13.9,0.7,1284.7
53399,2019-09-17 13:35:00,24.7,1020.7,72,354,12.4,0.0,1145.3
53593,2019-09-17 13:35:00,15.7,1004.8,10,355,5.0,0.1,1029.4
53698,2019-09-17 13:35:00,17.4,1004.1,13,296,7.3,0.9,1408.4
53798,2019-09-17 13:35:00,5.3,1015.6,24,62,11.4,1.3,1037.4
54308,2019-09-17 13:35:00,4.3,1002.5,26,92,8.5,1.2,1194.3
54311,2019-09-17 13:35:00,24.9,1017.6,67,146,14.0,1.1,1072.6
54401,2019-09-17 13:35:00,2.9,1023.7,21,30,5.3,0.8,1415.7
54405,2019-09-17 13:35:00,26.1,1010.3,4,159,11.4,0.2,1466.0
54423,2019-09-17 13:35:00,34.2,1000.6,4,113,7.4,0.0,1277.7
54429,2019-09-17 13:35:00,19.3,1007.3,84,352,6.7,0.1,1186.3
54436,2019-09-17 13:35:00,8.8,1007.7,72,81,1.6,0.4,1354.6
54449,2019-09-17 13:35:00,21.6,1012.6,30,187,2.6,0.4,1418.7
54518,2019-09-17 13:35:00,17.8,1005.1,22,331,13.4,0.4,1410.0
54534,2019-09-17 13:35:00,17.8,1012.9,15,299,8.9,1.4,1242.9
54535,2019-09-17 13:35:00,10.2,1026.1,43,55,12.8,1.4,1392.0
54539,2019-09-17 13:35:00,28.6,1004.5,12,205,8.8,1.3,1061.5
54602,2019-09-17 13:35:00,25.3,1010.0,13,8,3.8,0.5,1139.9
54606,2019-09-17 13:35:00,33.8,1023.3,89,73,2.4,1.1,1317.0
54618,2019-09-17 13:35:00,25.8,1022.3,50,322,0.4,1.5,1351.7
54624,2019-09-17 13:35:00,21.8,1010.9,11,171,6.9,1.0,1027.3
54705,2019-09-17 13:35:00,7.7,1010.5,15,355,14.0,0.6,1120.0
53898,2019-09-17 13:35:00,33.6,1006.0,67,224,2.8,0.7,1183.7
53986,2019-09-17 13:35:00,14.4,1015.5,95,339,11.5,0.7,1460.1
57051,2019-09-17 13:35:00,13.8,1013.9,84,176,5.0,1.0,1422.2
57067,2019-09-17 13:35:00,7.6,1015.3,42,322,3.3,1.5,1272.3
57071,2019-09-17 13:35:00,11.0,1004.3,93,284,10.0,0.6,1443.3
57077,2019-09-17 13:35:00,33.5,1026.0,3,263,12.7,0.4,1146.4
57083,2019-09-17 13:35:00,33.5,1003.9,1,294,3.5,0.7,1195.0
57084,2019-09-17 13:35:00,24.1,1011.4,63,99,4.9,0.7,1352.6
57089,2019-09-17 13:35:00,5.8,1026.0,99,68,14.5,1.0,1013.1
57091,2019-09-17 13:35:00,28.7,1006.8,26,216,6.8,1.1,1070.5
57156,2019-09-17 13:35:00,33.7,1009.2,19,168,12.3,1.0,1020.5
57178,2019-09-17 13:35:00,30.8,1015.8,78,206,3.5,0.7,1288.6
57181,2019-09-17 13:35:00,8.7,1014.2,100,137,0.7,0.9,1385.9
57193,2019-09-17 13:35:00,32.8,1025.2,90,172,14.5,0.2,1083.9
57285,2019-09-17 13:35:00,21.7,1022.2,93,273,7.5,0.6,1122.6
57290,2019-09-17 13:35:00,10.9,1003.0,9,319,8.3,1.3,1286.6
57297,2019-09-17 13:35:00,20.0,1015.2,15,45,12.4,1.3,1301.5
58005,2019-09-17 13:35:00,26.1,1004.0,100,290,5.9,0.8,1271.0
58111,2019-09-17 13:35:00,14.7,1015.4,76,11,10.6,0.7,1211.5
58208,2019-09-17 13:35:00,23.3,1018.4,40,334,1.1,1.5,1222.9
50136,2019-09-17 13:35:00,23.9,1001.8,3,347,11.2,0.0,1160.1
50246,2019-09-17 13:35:00,6.2,1014.4,47,231,10.1,0.9,1336.9
50247,2019-09-17 13:35:00,18.4,1001.8,58,304,9.9,0.4,1067.6
50349,2019-09-17 13:35:00,12.7,1000.2,73,19,8.3,0.7,1472.2
50353,2019-09-17 13:35:00,18.5,1020.1,71,62,4.6,0.0,1215.2
50442,2019-09-17 13:35:00,12.2,1000.7,83,236,12.8,0.0,1148.2
50468,2019-09-17 13:35:00,27.1,1005.3,82,59,6.8,0.6,1272.8
50557,2019-09-17 13:35:00,19.5,1023.5,44,214,7.7,1.5,1237.3
50564,2019-09-17 13:35:00,14.0,1012.9,91,127,9.2,0.0,1360.3
50656,2019-09-17 13:35:00,1.5,1000.6,12,56,12.9,0.1,1375.5
50658,2019-09-17 13:35:00,33.6,1001.5,64,59,5.5,0.5,1409.3
50674,2019-09-17 13:35:00,7.0,1000.7,87,184,6.4,0.1,1160.3
50739,2019-09-17 13:35:00,12.4,1011.1,89,166,12.7,1.1,1289.7
50742,2019-09-17 13:35:00,0.0,1019.6,16,87,12.8,1.0,1327.3
50745,2019-09-17 13:35:00,31.8,1005.8,100,348,14.8,0.3,1416.7
50756,2019-09-17 13:35:00,0.4,1022.2,91,63,5.1,0.0,1166.2
50758,2019-09-17 13:35:00,13.4,1017.2,52,159,5.5,0.7,1159.1
50774,2019-09-17 13:35:00,30.3,1025.0,32,94,6.4,1.4,1056.3
50778,2019-09-17 13:35:00,2.2,1019.6,70,95,4.9,0.9,1112.8
50788,2019-09-17 13:35:00,24.6,1012.1,36,295,9.8,0.9,1315.6
50844,2019-09-17 13:35:00,22.7,1025.3,72,17,6.0,0.6,1209.4
50853,2019-09-17 13:35:00,23.5,1007.8,95,140,8.6,0.9,1367.6
50854,2019-09-17 13:35:00,20.8,1014.8,70,176,14.9,1.4,1080.8
50862,2019-09-17 13:35:00,12.7,1005.1,27,50,9.7,0.5,1433.6
50873,2019-09-17 13:35:00,4.6,1022.3,49,119,9.1,0.7,1059.2
50877,2019-09-17 13:35:00,31.4,1009.0,46,109,1.1,0.8,1364.2
50888,2019-09-17 13:35:00,27.1,1009.7,77,209,14.3,1.3,1045.5
50950,2019-09-17 13:35:00,12.5,1022.1,49,235,14.7,0.2,1346.2
50953,2019-09-17 13:35:00,20.1,1008.5,55,94,2.8,0.7,1456.0
50955,2019-09-17 13:35:00,11.5,1003.1,63,15,7.2,0.7,1149.9
50963,2019-09-17 13:35:00,1.4,1001.9,19,202,11.9,0.2,1028.9
50968,2019-09-17 13:35:00,10.0,1024.5,81,178,12.8,1.2,1226.1
50973,2019-09-17 13:35:00,17.0,1018.1,51,54,9.6,0.1,1169.4
50978,2019-09-17 13:35:00,9.3,1008.0,15,251,3.6,0.0,1309.6
50983,2019-09-17 13:35:00,4.9,1015.8,76,153,8.9,0.5,1121.4
54094,2019-09-17 13:35:00,7.7,1024.7,11,42,12.9,0.2,1340.7
54096,2019-09-17 13:35:00,28.2,1005.0,87,75,12.9,1.3,1092.2
57251,2019-09-17 13:35:00,15.7,1017.7,31,304,5.4,0.1,1494.5
57256,2019-09-17 13:35:00,28.3,1011.0,87,63,1.5,1.3,1378.7
57259,2019-09-17 13:35:00,13.5,1013.6,77,185,4.5,1.0,1230.5
57265,2019-09-17 13:35:00,13.7,1026.4,74,356,10.1,0.3,1413.1
57278,2019-09-17 13:35:00,10.1,1021.3,86,268,4.0,1.5,1120.3
57279,2019-09-17 13:35:00,29.9,1024.9,25,169,14.2,1.4,1136.9
57355,2019-09-17 13:35:00,19.9,1026.3,41,44,3.1,1.2,1194.4
57358,2019-09-17 13:35:00,2.6,1013.7,75,55,3.8,0.3,1169.0
57359,2019-09-17 13:35:00,30.1,1013.3,68,32,5.7,0.4,1285.1
57363,2019-09-17 13:35:00,15.2,1001.0,49,146,8.6,0.8,1190.2
57378,2019-09-17 13:35:00,22.3,1012.2,80,18,0.7,0.3,1160.2
57381,2019-09-17 13:35:00,13.5,1022.5,37,189,4.7,0.6,1260.8
57395,2019-09-17 13:35:00,19.6,1005.4,69,306,6.8,1.2,1436.4
57399,2019-09-17 13:35:00,12.6,1021.0,31,116,6.2,0.7,1418.1
57439,2019-09-17 13:35:00,11.1,1014.8,10,271,13.8,1.2,1160.4
57445,2019-09-17 13:35:00,12.1,1017.5,77,318,10.2,0.4,1055.5
57447,2019-09-17 13:35:00,9.2,1002.2,84,106,13.8,0.0,1108.1
57458,2019-09-17 13:35:00,24.9,1024.7,64,195,13.4,0.5,1482.8
57461,2019-09-17 13:35:00,18.3,1017.1,39,330,8.0,0.0,1228.4
57476,2019-09-17 13:35:00,20.9,1018.8,4,265,10.0,1.1,1005.2
57482,2019-09-17 13:35:00,23.8,1018.7,11,283,7.6,0.2,1482.4
57483,2019-09-17 13:35:00,12.3,1022.5,7,75,14.4,0.1,1235.4
57493,2019-09-17 13:35:00,5.0,1018.4,28,107,14.3,0.5,1041.3
57494,2019-09-17 13:35:00,21.7,1005.7,12,201,10.8,1.0,1249.8
57545,2019-09-17 13:35:00,0.5,1004.4,63,35,14.6,0.4,1137.7
57573,2019-09-17 13:35:00,26.9,1020.5,13,302,7.2,0.6,1404.1
57581,2019-09-17 13:35:00,5.1,1000.7,33,217,10.3,0.7,1196.0
57583,2019-09-17 13:35:00,23.4,1008.4,7,199,9.8,0.1,1095.3
57595,2019-09-17 13:35:00,17.6,1011.0,24,227,3.4,0.5,1284.5
58402,2019-09-17 13:35:00,0.7,1009.1,53,139,8.4,0.0,1421.8
58407,2019-09-17 13:35:00,16.2,1021.2,72,95,7.1,0.3,1464.2
58500,2019-09-17 13:35:00,9.1,1019.2,1,323,9.8,1.4,1326.6
57554,2019-09-17 13:35:00,28.3,1001.5,8,343,6.0,0.6,1330.1
57562,2019-09-17 13:35:00,11.9,1010.7,5,71,12.9,1.2,1108.6
57574,2019-09-17 13:35:00,29.2,1009.0,45,301,0.9,0.7,1201.7
57584,2019-09-17 13:35:00,32.1,1008.2,25,68,13.9,0.9,1380.8
57642,2019-09-17 13:35:00,28.5,1005.3,27,216,0.9,1.4,1053.5
57649,2019-09-17 13:35:00,13.3,1009.8,14,28,8.8,0.9,1337.6
57655,2019-09-17 13:35:00,7.6,1003.2,42,242,10.4,0.1,1179.5
57662,2019-09-17 13:35:00,12.0,1021.2,57,135,2.5,0.0,1023.9
57669,2019-09-17 13:35:00,21.3,1023.2,87,326,4.1,1.3,1444.8
57671,2019-09-17 13:35:00,13.4,1017.6,34,321,11.9,1.4,1412.1
57673,2019-09-17 13:35:00,15.9,1012.5,93,116,9.4,1.4,1081.2
57679,2019-09-17 13:35:00,7.9,1000.6,19,253,12.6,1.0,1374.9
57682,2019-09-17 13:35:00,20.3,1012.1,16,299,1.4,0.9,1361.3
57687,2019-09-17 13:35:00,5.8,1018.6,20,37,11.7,1.2,1111.2
57745,2019-09-17 13:35:00,23.8,1021.0,73,8,11.7,1.2,1413.7
57749,2019-09-17 13:35:00,12.2,1000.2,88,253,2.6,0.9,1007.5
57752,2019-09-17 13:35:00,24.9,1018.3,39,317,14.2,1.3,1077.5
57758,2019-09-17 13:35:00,29.1,1026.4,55,23,7.1,0.1,1453.4
57761,2019-09-17 13:35:00,5.7,1010.8,3,311,2.8,0.6,1069.2
57766,2019-09-17 13:35:00,24.8,1000.3,10,80,4.7,0.8,1315.0
57774,2019-09-17 13:35:00,12.5,1022.6,52,329,9.1,0.5,1159.8
57776,2019-09-17 13:35:00,17.6,1001.9,16,141,0.0,0.1,1199.4
57779,2019-09-17 13:35:00,26.7,1004.6,77,244,2.4,1.1,1253.6
57780,2019-09-17 13:35:00,32.9,1010.2,28,251,5.2,0.8,1465.1
57841,2019-09-17 13:35:00,12.4,1018.2,37,337,14.3,0.7,1091.1
57845,2019-09-17 13:35:00,26.7,1009.0,98,100,12.4,0.0,1486.1
57853,2019-09-17 13:35:00,28.1,1011.0,19,180,8.2,1.4,1431.6
57857,2019-09-17 13:35:00,2.8,1008.7,64,301,3.5,0.7,1368.4
57860,2019-09-17 13:35:00,26.4,1014.6,76,89,6.8,1.1,1267.4
57866,2019-09-17 13:35:00,11.2,1020.0,27,108,13.0,0.7,1270.4
57872,2019-09-17 13:35:00,4.8,1018.0,30,123,7.5,0.7,1002.7
57874,2019-09-17 13:35:00,25.7,1002.4,100,338,12.1,0.2,1231.7
57889,2019-09-17 13:35:00,13.0,1010.7,45,26,3.9,1.1,1024.1
57965,2019-09-17 13:35:00,27.8,1020.3,55,101,8.3,0.4,1140.9
57972,2019-09-17 13:35:00,15.4,1011.6,90,92,9.6,1.0,1399.5
57974,2019-09-17 13:35:00,34.9,1010.5,91,155,11.4,0.5,1293.5
50936,2019-09-17 13:35:00,20.3,1014.9,85,226,6.3,1.2,1381.4
50945,2019-09-17 13:35:00,21.0,1018.2,80,172,13.5,1.4,1102.3
50948,2019-09-17 13:35:00,33.5,1010.6,55,64,2.2,1.1,1331.6
50949,2019-09-17 13:35:00,18.5,1019.0,65,184,8.5,0.3,1480.9
54041,2019-09-17 13:35:00,18.8,1001.1,85,239,5.0,0.4,1391.6
54049,2019-09-17 13:35:00,2.1,1017.1,82,148,10.3,1.2,1025.7
54063,2019-09-17 13:35:00,12.4,1025.8,14,88,6.5,1.1,1187.2
54064,2019-09-17 13:35:00,12.1,1005.4,3,190,3.0,0.2,1153.3
54142,2019-09-17 13:35:00,24.8,1015.1,86,59,6.8,0.1,1333.4
54157,2019-09-17 13:35:00,21.5,1023.1,48,216,14.2,0.8,1055.7
54161,2019-09-17 13:35:00,32.0,1015.0,38,55,8.9,1.5,1433.2
54165,2019-09-17 13:35:00,4.4,1020.7,90,255,13.9,1.5,1402.1
54171,2019-09-17 13:35:00,10.7,1023.2,64,328,3.1,1.2,1282.9
54181,2019-09-17 13:35:00,2.8,1013.6,18,171,6.3,0.0,1264.7
54186,2019-09-17 13:35:00,1.6,1022.2,66,353,8.5,1.4,1029.7
54195,2019-09-17 13:35:00,9.7,1016.2,33,312,13.2,0.1,1102.9
54260,2019-09-17 13:35:00,12.7,1023.9,86,342,12.4,0.8,1316.1
54263,2019-09-17 13:35:00,20.9,1003.1,91,246,2.2,0.7,1247.9
54266,2019-09-17 13:35:00,4.0,1009.4,90,343,6.8,0.6,1373.8
54273,2019-09-17 13:35:00,31.0,1025.6,85,281,6.8,0.1,1206.0
54276,2019-09-17 13:35:00,11.3,1018.7,94,283,5.9,0.6,1495.5
54284,2019-09-17 13:35:00,32.1,1007.5,1,150,8.1,1.0,1239.8
54285,2019-09-17 13:35:00,1.1,1026.1,78,211,12.7,0.3,1131.3
54286,2019-09-17 13:35:00,14.9,1021.0,83,63,13.6,1.1,1463.8
54292,2019-09-17 13:35:00,20.5,1024.3,51,307,13.2,0.3,1347.7
54363,2019-09-17 13:35:00,33.5,1011.3,1,6,5.4,0.8,1106.5
54374,2019-09-17 13:35:00,29.7,1019.2,65,81,4.6,1.4,1065.9
54377,2019-09-17 13:35:00,14.4,1016.8,20,23,13.8,1.0,1319.2
54386,2019-09-17 13:35:00,13.5,1000.6,65,322,0.9,0.2,1236.7
58026,2019-09-17 13:35:00,5.8,1016.5,25,25,3.5,1.3,1490.0
58027,2019-09-17 13:35:00,8.1,1012.2,81,179,7.2,1.2,1233.3
58038,2019-09-17 13:35:00,2.8,1004.5,6,73,0.5,0.9,1238.0
58040,2019-09-17 13:35:00,21.1,1001.4,97,103,5.0,0.0,1188.1
58047,2019-09-17 13:35:00,20.1,1012.1,99,304,3.6,0.3,1116.7
58130,2019-09-17 13:35:00,15.3,1025.5,54,63,2.9,1.3,1385.4
58135,2019-09-17 13:35:00,6.2,1019.9,16,241,2.2,0.8,1215.5
58138,2019-09-17 13:35:00,21.9,1005.2,85,5,2.6,0.4,1435.6
58141,2019-09-17 13:35:00,5.5,1015.4,6,29,2.0,1.2,1186.1
58143,2019-09-17 13:35:00,17.8,1020.1,36,23,8.3,0.8,1289.1
58150,2019-09-17 13:35:00,26.6,1021.3,42,266,10.5,0.0,1064.2
58158,2019-09-17 13:35:00,31.4,1025.3,55,18,2.8,0.2,1103.2
58238,2019-09-17 13:35:00,13.5,1004.4,85,243,11.8,1.0,1228.2
58241,2019-09-17 13:35:00,21.5,1024.3,19,240,13.1,0.6,1325.7
58251,2019-09-17 13:35:00,13.7,1024.4,82,160,12.0,0.6,1216.7
58252,2019-09-17 13:35:00,23.2,1003.2,39,6,6.3,0.4,1165.4
58255,2019-09-17 13:35:00,13.9,1022.0,1,47,11.1,1.3,1454.2
58259,2019-09-17 13:35:00,22.8,1004.4,56,353,2.7,0.1,1498.5
58265,2019-09-17 13:35:00,21.0,1004.4,9,86,2.6,1.3,1444.3
58343,2019-09-17 13:35:00,26.9,1005.1,58,85,5.0,1.5,1246.5
58345,2019-09-17 13:35:00,4.5,1023.2,100,346,2.4,1.2,1426.2
58354,2019-09-17 13:35:00,7.1,1008.9,89,200,6.8,1.5,1325.9
58356,2019-09-17 13:35:00,20.7,1018.1,19,327,10.2,0.2,1027.3
58358,2019-09-17 13:35:00,21.8,1026.4,44,296,13.5,1.2,1007.5
57598,2019-09-17 13:35:00,28.0,1023.0,85,343,8.5,0.4,1032.2
57696,2019-09-17 13:35:00,11.2,1001.5,69,289,12.9,0.0,1206.7
57789,2019-09-17 13:35:00,24.9,1022.6,63,238,12.9,1.2,1169.7
57793,2019-09-17 13:35:00,23.7,1008.5,43,240,8.0,1.3,1005.9
57799,2019-09-17 13:35:00,31.8,1016.1,91,175,8.1,1.4,1118.6
57894,2019-09-17 13:35:00,4.3,1000.2,74,118,10.4,0.5,1338.6
57896,2019-09-17 13:35:00,32.1,1015.3,50,316,0.9,1.1,1335.9
57993,2019-09-17 13:35:00,20.1,1007.1,92,160,5.6,0.9,1085.1
58506,2019-09-17 13:35:00,23.0,1018.6,69,126,5.9,1.4,1294.5
58507,2019-09-17 13:35:00,28.8,1018.2,25,179,10.1,1.3,1479.2
58519,2019-09-17 13:35:00,28.7,1012.2,69,93,14.6,0.9,1105.2
58527,2019-09-17 13:35:00,32.9,1004.8,65,196,2.9,1.2,1288.5
58600,2019-09-17 13:35:00,26.9,1013.8,49,176,11.6,0.4,1346.2
58606,2019-09-17 13:35:00,24.7,1014.6,48,68,11.8,0.0,1435.5
58608,2019-09-17 13:35:00,17.8,1012.1,21,49,11.6,0.0,1336.5
58622,2019-09-17 13:35:00,19.3,1002.0,54,117,14.3,1.3,1192.1
58626,2019-09-17 13:35:00,29.9,1001.2,82,143,2.3,0.9,1252.4
58634,2019-09-17 13:35:00,31.3,1001.2,26,217,13.3,0.9,1092.2
58637,2019-09-17 13:35:00,18.9,1025.7,69,176,7.0,0.4,1094.3
58705,2019-09-17 13:35:00,10.2,1013.0,82,230,4.0,0.2,1391.2
58715,2019-09-17 13:35:00,23.5,1025.0,34,1,13.5,1.1,1080.2
58718,2019-09-17 13:35:00,28.1,1013.8,17,259,0.2,0.6,1184.8
58806,2019-09-17 13:35:00,4.5,1012.7,6,340,1.6,0.5,1444.7
58813,2019-09-17 13:35:00,5.1,1016.3,76,325,14.4,0.8,1161.2
59092,2019-09-17 13:35:00,12.2,1020.7,96,194,9.7,0.5,1460.0
59102,2019-09-17 13:35:00,15.2,1013.8,65,82,14.8,1.3,1466.9
54236,2019-09-17 13:35:00,11.5,1009.5,63,338,14.4,0.4,1228.7
54237,2019-09-17 13:35:00,28.3,1026.3,49,208,5.7,1.1,1199.2
54243,2019-09-17 13:35:00,31.9,1022.1,6,61,2.5,0.8,1376.8
54254,2019-09-17 13:35:00,6.3,1019.3,56,9,13.1,0.7,1394.0
54259,2019-09-17 13:35:00,23.3,1004.2,98,33,2.9,1.2,1028.2
54324,2019-09-17 13:35:00,25.2,1026.0,55,227,12.3,0.6,1039.1
54326,2019-09-17 13:35:00,34.3,1016.2,14,5,6.0,1.0,1486.5
54333,2019-09-17 13:35:00,33.4,1009.6,47,200,10.6,1.3,1186.5
54334,2019-09-17 13:35:00,15.4,1014.3,73,232,7.7,0.6,1146.5
54335,2019-09-17 13:35:00,27.2,1010.2,81,2,6.2,1.5,1280.1
54337,2019-09-17 13:35:00,1.8,1023.4,59,200,11.7,0.3,1168.5
54339,2019-09-17 13:35:00,0.1,1015.4,37,165,1.7,0.3,1399.8
54342,2019-09-17 13:35:00,29.7,1009.6,47,143,5.9,1.0,1234.0
54346,2019-09-17 13:35:00,25.4,1001.0,93,56,12.2,0.5,1121.4
54349,2019-09-17 13:35:00,19.4,1001.0,53,24,4.9,0.2,1062.1
54351,2019-09-17 13:35:00,1.4,1005.8,54,268,3.4,1.4,1493.7
54353,2019-09-17 13:35:00,18.4,1009.0,43,166,11.3,0.4,1425.0
54365,2019-09-17 13:35:00,29.6,1017.8,30,62,0.1,1.4,1141.4
54452,2019-09-17 13:35:00,11.4,1005.7,41,262,0.9,0.9,1178.6
54454,2019-09-17 13:35:00,34.7,1005.2,83,209,14.5,1.1,1100.3
54455,2019-09-17 13:35:00,6.5,1022.4,95,42,5.6,0.4,1156.9
54470,2019-09-17 13:35:00,11.9,1023.1,56,35,8.4,1.2,1370.9
54471,2019-09-17 13:35:00,26.9,1002.8,68,231,10.7,1.5,1480.2
54472,2019-09-17 13:35:00,7.7,1004.2,64,317,1.0,0.1,1381.8
54476,2019-09-17 13:35:00,24.6,1009.4,88,139,6.6,0.9,1445.7
54486,2019-09-17 13:35:00,14.6,1009.9,87,164,14.5,1.3,1287.6
54493,2019-09-17 13:35:00,5.6,1008.6,1,209,3.6,0.7,1218.1
54497,2019-09-17 13:35:00,1.8,1013.2,10,102,13.1,0.8,1211.2
54563,2019-09-17 13:35:00,9.7,1024.9,2,281,5.3,0.4,1485.1
54579,2019-09-17 13:35:00,10.1,1009.3,66,84,9.2,0.0,1025.8
54584,2019-09-17 13:35:00,16.6,1025.3,33,203,2.1,0.0,1006.8
54660,2019-09-17 13:35:00,3.1,1009.7,77,254,8.1,0.9,1023.7
54662,2019-09-17 13:35:00,16.4,1004.9,13,98,12.8,0.1,1472.6
50425,2019-09-17 13:35:00,20.5,1005.9,52,323,2.7,0.8,1054.3
50434,2019-09-17 13:35:00,18.4,1000.3,40,213,11.4,0.7,1093.2
50514,2019-09-17 13:35:00,17.7,1014.6,81,305,5.8,0.8,1082.9
50527,2019-09-17 13:35:00,2.0,1003.5,21,13,10.4,1.2,1082.5
50548,2019-09-17 13:35:00,18.4,1021.2,23,316,10.3,0.9,1396.7
50603,2019-09-17 13:35:00,7.2,1026.4,71,85,6.4,1.3,1253.0
50618,2019-09-17 13:35:00,24.1,1016.0,8,14,9.1,1.5,1245.3
50632,2019-09-17 13:35:00,19.5,1021.3,64,332,4.3,1.1,1073.9
50639,2019-09-17 13:35:00,3.1,1015.7,62,80,11.6,0.3,1414.1
50727,2019-09-17 13:35:00,30.5,1001.1,20,215,10.5,0.9,1030.4
50834,2019-09-17 13:35:00,22.9,1005.3,83,10,3.8,0.1,1481.9
50838,2019-09-17 13:35:00,10.9,1003.4,28,14,12.7,1.4,1013.4
50915,2019-09-17 13:35:00,15.5,1002.0,28,78,14.2,0.4,1219.1
50924,2019-09-17 13:35:00,22.4,1024.1,52,133,8.7,0.7,1207.3
52267,2019-09-17 13:35:00,8.8,1001.7,1,45,11.7,0.6,1253.3
52495,2019-09-17 13:35:00,21.8,1017.9,84,28,0.3,1.5,1079.2
52576,2019-09-17 13:35:00,4.1,1000.6,1,52,2.7,0.0,1124.5
53068,2019-09-17 13:35:00,0.5,1019.8,27,292,14.4,0.5,1397.8
53083,2019-09-17 13:35:00,31.0,1026.0,6,189,1.5,0.5,1165.8
53149,2019-09-17 13:35:00,21.0,1021.7,15,40,6.8,1.0,1189.5
53192,2019-09-17 13:35:00,19.2,1026.4,4,215,11.2,1.1,1060.1
53195,2019-09-17 13:35:00,3.8,1007.3,35,285,0.4,0.0,1091.1
53276,2019-09-17 13:35:00,11.8,1011.0,68,94,4.2,0.0,1207.1
53336,2019-09-17 13:35:00,23.4,1007.7,63,92,7.6,0.1,1057.4
53352,2019-09-17 13:35:00,16.9,1016.0,65,251,3.6,0.7,1405.1
53362,2019-09-17 13:35:00,15.7,1018.3,38,160,5.8,1.2,1179.0
53367,2019-09-17 13:35:00,23.0,1005.9,7,203,12.4,0.9,1080.5
53391,2019-09-17 13:35:00,32.9,1022.8,65,156,13.0,0.3,1097.8
53446,2019-09-17 13:35:00,19.5,1016.4,57,184,7.9,0.5,1384.9
53463,2019-09-17 13:35:00,16.9,1018.0,54,45,1.5,0.2,1496.4
53480,2019-09-17 13:35:00,23.6,1012.4,15,68,9.9,0.1,1240.5
53502,2019-09-17 13:35:00,16.3,1024.9,53,202,4.4,1.3,1135.3
53513,2019-09-17 13:35:00,18.0,1019.4,44,94,0.0,0.4,1045.3
53529,2019-09-17 13:35:00,3.8,1026.3,66,358,1.3,0.6,1196.9
53543,2019-09-17 13:35:00,5.9,1012.8,74,275,12.7,1.1,1034.1
53547,2019-09-17 13:35:00,17.6,1019.5,100,104,0.7,0.7,1432.9
53602,2019-09-17 13:35:00,1.2,1007.0,70,128,11.6,0.9,1419.1
54012,2019-09-17 13:35:00,30.5,1007.0,54,307,9.0,1.4,1354.2
54026,2019-09-17 13:35:00,5.0,1003.6,62,296,5.6,1.4,1162.7
54027,2019-09-17 13:35:00,5.4,1016.1,40,312,3.4,1.0,1491.4
54102,2019-09-17 13:35:00,25.4,1025.1,15,32,6.4,0.4,1350.8
54115,2019-09-17 13:35:00,2.1,1012.6,84,19,11.8,0.4,1102.2
54134,2019-09-17 13:35:00,15.1,1024.8,45,3,0.1,0.5,1479.4
54135,2019-09-17 13:35:00,30.6,1019.1,44,323,11.4,0.2,1031.8
54208,2019-09-17 13:35:00,26.2,1008.7,76,39,1.4,0.5,1233.2
54213,2019-09-17 13:35:00,31.0,1011.4,5,70,3.0,1.5,1070.7
54218,2019-09-17 13:35:00,11.0,1013.4,9,160,9.0,0.0,1120.0
54226,2019-09-17 13:35:00,1.9,1012.1,77,171,0.2,0.7,1477.9
53519,2019-09-17 13:35:00,10.7,1023.6,6,287,7.8,1.2,1435.6
53612,2019-09-17 13:35:00,33.3,1007.3,43,184,0.3,1.5,1277.3
53614,2019-09-17 13:35:00,18.7,1015.0,97,98,7.0,0.8,1379.8
53615,2019-09-17 13:35:00,24.1,1009.0,75,213,2.1,0.6,1284.2
53704,2019-09-17 13:35:00,4.2,1016.4,3,274,8.0,0.7,1077.4
53705,2019-09-17 13:35:00,10.5,1020.6,20,115,1.5,0.6,1302.1
53723,2019-09-17 13:35:00,26.8,1012.8,19,57,10.3,1.1,1217.7
53806,2019-09-17 13:35:00,33.6,1025.3,47,197,3.4,0.4,1332.4
53810,2019-09-17 13:35:00,18.8,1024.3,100,303,9.9,0.2,1127.9
53817,2019-09-17 13:35:00,31.8,1020.3,39,351,0.5,0.1,1034.7
53903,2019-09-17 13:35:00,24.9,1004.3,31,202,3.8,0.0,1257.3
53910,2019-09-17 13:35:00,14.2,1001.5,100,269,3.9,1.3,1418.4
51886,2019-09-17 13:35:00,4.4,1002.0,51,52,9.0,0.1,1211.7
52602,2019-09-17 13:35:00,33.7,1012.0,45,142,11.9,0.6,1357.6
52633,2019-09-17 13:35:00,4.3,1011.6,65,308,11.9,0.6,1489.9
52645,2019-09-17 13:35:00,10.8,1007.0,94,52,11.2,0.8,1415.0
52657,2019-09-17 13:35:00,0.5,1016.2,81,148,0.5,1.0,1142.6
52707,2019-09-17 13:35:00,22.2,1022.9,81,81,13.9,0.1,1440.8
52713,2019-09-17 13:35:00,3.6,1010.3,82,14,5.9,1.4,1448.0
52737,2019-09-17 13:35:00,3.0,1024.7,25,291,8.9,0.2,1466.7
52754,2019-09-17 13:35:00,27.7,1006.7,69,127,5.2,1.3,1327.6
52765,2019-09-17 13:35:00,21.1,1021.3,2,98,1.7,0.1,1111.2
52818,2019-09-17 13:35:00,1.0,1016.0,64,287,7.4,0.8,1203.6
52825,2019-09-17 13:35:00,12.5,1007.2,37,56,3.7,0.9,1323.1
52833,2019-09-17 13:35:00,10.8,1026.1,55,140,9.3,0.3,1083.3
52836,2019-09-17 13:35:00,13.4,1009.6,77,156,0.9,1.3,1266.1
52842,2019-09-17 13:35:00,18.4,1012.2,15,86,2.3,1.3,1260.8
52856,2019-09-17 13:35:00,9.7,1008.6,8,4,7.0,1.2,1129.4
52866,2019-09-17 13:35:00,19.1,1021.7,13,46,8.8,1.1,1165.7
52868,2019-09-17 13:35:00,27.8,1023.2,59,123,7.0,0.6,1499.6
52876,2019-09-17 13:35:00,22.7,1010.0,7,240,12.8,0.9,1149.0
52908,2019-09-17 13:35:00,29.2,1003.9,53,270,13.0,1.5,1385.0
52943,2019-09-17 13:35:00,8.2,1009.7,88,120,6.4,0.0,1149.8
52955,2019-09-17 13:35:00,10.5,1000.9,18,310,1.3,0.7,1091.1
52974,2019-09-17 13:35:00,11.6,1019.9,17,116,2.9,0.7,1063.6
56004,2019-09-17 13:35:00,30.7,1018.3,76,30,0.4,0.7,1279.1
56018,2019-09-17 13:35:00,0.7,1000.6,100,260,14.8,0.6,1167.3
56021,2019-09-17 13:35:00,26.2,1000.8,100,131,0.9,1.2,1209.5
56029,2019-09-17 13:35:00,15.5,1019.8,39,217,10.7,0.3,1424.3
56033,2019-09-17 13:35:00,22.2,1012.0,4,286,13.0,0.6,1450.6
56034,2019-09-17 13:35:00,26.3,1000.8,22,43,14.9,0.8,1226.2
56043,2019-09-17 13:35:00,29.2,1007.4,17,66,14.9,0.7,1244.0
56046,2019-09-17 13:35:00,16.0,1004.5,4,225,2.8,0.2,1286.5
56065,2019-09-17 13:35:00,5.9,1013.1,22,227,3.1,1.2,1423.7
56067,2019-09-17 13:35:00,34.2,1023.7,35,9,11.2,0.0,1478.1
56125,2019-09-17 13:35:00,21.0,1024.0,89,213,9.1,0.8,1158.5
56151,2019-09-17 13:35:00,17.6,1009.1,22,84,10.6,1.3,1432.9
54715,2019-09-17 13:35:00,5.8,1008.6,85,225,2.2,0.9,1372.0
54725,2019-09-17 13:35:00,8.7,1009.1,30,220,3.6,1.2,1490.6
54727,2019-09-17 13:35:00,5.2,1023.9,95,342,10.6,1.5,1274.2
54744,2019-09-17 13:35:00,9.0,1020.2,59,273,6.1,0.8,1130.8
54751,2019-09-17 13:35:00,18.2,1007.2,39,114,13.0,1.1,1485.2
54753,2019-09-17 13:35:00,7.4,1026.2,36,339,6.6,1.3,1161.5
54764,2019-09-17 13:35:00,12.0,1013.8,49,10,0.7,1.5,1434.3
54774,2019-09-17 13:35:00,26.7,1024.3,92,213,1.7,0.6,1335.7
54776,2019-09-17 13:35:00,16.5,1023.5,56,238,8.9,1.4,1204.1
54808,2019-09-17 13:35:00,12.6,1025.1,37,191,10.3,1.1,1204.0
54823,2019-09-17 13:35:00,9.2,1016.8,62,113,12.3,1.3,1074.9
54826,2019-09-17 13:35:00,20.8,1022.1,41,296,3.4,0.0,1201.0
54836,2019-09-17 13:35:00,25.6,1016.9,21,340,6.6,1.5,1308.9
54842,2019-09-17 13:35:00,21.5,1014.1,84,134,9.2,0.7,1004.1
54843,2019-09-17 13:35:00,26.9,1019.4,80,19,13.5,0.8,1349.4
54857,2019-09-17 13:35:00,14.7,1001.8,74,291,6.0,0.5,1427.5
54863,2019-09-17 13:35:00,5.2,1007.2,1,108,13.3,1.2,1252.0
54909,2019-09-17 13:35:00,18.7,1026.3,12,294,2.1,0.6,1088.8
54916,2019-09-17 13:35:00,20.2,1008.7,30,316,1.2,0.8,1414.9
54929,2019-09-17 13:35:00,10.9,1005.2,33,247,10.6,1.3,1299.8
54936,2019-09-17 13:35:00,34.7,1000.1,38,12,7.0,0.6,1053.3
54945,2019-09-17 13:35:00,28.5,1026.2,95,155,6.2,0.5,1279.1
58034,2019-09-17 13:35:00,28.6,1017.7,43,272,1.9,0.0,1190.0
53478,2019-09-17 13:35:00,15.8,1007.4,8,132,3.9,0.0,1452.1
53487,2019-09-17 13:35:00,5.6,1025.9,43,295,12.2,0.4,1388.7
53490,2019-09-17 13:35:00,15.8,1014.2,93,261,3.6,0.6,1166.7
53564,2019-09-17 13:35:00,16.8,1011.4,19,227,9.8,0.9,1094.6
53578,2019-09-17 13:35:00,16.0,1006.4,12,283,7.3,0.2,1054.5
53579,2019-09-17 13:35:00,20.3,1011.7,32,241,1.2,0.2,1418.5
53588,2019-09-17 13:35:00,6.9,1006.1,61,281,8.0,0.8,1258.2
53594,2019-09-17 13:35:00,4.2,1008.8,40,199,8.7,0.1,1017.7
53663,2019-09-17 13:35:00,32.3,1013.4,98,76,11.3,1.2,1358.1
53664,2019-09-17 13:35:00,27.8,1023.4,100,103,14.1,1.0,1400.3
53673,2019-09-17 13:35:00,18.4,1009.6,98,2,6.4,0.5,1227.0
53687,2019-09-17 13:35:00,17.2,1019.5,59,215,10.5,0.9,1497.1
53764,2019-09-17 13:35:00,11.4,1020.0,94,219,3.5,0.6,1347.5
53772,2019-09-17 13:35:00,1.0,1024.9,48,117,13.0,1.4,1392.4
53775,2019-09-17 13:35:00,7.0,1023.8,63,109,3.5,1.5,1071.7
53787,2019-09-17 13:35:00,2.2,1023.2,47,258,12.9,0.4,1252.2
53853,2019-09-17 13:35:00,34.8,1012.5,100,336,11.6,0.0,1150.7
53859,2019-09-17 13:35:00,8.0,1001.8,95,261,8.4,0.1,1478.4
53863,2019-09-17 13:35:00,34.9,1016.6,85,327,7.0,0.6,1330.4
53868,2019-09-17 13:35:00,20.2,1019.2,40,188,7.4,1.4,1228.3
53877,2019-09-17 13:35:00,33.2,1018.6,72,77,5.4,0.7,1071.4
53882,2019-09-17 13:35:00,31.5,1000.5,25,125,5.0,1.1,1347.7
53884,2019-09-17 13:35:00,15.9,1014.4,70,92,5.6,1.3,1174.3
53959,2019-09-17 13:35:00,27.1,1008.3,9,57,1.1,0.4,1324.9
53963,2019-09-17 13:35:00,1.7,1006.5,57,161,3.8,1.1,1181.6
53968,2019-09-17 13:35:00,29.6,1019.2,97,44,7.0,1.2,1365.9
53975,2019-09-17 13:35:00,17.7,1008.6,21,209,5.6,0.9,1188.2
57052,2019-09-17 13:35:00,28.1,1008.2,54,12,0.2,0.2,1396.6
53646,2019-09-17 13:35:00,18.2,1008.4,27,263,5.6,1.4,1374.5
53651,2019-09-17 13:35:00,30.1,1003.4,75,209,6.6,1.0,1313.6
53725,2019-09-17 13:35:00,4.4,1005.8,48,159,3.4,1.1,1099.2
53735,2019-09-17 13:35:00,29.2,1023.8,82,186,5.7,1.5,1105.3
53738,2019-09-17 13:35:00,5.1,1004.4,80,177,6.5,0.6,1142.4
53740,2019-09-17 13:35:00,12.1,1010.5,77,267,0.6,1.5,1484.4
53754,2019-09-17 13:35:00,7.4,1026.3,63,73,1.6,0.9,1024.5
53845,2019-09-17 13:35:00,2.1,1023.3,45,313,8.8,0.6,1422.3
53854,2019-09-17 13:35:00,29.0,1020.1,51,258,6.0,0.6,1045.3
53929,2019-09-17 13:35:00,1.5,1002.3,69,260,13.0,1.2,1162.5
53942,2019-09-17 13:35:00,10.7,1000.0,77,82,2.1,1.4,1302.0
53948,2019-09-17 13:35:00,21.4,1008.6,53,28,3.1,1.2,1048.1
53955,2019-09-17 13:35:00,17.6,1010.2,87,295,13.5,0.4,1423.1
57003,2019-09-17 13:35:00,27.7,1000.8,62,274,0.6,0.9,1199.5
57025,2019-09-17 13:35:00,13.2,1001.3,95,86,2.1,0.2,1064.3
57028,2019-09-17 13:35:00,5.4,1022.7,68,131,6.5,0.7,1197.8
57030,2019-09-17 13:35:00,7.2,1018.6,7,5,8.8,0.0,1324.1
57034,2019-09-17 13:35:00,7.4,1017.0,7,171,5.1,0.3,1246.6
57037,2019-09-17 13:35:00,5.1,1001.0,73,28,12.4,1.0,1249.6
57046,2019-09-17 13:35:00,10.7,1008.8,67,321,10.2,1.4,1394.7
57048,2019-09-17 13:35:00,22.4,1007.3,45,53,12.1,1.0,1445.1
57049,2019-09-17 13:35:00,17.8,1007.1,13,358,7.7,0.6,1367.0
57106,2019-09-17 13:35:00,0.5,1000.7,8,27,9.2,1.2,1261.5
57124,2019-09-17 13:35:00,0.1,1008.5,63,315,3.9,0.5,1359.2
57127,2019-09-17 13:35:00,33.6,1021.0,34,91,2.0,1.3,1359.1
57131,2019-09-17 13:35:00,11.5,1021.0,56,194,7.6,1.1,1430.8
57134,2019-09-17 13:35:00,0.1,1019.5,54,175,8.2,0.9,1413.7
57140,2019-09-17 13:35:00,16.3,1012.7,12,75,4.7,0.5,1289.9
57143,2019-09-17 13:35:00,31.8,1004.9,72,70,2.1,0.4,1378.2
57144,2019-09-17 13:35:00,5.1,1017.8,18,184,11.5,1.3,1076.9
57154,2019-09-17 13:35:00,15.1,1006.7,35,141,8.4,0.3,1215.6
57211,2019-09-17 13:35:00,17.3,1007.4,13,265,10.1,0.3,1142.6
57232,2019-09-17 13:35:00,24.9,1013.5,55,99,0.7,0.5,1138.5
57238,2019-09-17 13:35:00,30.4,1022.1,63,310,11.5,0.4,1150.3
57245,2019-09-17 13:35:00,28.8,1002.0,49,16,14.9,0.2,1080.9
57343,2019-09-17 13:35:00,34.9,1007.1,68,234,8.0,1.1,1444.2
58362,2019-09-17 13:35:00,13.5,1002.1,44,105,0.6,0.2,1316.3
56038,2019-09-17 13:35:00,8.0,1009.0,99,34,0.7,0.0,1067.1
56079,2019-09-17 13:35:00,29.4,1008.9,24,328,10.1,0.7,1471.6
56144,2019-09-17 13:35:00,21.8,1010.8,16,259,3.4,1.0,1123.1
56146,2019-09-17 13:35:00,26.5,1001.8,46,182,2.1,0.8,1136.8
56152,2019-09-17 13:35:00,26.4,1018.3,17,3,11.4,1.0,1491.3
56167,2019-09-17 13:35:00,4.4,1023.8,6,39,2.3,1.2,1199.0
56172,2019-09-17 13:35:00,21.7,1015.2,93,307,11.2,1.5,1243.5
56173,2019-09-17 13:35:00,13.5,1006.3,13,184,0.6,0.5,1025.6
56178,2019-09-17 13:35:00,32.7,1024.9,59,347,14.0,0.2,1250.8
56182,2019-09-17 13:35:00,19.1,1005.0,92,269,1.9,0.8,1107.0
56187,2019-09-17 13:35:00,25.2,1008.2,36,98,8.1,1.2,1459.8
56188,2019-09-17 13:35:00,24.7,1015.1,17,301,13.5,0.8,1192.6
56196,2019-09-17 13:35:00,5.8,1025.4,77,213,14.1,1.1,1306.5
56247,2019-09-17 13:35:00,23.0,1000.9,35,77,0.0,0.9,1198.4
56251,2019-09-17 13:35:00,12.2,1018.5,47,23,0.2,0.1,1342.8
56257,2019-09-17 13:35:00,11.3,1003.8,84,358,0.7,0.4,1350.1
56287,2019-09-17 13:35:00,6.7,1022.0,30,305,7.2,1.3,1212.3
56357,2019-09-17 13:35:00,9.9,1010.0,91,336,0.0,0.4,1362.0
56374,2019-09-17 13:35:00,26.2,1001.3,52,33,12.9,0.5,1213.6
56385,2019-09-17 13:35:00,1.2,1021.7,74,349,4.8,0.9,1240.8
56386,2019-09-17 13:35:00,32.5,1008.9,20,347,4.1,0.8,1002.3
56459,2019-09-17 13:35:00,23.4,1022.0,44,288,14.6,0.9,1274.6
56462,2019-09-17 13:35:00,8.4,1008.4,10,92,6.7,0.4,1072.3
56475,2019-09-17 13:35:00,20.0,1017.6,18,312,4.4,0.6,1228.7
56479,2019-09-17 13:35:00,1.4,1009.4,1,177,6.0,0.7,1282.9
56485,2019-09-17 13:35:00,7.9,1015.9,81,169,7.5,1.1,1157.2
56492,2019-09-17 13:35:00,6.0,1007.1,27,351,7.5,0.8,1290.7
56565,2019-09-17 13:35:00,6.5,1011.0,53,113,6.2,1.3,1450.3
56571,2019-09-17 13:35:00,20.5,1025.6,31,10,1.3,1.4,1072.4
56666,2019-09-17 13:35:00,23.2,1015.2,44,77,2.1,1.5,1153.7
56671,2019-09-17 13:35:00,23.2,1004.1,98,301,6.4,0.3,1269.9
57206,2019-09-17 13:35:00,9.1,1002.1,20,145,6.2,1.5,1131.8
57237,2019-09-17 13:35:00,1.9,1002.7,8,132,0.6,0.1,1005.2
57306,2019-09-17 13:35:00,34.6,1015.0,82,2,12.2,0.0,1107.4
57313,2019-09-17 13:35:00,13.2,1009.1,72,14,5.2,0.8,1288.4
57314,2019-09-17 13:35:00,15.5,1024.5,65,37,0.7,0.7,1028.5
57328,2019-09-17 13:35:00,23.5,1007.4,26,117,5.3,1.3,1418.5
57405,2019-09-17 13:35:00,34.4,1004.4,64,78,4.4,0.8,1209.2
57411,2019-09-17 13:35:00,22.3,1007.7,98,264,2.3,0.8,1486.8
57503,2019-09-17 13:35:00,22.0,1012.0,78,4,8.5,0.1,1277.8
57604,2019-09-17 13:35:00,28.8,1025.5,98,145,3.6,0.2,1252.1
57608,2019-09-17 13:35:00,17.3,1022.9,44,239,3.4,1.4,1067.8
54525,2019-09-17 13:35:00,12.0,1009.4,55,297,7.6,0.7,1240.6
54527,2019-09-17 13:35:00,12.7,1008.3,72,48,1.3,0.0,1065.9
54623,2019-09-17 13:35:00,16.5,1025.0,79,93,1.7,0.7,1360.3
55228,2019-09-17 13:35:00,28.1,1001.7,26,22,6.1,1.3,1373.9
55248,2019-09-17 13:35:00,26.3,1009.4,76,204,13.4,0.9,1309.7
55279,2019-09-17 13:35:00,27.3,1003.8,35,182,5.8,1.3,1169.5
55294,2019-09-17 13:35:00,23.7,1006.5,68,283,9.5,0.1,1183.7
55299,2019-09-17 13:35:00,7.3,1004.8,80,165,2.5,0.5,1154.5
55437,2019-09-17 13:35:00,6.5,1015.6,54,84,5.5,1.2,1473.5
55472,2019-09-17 13:35:00,28.0,1021.2,34,264,14.7,0.3,1270.2
55493,2019-09-17 13:35:00,17.8,1013.1,10,127,8.1,0.8,1166.1
55569,2019-09-17 13:35:00,18.3,1000.3,20,319,4.6,0.2,1401.4
55578,2019-09-17 13:35:00,21.3,1005.5,18,322,13.3,1.0,1387.4
55585,2019-09-17 13:35:00,23.2,1000.3,7,62,6.5,1.1,1130.7
55591,2019-09-17 13:35:00,14.6,1019.5,6,259,3.6,0.2,1306.0
55598,2019-09-17 13:35:00,18.3,1015.2,50,24,6.5,0.0,1394.5
55655,2019-09-17 13:35:00,20.3,1023.6,94,99,7.6,1.4,1269.5
55664,2019-09-17 13:35:00,23.7,1001.1,100,323,9.1,0.1,1248.2
55680,2019-09-17 13:35:00,19.6,1002.8,25,232,6.0,0.5,1231.6
55681,2019-09-17 13:35:00,14.1,1025.0,92,116,3.7,0.4,1078.8
55690,2019-09-17 13:35:00,31.9,1008.6,49,250,3.2,0.9,1209.0
55696,2019-09-17 13:35:00,16.9,1021.2,64,62,4.4,0.7,1145.9
55773,2019-09-17 13:35:00,4.3,1008.9,64,276,7.3,1.1,1443.0
56106,2019-09-17 13:35:00,3.7,1001.8,13,312,6.3,0.7,1273.2
56116,2019-09-17 13:35:00,18.8,1018.1,61,156,0.9,0.5,1266.4
56137,2019-09-17 13:35:00,21.9,1015.4,42,163,1.2,0.0,1498.8
56202,2019-09-17 13:35:00,6.0,1023.6,4,85,4.6,0.6,1478.1
56223,2019-09-17 13:35:00,34.5,1026.2,15,236,7.5,0.6,1145.4
56227,2019-09-17 13:35:00,27.1,1013.4,89,72,3.2,0.1,1446.0
56312,2019-09-17 13:35:00,14.3,1011.5,81,36,1.4,0.1,1155.5
56331,2019-09-17 13:35:00,14.7,1002.4,70,216,0.3,0.5,1332.7
56434,2019-09-17 13:35:00,33.7,1004.8,28,302,5.1,0.5,1020.8
51053,2019-09-17 13:35:00,5.2,1015.9,20,279,11.0,0.7,1197.4
51059,2019-09-17 13:35:00,5.2,1014.8,65,175,11.8,0.8,1149.5
51060,2019-09-17 13:35:00,20.2,1021.2,63,61,4.7,0.4,1171.9
51068,2019-09-17 13:35:00,11.6,1022.7,85,181,0.2,1.1,1009.7
51076,2019-09-17 13:35:00,22.2,1007.7,6,104,13.3,1.2,1414.0
51087,2019-09-17 13:35:00,4.5,1008.9,19,115,4.2,0.3,1224.7
51133,2019-09-17 13:35:00,30.6,1019.2,94,38,4.7,1.5,1106.9
51156,2019-09-17 13:35:00,9.5,1008.1,62,308,5.0,1.3,1471.4
51186,2019-09-17 13:35:00,28.4,1025.1,77,218,7.0,0.9,1446.3
51232,2019-09-17 13:35:00,23.0,1003.3,50,86,14.4,0.8,1168.0
51238,2019-09-17 13:35:00,25.0,1015.6,4,241,8.0,0.0,1428.8
51241,2019-09-17 13:35:00,22.1,1002.7,64,235,14.9,0.4,1267.6
51243,2019-09-17 13:35:00,2.2,1015.4,77,304,3.5,1.2,1083.5
51288,2019-09-17 13:35:00,0.9,1004.6,10,68,9.6,1.5,1322.4
51330,2019-09-17 13:35:00,0.7,1021.4,88,140,8.2,0.6,1103.7
51334,2019-09-17 13:35:00,13.5,1015.2,86,132,14.9,0.8,1394.7
51346,2019-09-17 13:35:00,30.5,1003.0,96,272,5.1,1.5,1430.5
51358,2019-09-17 13:35:00,16.4,1013.6,72,63,6.2,0.1,1354.6
51365,2019-09-17 13:35:00,17.7,1005.7,10,292,2.1,0.8,1076.6
51367,2019-09-17 13:35:00,11.2,1001.5,19,137,8.4,1.2,1221.1
51379,2019-09-17 13:35:00,30.0,1005.1,82,66,13.3,0.4,1322.7
51431,2019-09-17 13:35:00,19.3,1000.7,47,202,7.3,1.4,1008.8
51433,2019-09-17 13:35:00,34.6,1015.1,69,359,14.3,0.9,1354.7
51437,2019-09-17 13:35:00,8.1,1021.7,89,191,6.9,0.2,1458.3
51463,2019-09-17 13:35:00,33.6,1004.9,3,349,2.3,1.1,1075.8
51467,2019-09-17 13:35:00,28.3,1005.9,18,333,10.8,1.1,1479.6
51469,2019-09-17 13:35:00,27.0,1004.3,34,83,3.6,1.3,1304.1
51470,2019-09-17 13:35:00,33.3,1018.8,27,349,11.0,1.0,1351.3
51477,2019-09-17 13:35:00,27.6,1025.0,62,115,9.1,0.3,1152.1
51495,2019-09-17 13:35:00,34.3,1008.3,4,195,0.9,0.0,1364.3
51526,2019-09-17 13:35:00,28.6,1015.8,88,313,7.3,0.0,1334.7
51542,2019-09-17 13:35:00,25.4,1022.6,5,101,11.1,1.4,1167.8
51567,2019-09-17 13:35:00,6.9,1011.9,64,325,12.6,1.2,1474.3
51573,2019-09-17 13:35:00,1.1,1019.1,18,256,8.9,0.1,1003.1
51581,2019-09-17 13:35:00,0.9,1016.7,84,170,8.5,0.2,1282.1
51628,2019-09-17 13:35:00,31.6,1009.8,5,201,6.9,0.8,1416.7
51633,2019-09-17 13:35:00,24.9,1021.6,6,235,4.2,0.9,1062.4
51639,2019-09-17 13:35:00,6.6,1013.2,3,167,13.9,0.3,1128.8
51642,2019-09-17 13:35:00,16.9,1012.6,39,341,4.4,0.5,1200.8
51644,2019-09-17 13:35:00,20.8,1005.7,27,182,8.5,0.3,1270.5
51655,2019-09-17 13:35:00,18.2,1024.8,31,26,3.4,0.7,1314.2
51656,2019-09-17 13:35:00,19.9,1002.1,55,56,0.4,0.8,1488.6
51701,2019-09-17 13:35:00,12.6,1017.7,60,205,12.8,0.2,1303.0
51704,2019-09-17 13:35:00,20.9,1021.1,10,346,6.3,0.4,1397.9
51705,2019-09-17 13:35:00,25.0,1024.6,17,54,1.4,0.6,1181.5
51709,2019-09-17 13:35:00,12.5,1003.8,87,79,14.0,1.2,1193.6
51711,2019-09-17 13:35:00,6.1,1002.1,13,23,8.5,0.7,1198.3
51716,2019-09-17 13:35:00,12.9,1000.1,28,40,9.3,0.8,1393.6
51720,2019-09-17 13:35:00,26.2,1025.9,99,27,9.5,1.0,1476.2
51730,2019-09-17 13:35:00,26.4,1011.2,59,83,14.6,0.8,1184.2
51747,2019-09-17 13:35:00,17.3,1007.3,19,144,14.1,0.2,1426.0
51765,2019-09-17 13:35:00,9.7,1024.9,48,252,2.7,0.2,1139.9
51777,2019-09-17 13:35:00,6.7,1023.8,31,141,8.7,0.8,1354.1
51804,2019-09-17 13:35:00,23.5,1005.5,6,337,10.7,1.1,1435.3
51810,2019-09-17 13:35:00,14.9,1013.1,3,133,0.0,0.1,1046.7
51811,2019-09-17 13:35:00,1.3,1002.5,9,172,11.1,0.8,1321.1
51818,2019-09-17 13:35:00,17.9,1018.9,49,93,14.7,0.2,1143.5
51828,2019-09-17 13:35:00,29.9,1018.0,39,192,0.7,1.2,1124.0
51839,2019-09-17 13:35:00,20.3,1020.4,30,82,12.1,0.3,1233.4
51855,2019-09-17 13:35:00,34.1,1000.8,46,28,6.4,1.0,1058.1
51931,2019-09-17 13:35:00,10.9,1007.4,57,358,9.8,0.4,1003.2
52101,2019-09-17 13:35:00,7.0,1012.6,31,135,14.9,0.1,1228.9
52112,2019-09-17 13:35:00,4.2,1020.5,29,263,7.6,0.5,1054.5
52118,2019-09-17 13:35:00,14.1,1002.7,67,354,0.1,1.5,1343.7
52203,2019-09-17 13:35:00,8.1,1003.9,36,314,3.5,0.0,1393.7
52313,2019-09-17 13:35:00,32.3,1000.3,98,274,8.7,0.3,1187.0
56444,2019-09-17 13:35:00,22.4,1003.3,29,122,11.5,0.0,1208.8
56533,2019-09-17 13:35:00,21.1,1004.5,69,125,0.9,1.4,1349.3
56543,2019-09-17 13:35:00,31.1,1020.7,16,239,11.9,0.6,1457.5
56548,2019-09-17 13:35:00,5.2,1018.4,92,130,4.5,0.8,1410.3
56586,2019-09-17 13:35:00,25.2,1021.2,46,330,6.6,1.3,1377.1
56643,2019-09-17 13:35:00,34.1,1009.1,83,327,9.8,0.2,1296.5
56651,2019-09-17 13:35:00,2.4,1010.1,98,290,13.4,0.4,1038.1
56664,2019-09-17 13:35:00,18.2,1003.6,81,279,6.3,1.5,1269.6
56684,2019-09-17 13:35:00,8.8,1022.9,75,194,12.6,0.4,1149.9
56739,2019-09-17 13:35:00,27.4,1019.0,29,148,2.9,0.7,1303.5
56748,2019-09-17 13:35:00,2.8,1022.5,85,25,5.2,1.3,1031.7
56751,2019-09-17 13:35:00,6.7,1007.5,63,213,1.4,1.0,1291.3
56763,2019-09-17 13:35:00,25.4,1004.0,3,169,7.4,1.3,1110.1
56768,2019-09-17 13:35:00,27.0,1013.1,48,309,4.6,1.5,1092.6
56778,2019-09-17 13:35:00,29.7,1016.0,37,315,0.6,1.3,1055.4
56786,2019-09-17 13:35:00,30.5,1016.9,53,10,10.2,0.6,1250.9
56838,2019-09-17 13:35:00,8.3,1008.8,48,245,12.3,1.0,1453.9
56856,2019-09-17 13:35:00,6.0,1012.8,70,52,8.4,0.8,1315.7
56872,2019-09-17 13:35:00,27.7,1012.3,31,348,13.6,1.4,1302.4
56875,2019-09-17 13:35:00,32.2,1010.1,56,184,4.8,0.4,1319.7
56886,2019-09-17 13:35:00,4.6,1006.9,50,10,13.3,1.2,1075.4
56946,2019-09-17 13:35:00,14.6,1005.0,2,198,13.3,0.6,1157.0
56950,2019-09-17 13:35:00,20.5,1021.3,64,40,3.3,0.5,1020.6
56951,2019-09-17 13:35:00,12.7,1005.3,24,33,10.7,1.4,1014.5
56954,2019-09-17 13:35:00,23.7,1023.5,72,319,11.7,1.2,1377.6
56959,2019-09-17 13:35:00,21.7,1006.9,49,100,1.9,1.3,1058.0
56964,2019-09-17 13:35:00,4.9,1000.3,81,2,11.1,1.5,1413.5
56966,2019-09-17 13:35:00,26.5,1002.0,35,186,10.6,0.9,1053.1
56969,2019-09-17 13:35:00,30.0,1004.7,98,292,13.2,0.8,1314.6
56977,2019-09-17 13:35:00,28.5,1019.1,13,311,11.0,0.4,1268.1
56985,2019-09-17 13:35:00,24.4,1016.6,83,266,8.4,1.1,1477.9
56986,2019-09-17 13:35:00,8.2,1025.3,36,75,14.9,1.4,1043.8
56991,2019-09-17 13:35:00,9.6,1011.1,94,70,7.3,0.6,1167.0
59007,2019-09-17 13:35:00,26.1,1024.2,26,49,0.5,0.1,1293.6
58448,2019-09-17 13:35:00,17.2,1006.6,78,327,6.4,0.3,1484.8
58450,2019-09-17 13:35:00,17.3,1003.4,47,327,8.5,0.6,1243.7
58457,2019-09-17 13:35:00,2.2,1016.6,57,143,8.7,0.1,1211.2
58464,2019-09-17 13:35:00,15.9,1012.3,8,141,0.7,0.4,1477.1
58467,2019-09-17 13:35:00,34.9,1015.8,44,330,7.4,0.4,1211.3
58472,2019-09-17 13:35:00,6.0,1000.9,16,330,0.8,0.9,1390.3
58477,2019-09-17 13:35:00,21.7,1018.5,32,311,0.3,0.3,1224.5
58543,2019-09-17 13:35:00,4.0,1026.2,40,154,3.5,1.0,1227.3
58549,2019-09-17 13:35:00,14.2,1004.0,58,138,0.5,1.3,1069.9
58553,2019-09-17 13:35:00,5.6,1010.2,19,141,6.1,0.1,1395.4
58556,2019-09-17 13:35:00,8.5,1015.6,1,327,4.4,0.4,1132.9
58557,2019-09-17 13:35:00,35.0,1009.3,74,100,1.6,0.1,1121.4
58562,2019-09-17 13:35:00,13.9,1011.6,74,288,4.4,1.1,1315.0
58569,2019-09-17 13:35:00,12.8,1025.6,48,203,1.5,0.5,1300.5
58633,2019-09-17 13:35:00,19.7,1018.5,17,19,4.6,0.0,1375.7
58646,2019-09-17 13:35:00,26.5,1025.7,66,40,2.8,0.7,1349.4
58652,2019-09-17 13:35:00,30.9,1008.8,28,79,2.1,0.0,1399.0
58665,2019-09-17 13:35:00,26.0,1011.3,59,99,12.1,0.1,1020.0
58666,2019-09-17 13:35:00,35.0,1004.0,59,176,12.2,1.4,1449.1
58667,2019-09-17 13:35:00,8.8,1001.5,82,191,14.7,1.5,1248.2
58742,2019-09-17 13:35:00,16.7,1007.7,37,143,10.0,1.5,1455.6
58752,2019-09-17 13:35:00,14.5,1002.0,76,359,0.1,0.9,1229.4
58760,2019-09-17 13:35:00,23.0,1005.1,13,11,1.3,1.4,1223.0
57348,2019-09-17 13:35:00,31.6,1018.9,43,267,4.6,0.4,1195.5
57426,2019-09-17 13:35:00,23.9,1023.2,75,263,6.9,0.6,1416.8
57432,2019-09-17 13:35:00,24.5,1009.0,22,192,9.0,1.2,1292.2
57502,2019-09-17 13:35:00,13.3,1000.4,94,326,7.7,0.1,1459.8
57512,2019-09-17 13:35:00,10.8,1020.5,58,8,12.9,0.3,1459.2
57516,2019-09-17 13:35:00,30.5,1007.7,7,344,5.6,0.0,1067.3
57517,2019-09-17 13:35:00,18.8,1007.2,47,98,1.7,1.1,1457.2
57520,2019-09-17 13:35:00,32.1,1009.8,27,183,5.4,1.2,1178.8
57523,2019-09-17 13:35:00,18.2,1022.7,51,153,10.7,1.1,1352.0
57536,2019-09-17 13:35:00,27.8,1006.9,90,275,13.8,1.1,1450.8
57612,2019-09-17 13:35:00,31.3,1024.4,40,132,12.3,0.1,1407.8
57633,2019-09-17 13:35:00,5.1,1016.5,67,292,7.5,1.2,1265.4
