58015,2019-09-17 13:36:00,18.6,1015.1,88,80,5.8,0.7,1376.2
58102,2019-09-17 13:36:00,13.1,1015.3,99,158,12.5,0.5,1106.6
58118,2019-09-17 13:36:00,26.9,1009.0,26,110,4.6,1.2,1089.7
58122,2019-09-17 13:36:00,8.6,1011.2,16,59,2.9,1.1,1268.9
58203,2019-09-17 13:36:00,19.3,1019.8,35,26,4.9,0.6,1040.1
58215,2019-09-17 13:36:00,14.2,1018.5,99,307,5.5,0.9,1073.3
58221,2019-09-17 13:36:00,15.5,1009.1,75,242,11.3,1.1,1169.2
58225,2019-09-17 13:36:00,29.2,1017.7,46,243,8.1,0.0,1061.5
58236,2019-09-17 13:36:00,13.5,1016.6,42,184,7.9,1.1,1025.0
58311,2019-09-17 13:36:00,16.6,1014.9,2,333,1.6,1.1,1175.9
58314,2019-09-17 13:36:00,1.0,1018.8,67,237,1.5,0.5,1304.8
58319,2019-09-17 13:36:00,2.9,1022.4,57,310,12.8,0.1,1345.4
58321,2019-09-17 13:36:00,5.7,1015.4,89,154,3.5,1.3,1048.4
58326,2019-09-17 13:36:00,14.2,1017.8,14,146,6.0,0.2,1402.3
58336,2019-09-17 13:36:00,13.1,1018.1,92,132,6.4,0.2,1345.1
58338,2019-09-17 13:36:00,11.3,1024.8,14,312,14.9,0.1,1355.0
58414,2019-09-17 13:36:00,11.9,1009.8,69,210,3.7,0.8,1297.1
58419,2019-09-17 13:36:00,5.7,1024.4,96,359,9.9,1.3,1065.9
58424,2019-09-17 13:36:00,11.2,1002.5,29,280,4.1,0.0,1363.2
58429,2019-09-17 13:36:00,24.2,1019.2,59,101,13.7,0.7,1049.4
58436,2019-09-17 13:36:00,1.6,1016.9,9,144,1.9,1.2,1338.2
58437,2019-09-17 13:36:00,34.1,1009.1,72,91,2.7,1.4,1394.6
58520,2019-09-17 13:36:00,15.7,1013.9,13,270,5.5,0.4,1217.1
58531,2019-09-17 13:36:00,31.6,1026.4,27,88,14.6,0.8,1118.9
54406,2019-09-17 13:36:00,9.8,1018.2,56,104,5.4,0.7,1402.2
54416,2019-09-17 13:36:00,10.6,1011.3,48,212,13.1,1.0,1149.1
54511,2019-09-17 13:36:00,9.2,1023.6,38,239,6.6,1.3,1155.3
58725,2019-09-17 13:36:00,14.9,1000.7,12,231,5.6,0.5,1231.3
58730,2019-09-17 13:36:00,32.6,1013.4,83,260,13.3,0.9,1456.4
58731,2019-09-17 13:36:00,10.6,1006.0,6,193,14.8,0.8,1488.4
58734,2019-09-17 13:36:00,18.5,1013.7,9,212,1.0,0.5,1426.4
58737,2019-09-17 13:36:00,24.2,1015.7,61,301,3.9,1.1,1318.3
58744,2019-09-17 13:36:00,3.5,1019.8,58,80,8.9,0.3,1136.5
58754,2019-09-17 13:36:00,4.9,1025.0,58,154,8.5,1.4,1001.7
58818,2019-09-17 13:36:00,10.9,1005.1,73,78,13.8,1.2,1406.4
58820,2019-09-17 13:36:00,15.6,1000.9,43,209,7.8,0.6,1480.8
58834,2019-09-17 13:36:00,28.5,1017.8,61,85,9.3,0.9,1072.7
58837,2019-09-17 13:36:00,17.3,1007.8,11,238,14.0,0.4,1247.1
58843,2019-09-17 13:36:00,29.5,1024.4,100,152,10.1,0.3,1416.1
58846,2019-09-17 13:36:00,26.4,1000.3,93,132,3.5,1.4,1280.0
58847,2019-09-17 13:36:00,24.5,1015.6,58,223,12.1,0.9,1146.6
58911,2019-09-17 13:36:00,25.7,1011.6,18,268,4.6,0.4,1025.5
58918,2019-09-17 13:36:00,25.8,1009.8,32,164,3.4,0.6,1104.2
58921,2019-09-17 13:36:00,22.5,1009.9,59,29,10.9,1.1,1105.9
58926,2019-09-17 13:36:00,2.7,1025.4,48,280,3.2,0.4,1215.6
58927,2019-09-17 13:36:00,7.8,1006.8,92,119,6.1,0.4,1133.0
58931,2019-09-17 13:36:00,27.2,1013.8,79,196,3.8,0.1,1056.7
58933,2019-09-17 13:36:00,24.1,1021.6,90,230,4.7,1.5,1476.3
58936,2019-09-17 13:36:00,15.4,1015.7,66,53,9.2,1.2,1432.0
58944,2019-09-17 13:36:00,13.6,1010.4,57,240,9.4,0.7,1091.8
59113,2019-09-17 13:36:00,3.3,1012.0,72,195,9.8,0.9,1459.1
59126,2019-09-17 13:36:00,11.1,1017.2,25,224,5.5,0.5,1044.8
59133,2019-09-17 13:36:00,32.2,1019.2,67,222,11.5,1.5,1172.1
59134,2019-09-17 13:36:00,0.4,1005.5,82,165,11.6,1.3,1018.9
59321,2019-09-17 13:36:00,0.5,1019.4,18,81,14.9,0.8,1426.7
52323,2019-09-17 13:36:00,31.1,1006.1,53,330,10.5,0.4,1404.0
52418,2019-09-17 13:36:00,24.2,1010.9,82,15,10.3,1.1,1041.8
52424,2019-09-17 13:36:00,20.1,1001.0,98,79,2.7,1.0,1409.5
52436,2019-09-17 13:36:00,20.8,1014.2,83,301,10.6,0.7,1024.7
52446,2019-09-17 13:36:00,27.7,1019.3,71,67,8.6,1.4,1127.1
52447,2019-09-17 13:36:00,30.8,1003.3,5,344,3.9,0.1,1184.8
52533,2019-09-17 13:36:00,15.0,1009.4,54,45,11.6,0.6,1251.3
52546,2019-09-17 13:36:00,5.4,1010.3,15,181,9.7,1.2,1081.2
52652,2019-09-17 13:36:00,3.0,1002.5,37,1,14.3,1.1,1403.5
52661,2019-09-17 13:36:00,32.6,1005.1,71,263,3.2,1.0,1161.9
52674,2019-09-17 13:36:00,33.9,1021.6,4,48,9.7,0.4,1037.9
52679,2019-09-17 13:36:00,2.1,1005.1,32,48,3.6,0.5,1460.2
52681,2019-09-17 13:36:00,34.9,1026.3,57,37,14.5,0.1,1061.0
52787,2019-09-17 13:36:00,9.5,1022.9,24,61,13.7,1.3,1457.9
52797,2019-09-17 13:36:00,0.5,1018.1,77,345,8.2,0.3,1072.1
52884,2019-09-17 13:36:00,27.0,1021.5,52,174,4.3,1.0,1447.8
52895,2019-09-17 13:36:00,26.5,1013.6,58,324,7.7,0.5,1103.8
52983,2019-09-17 13:36:00,3.0,1011.0,58,143,1.4,0.4,1221.2
52984,2019-09-17 13:36:00,20.3,1018.6,86,305,9.9,1.3,1153.5
52986,2019-09-17 13:36:00,12.9,1025.7,89,165,12.9,1.1,1287.5
52996,2019-09-17 13:36:00,25.0,1012.1,68,243,0.7,0.0,1376.8
53821,2019-09-17 13:36:00,32.2,1019.6,22,261,0.2,1.0,1277.8
53915,2019-09-17 13:36:00,3.8,1024.1,14,302,8.9,0.2,1395.3
53923,2019-09-17 13:36:00,6.8,1015.1,71,294,5.3,1.4,1152.8
56074,2019-09-17 13:36:00,26.3,1025.0,53,286,2.6,0.3,1398.3
56080,2019-09-17 13:36:00,16.6,1009.0,29,12,3.6,0.2,1445.2
56093,2019-09-17 13:36:00,23.7,1020.7,62,339,14.5,1.4,1004.5
56096,2019-09-17 13:36:00,16.2,1012.4,34,175,13.7,1.2,1124.3
57014,2019-09-17 13:36:00,31.0,1009.9,90,4,6.4,0.1,1421.5
57996,2019-09-17 13:36:00,10.6,1006.5,44,10,0.5,0.4,1254.2
59072,2019-09-17 13:36:00,28.6,1004.1,88,244,6.0,0.4,1377.9
59082,2019-09-17 13:36:00,4.7,1011.0,30,162,0.1,1.0,1265.9
59087,2019-09-17 13:36:00,28.3,1023.8,68,321,13.3,0.8,1054.9
59088,2019-09-17 13:36:00,15.9,1005.5,41,354,11.2,1.2,1436.9
59096,2019-09-17 13:36:00,32.6,1006.5,79,54,13.8,0.9,1288.8
59097,2019-09-17 13:36:00,19.8,1006.0,47,126,4.2,0.3,1343.9
59107,2019-09-17 13:36:00,30.2,1007.6,19,295,6.0,0.1,1343.7
59116,2019-09-17 13:36:00,10.1,1013.6,27,186,4.8,0.7,1445.8
59117,2019-09-17 13:36:00,32.3,1003.0,65,352,1.5,0.2,1351.8
59271,2019-09-17 13:36:00,0.4,1022.9,50,65,2.7,1.1,1375.0
59278,2019-09-17 13:36:00,8.5,1000.9,14,277,6.7,1.1,1299.6
59280,2019-09-17 13:36:00,12.8,1021.4,22,4,6.7,1.1,1407.4
59287,2019-09-17 13:36:00,26.8,1022.8,64,357,2.3,1.2,1390.0
59289,2019-09-17 13:36:00,13.8,1015.4,61,25,8.6,1.3,1374.5
59293,2019-09-17 13:36:00,7.7,1006.8,16,196,3.4,0.4,1117.6
59294,2019-09-17 13:36:00,25.3,1012.3,59,273,3.4,1.1,1172.8
59298,2019-09-17 13:36:00,5.0,1006.4,34,246,9.9,0.8,1122.2
59303,2019-09-17 13:36:00,19.2,1012.8,7,303,10.3,0.6,1107.1
59304,2019-09-17 13:36:00,3.7,1022.5,65,24,9.0,0.7,1150.5
59306,2019-09-17 13:36:00,2.7,1009.1,47,181,7.6,0.5,1402.2
59310,2019-09-17 13:36:00,32.1,1008.6,77,2,11.7,0.1,1283.6
59316,2019-09-17 13:36:00,27.1,1003.5,78,272,4.0,0.7,1205.1
59317,2019-09-17 13:36:00,9.3,1023.3,69,166,3.5,1.2,1210.5
59324,2019-09-17 13:36:00,16.0,1001.0,36,25,2.8,0.1,1195.0
59456,2019-09-17 13:36:00,0.3,1016.8,57,216,12.7,0.9,1251.7
59462,2019-09-17 13:36:00,19.4,1010.6,12,303,5.8,0.8,1181.7
59478,2019-09-17 13:36:00,10.8,1004.8,64,316,12.7,0.7,1054.9
59485,2019-09-17 13:36:00,7.0,1004.1,26,212,13.3,1.2,1214.0
59488,2019-09-17 13:36:00,33.6,1007.9,88,87,3.4,0.0,1080.5
59493,2019-09-17 13:36:00,0.8,1006.1,66,338,12.9,1.3,1474.9
59501,2019-09-17 13:36:00,33.2,1019.9,82,339,4.3,0.0,1238.0
59658,2019-09-17 13:36:00,19.5,1018.4,19,256,4.7,0.4,1473.9
59663,2019-09-17 13:36:00,21.7,1018.3,31,193,0.2,1.4,1081.4
59664,2019-09-17 13:36:00,7.7,1023.6,48,182,14.9,0.0,1382.3
59673,2019-09-17 13:36:00,2.6,1016.8,87,338,1.3,1.1,1224.1
59754,2019-09-17 13:36:00,25.8,1001.5,46,82,9.4,1.5,1189.6
57947,2019-09-17 13:36:00,13.0,1019.3,52,113,7.2,0.2,1179.7
57957,2019-09-17 13:36:00,23.9,1010.7,79,253,7.0,0.9,1258.7
57958,2019-09-17 13:36:00,1.2,1006.1,29,279,3.7,1.4,1478.5
59021,2019-09-17 13:36:00,5.0,1000.0,28,90,10.0,1.2,1091.9
59023,2019-09-17 13:36:00,22.8,1014.7,15,277,5.5,1.4,1089.5
59027,2019-09-17 13:36:00,16.6,1013.3,29,134,10.2,0.2,1440.2
59037,2019-09-17 13:36:00,17.3,1022.0,88,203,12.6,1.2,1212.0
59046,2019-09-17 13:36:00,30.7,1026.4,13,85,12.2,0.4,1340.7
59058,2019-09-17 13:36:00,25.2,1007.6,72,199,0.8,1.0,1165.5
59065,2019-09-17 13:36:00,9.4,1007.2,71,303,10.2,1.0,1466.7
59209,2019-09-17 13:36:00,28.0,1022.3,70,30,4.5,0.0,1249.0
59211,2019-09-17 13:36:00,30.8,1002.4,20,327,11.1,0.0,1420.6
59218,2019-09-17 13:36:00,2.0,1022.4,85,155,14.0,0.8,1466.3
59228,2019-09-17 13:36:00,21.3,1023.2,84,197,4.6,0.2,1120.5
59242,2019-09-17 13:36:00,8.6,1007.6,11,186,1.5,0.3,1419.5
59254,2019-09-17 13:36:00,9.9,1008.7,14,164,1.4,0.4,1055.3
59265,2019-09-17 13:36:00,32.9,1016.6,82,178,14.2,0.5,1064.0
59417,2019-09-17 13:36:00,4.9,1002.6,93,206,6.5,0.0,1219.4
59431,2019-09-17 13:36:00,8.5,1024.4,16,243,14.0,0.9,1420.4
59446,2019-09-17 13:36:00,12.6,1012.3,10,80,4.8,1.4,1426.7
59453,2019-09-17 13:36:00,10.1,1014.4,81,7,2.5,0.9,1101.7
59626,2019-09-17 13:36:00,33.3,1023.4,63,173,0.2,0.7,1134.3
59631,2019-09-17 13:36:00,7.7,1018.5,47,133,7.1,1.3,1136.7
59632,2019-09-17 13:36:00,11.5,1010.6,71,359,5.1,1.2,1172.6
59644,2019-09-17 13:36:00,26.1,1017.6,96,243,11.5,0.4,1268.9
59647,2019-09-17 13:36:00,33.7,1019.6,48,173,2.0,0.2,1332.3
56691,2019-09-17 13:36:00,18.3,1006.1,10,285,5.6,0.3,1295.6
56693,2019-09-17 13:36:00,28.3,1025.5,28,0,11.1,0.2,1019.5
56792,2019-09-17 13:36:00,4.4,1023.0,3,6,8.6,0.2,1494.8
56793,2019-09-17 13:36:00,31.3,1001.3,81,155,2.1,0.0,1498.8
57606,2019-09-17 13:36:00,14.2,1011.4,79,289,1.5,1.5,1117.1
57614,2019-09-17 13:36:00,22.5,1022.1,93,92,6.6,0.4,1260.6
57625,2019-09-17 13:36:00,6.5,1000.5,57,325,10.0,1.0,1079.1
57647,2019-09-17 13:36:00,12.9,1025.0,94,298,3.8,0.2,1411.1
57707,2019-09-17 13:36:00,15.0,1005.3,98,94,0.2,1.5,1173.1
57710,2019-09-17 13:36:00,29.4,1002.4,90,42,11.0,0.5,1367.4
57712,2019-09-17 13:36:00,32.2,1025.3,39,189,7.3,0.6,1096.5
57718,2019-09-17 13:36:00,29.7,1017.5,70,112,1.7,1.1,1459.6
57722,2019-09-17 13:36:00,4.7,1023.4,41,78,9.7,1.3,1225.2
57729,2019-09-17 13:36:00,34.3,1004.0,100,250,13.1,0.8,1131.3
57731,2019-09-17 13:36:00,25.2,1006.3,11,223,12.9,1.2,1207.7
57741,2019-09-17 13:36:00,15.8,1001.2,91,330,0.4,0.3,1385.3
57803,2019-09-17 13:36:00,3.0,1016.2,45,129,11.3,1.2,1218.7
57805,2019-09-17 13:36:00,10.6,1018.4,72,285,3.9,1.4,1329.6
57806,2019-09-17 13:36:00,10.2,1024.2,52,246,3.6,0.5,1064.9
57816,2019-09-17 13:36:00,11.7,1007.9,74,329,1.1,0.7,1266.3
57825,2019-09-17 13:36:00,30.9,1023.8,94,58,14.7,0.2,1332.9
57827,2019-09-17 13:36:00,16.9,1020.1,16,95,10.0,0.7,1450.4
57832,2019-09-17 13:36:00,27.8,1013.3,81,354,7.6,0.8,1397.6
57839,2019-09-17 13:36:00,10.4,1022.0,23,291,1.1,0.7,1459.2
57840,2019-09-17 13:36:00,17.5,1006.6,53,149,8.6,1.3,1478.6
57902,2019-09-17 13:36:00,17.9,1018.7,97,328,6.4,0.7,1359.9
57906,2019-09-17 13:36:00,33.6,1017.4,70,190,6.8,0.1,1157.4
57907,2019-09-17 13:36:00,10.6,1026.3,9,120,13.1,0.6,1283.6
57910,2019-09-17 13:36:00,10.3,1001.0,44,315,4.3,1.5,1387.6
57912,2019-09-17 13:36:00,15.9,1018.2,85,354,13.4,0.4,1385.7
57916,2019-09-17 13:36:00,25.6,1005.3,40,249,0.2,0.0,1486.8
57922,2019-09-17 13:36:00,33.5,1018.9,8,198,9.3,0.7,1172.9
57926,2019-09-17 13:36:00,29.6,1008.0,74,336,3.2,0.1,1362.8
57932,2019-09-17 13:36:00,33.3,1001.3,41,24,6.5,1.2,1129.9
59758,2019-09-17 13:36:00,23.1,1021.9,34,172,10.7,0.8,1038.0
59838,2019-09-17 13:36:00,4.1,1024.7,5,134,4.2,1.1,1375.6
59845,2019-09-17 13:36:00,9.0,1007.6,88,231,3.1,1.2,1059.1
59849,2019-09-17 13:36:00,26.8,1003.6,64,70,5.0,1.5,1248.5
59855,2019-09-17 13:36:00,9.8,1017.4,65,21,14.0,1.4,1133.2
59948,2019-09-17 13:36:00,24.2,1019.7,100,273,10.5,1.2,1290.7
59954,2019-09-17 13:36:00,22.8,1011.2,4,334,14.8,1.4,1378.1
59981,2019-09-17 13:36:00,9.9,1019.3,25,16,3.6,0.7,1313.4
53399,2019-09-17 13:36:00,26.4,1013.2,33,298,12.4,0.5,1015.1
53593,2019-09-17 13:36:00,9.1,1020.7,6,136,7.1,0.1,1206.6
53698,2019-09-17 13:36:00,24.5,1018.6,81,345,2.8,1.1,1470.6
53798,2019-09-17 13:36:00,21.7,1006.8,9,242,13.3,0.9,1470.0
54308,2019-09-17 13:36:00,28.9,1023.2,50,68,1.7,0.6,1378.1
54311,2019-09-17 13:36:00,8.5,1021.3,98,239,3.0,1.5,1490.0
54401,2019-09-17 13:36:00,23.4,1012.3,9,120,2.1,0.8,1421.9
54405,2019-09-17 13:36:00,10.3,1019.4,22,120,0.2,0.5,1282.9
54423,2019-09-17 13:36:00,2.4,1002.9,55,176,8.9,1.5,1443.3
54429,2019-09-17 13:36:00,32.2,1015.2,35,351,7.0,0.8,1158.9
54436,2019-09-17 13:36:00,27.8,1007.7,39,126,4.7,1.4,1295.3
54449,2019-09-17 13:36:00,7.4,1011.2,48,229,1.1,0.8,1145.7
54518,2019-09-17 13:36:00,1.4,1016.5,46,252,11.4,1.5,1251.9
54534,2019-09-17 13:36:00,13.4,1024.1,78,121,4.6,1.1,1148.4
54535,2019-09-17 13:36:00,29.7,1007.5,76,43,13.2,1.3,1158.6
54539,2019-09-17 13:36:00,26.9,1003.6,72,37,5.0,0.6,1297.1
54602,2019-09-17 13:36:00,34.3,1016.4,70,238,3.9,0.2,1274.0
54606,2019-09-17 13:36:00,15.4,1017.7,92,109,2.5,0.0,1014.1
54618,2019-09-17 13:36:00,32.6,1025.6,88,352,7.7,1.4,1439.7
54624,2019-09-17 13:36:00,30.8,1005.4,97,171,14.2,0.3,1063.5
54705,2019-09-17 13:36:00,18.4,1006.2,60,246,12.6,1.2,1157.1
53898,2019-09-17 13:36:00,6.7,1009.1,68,303,11.5,1.4,1107.6
53986,2019-09-17 13:36:00,14.4,1005.3,59,234,1.0,0.1,1219.7
57051,2019-09-17 13:36:00,15.6,1003.1,22,138,14.0,0.9,1449.7
57067,2019-09-17 13:36:00,8.2,1011.6,83,138,7.6,0.9,1070.2
57071,2019-09-17 13:36:00,4.9,1023.7,70,180,12.0,1.3,1262.9
57077,2019-09-17 13:36:00,24.8,1012.7,80,219,2.8,0.1,1127.8
57083,2019-09-17 13:36:00,18.2,1000.0,53,237,9.6,0.5,1009.0
57084,2019-09-17 13:36:00,18.7,1023.5,18,294,3.3,1.1,1070.5
57089,2019-09-17 13:36:00,30.4,1013.7,37,64,6.6,0.6,1423.2
57091,2019-09-17 13:36:00,25.6,1026.2,32,115,9.6,1.4,1105.4
57156,2019-09-17 13:36:00,7.6,1023.9,100,132,13.6,1.1,1305.5
57178,2019-09-17 13:36:00,30.3,1021.7,70,274,2.4,0.6,1347.3
57181,2019-09-17 13:36:00,3.7,1022.4,53,61,13.3,0.0,1174.8
57193,2019-09-17 13:36:00,12.5,1002.5,74,199,4.7,0.8,1017.9
57285,2019-09-17 13:36:00,26.8,1011.3,69,200,6.9,0.3,1089.8
57290,2019-09-17 13:36:00,7.1,1022.1,27,221,5.0,1.5,1026.5
57297,2019-09-17 13:36:00,23.4,1019.5,68,235,2.6,0.7,1064.1
58005,2019-09-17 13:36:00,24.4,1026.3,94,52,6.4,0.6,1065.6
58111,2019-09-17 13:36:00,16.6,1002.9,18,119,9.4,0.5,1006.8
58208,2019-09-17 13:36:00,5.9,1024.9,18,2,2.7,0.3,1252.2
50136,2019-09-17 13:36:00,11.0,1018.8,83,263,3.0,1.3,1391.9
50246,2019-09-17 13:36:00,23.4,1016.7,48,307,3.5,0.1,1301.4
50247,2019-09-17 13:36:00,7.3,1004.6,83,105,13.6,1.5,1166.1
50349,2019-09-17 13:36:00,27.0,1025.1,57,356,14.2,1.3,1484.7
50353,2019-09-17 13:36:00,26.9,1015.9,86,307,1.4,0.3,1411.8
50442,2019-09-17 13:36:00,23.9,1011.0,43,131,4.4,0.1,1429.4
50468,2019-09-17 13:36:00,20.1,1015.9,2,193,9.6,1.5,1012.5
50557,2019-09-17 13:36:00,27.5,1011.9,28,266,2.2,1.1,1393.3
50564,2019-09-17 13:36:00,6.9,1021.4,38,275,13.0,1.1,1079.9
50656,2019-09-17 13:36:00,32.1,1007.9,38,90,6.7,0.7,1156.6
50658,2019-09-17 13:36:00,10.9,1003.8,13,355,0.9,1.0,1375.7
50674,2019-09-17 13:36:00,3.7,1006.1,84,141,8.6,0.2,1174.1
50739,2019-09-17 13:36:00,34.9,1009.4,28,265,5.3,0.4,1384.7
50742,2019-09-17 13:36:00,23.2,1003.6,100,319,3.6,1.2,1210.7
50745,2019-09-17 13:36:00,24.5,1024.5,64,48,4.5,1.2,1102.9
50756,2019-09-17 13:36:00,1.8,1018.9,98,182,9.5,0.8,1198.9
50758,2019-09-17 13:36:00,18.5,1003.3,68,274,8.7,0.2,1086.1
50774,2019-09-17 13:36:00,28.8,1005.8,85,97,5.4,0.3,1030.9
50778,2019-09-17 13:36:00,29.2,1005.8,30,177,4.3,0.9,1326.6
50788,2019-09-17 13:36:00,26.9,1010.1,35,225,1.7,0.7,1338.4
50844,2019-09-17 13:36:00,2.0,1002.5,15,98,10.8,1.4,1155.5
50853,2019-09-17 13:36:00,29.8,1006.0,16,19,9.3,0.7,1333.6
50854,2019-09-17 13:36:00,23.6,1001.6,77,274,11.2,1.4,1466.1
50862,2019-09-17 13:36:00,11.0,1001.1,63,326,7.4,1.2,1126.0
50873,2019-09-17 13:36:00,0.7,1008.9,3,225,4.6,0.8,1161.4
50877,2019-09-17 13:36:00,8.0,1011.9,100,72,8.5,0.7,1006.3
50888,2019-09-17 13:36:00,29.0,1016.8,13,220,5.7,1.3,1208.8
50950,2019-09-17 13:36:00,27.4,1019.4,20,256,0.0,0.9,1426.1
50953,2019-09-17 13:36:00,26.0,1025.9,18,157,1.0,0.3,1105.2
50955,2019-09-17 13:36:00,32.9,1013.7,31,263,14.6,0.1,1357.1
50963,2019-09-17 13:36:00,6.0,1023.3,13,304,1.9,0.4,1201.0
50968,2019-09-17 13:36:00,31.0,1000.7,24,267,6.8,0.6,1202.6
50973,2019-09-17 13:36:00,15.8,1002.0,51,164,0.6,0.7,1415.8
50978,2019-09-17 13:36:00,29.9,1012.1,89,215,8.3,0.2,1120.8
50983,2019-09-17 13:36:00,20.2,1010.4,59,243,5.0,0.2,1214.0
54094,2019-09-17 13:36:00,5.1,1024.4,24,107,11.8,0.3,1209.3
54096,2019-09-17 13:36:00,4.3,1021.1,70,75,11.9,1.1,1154.9
57251,2019-09-17 13:36:00,16.1,1017.4,66,306,3.0,0.9,1462.6
57256,2019-09-17 13:36:00,11.9,1011.3,64,222,12.3,0.6,1386.4
57259,2019-09-17 13:36:00,33.9,1009.1,85,174,9.5,1.2,1304.1
57265,2019-09-17 13:36:00,30.7,1008.7,88,213,14.8,0.0,1414.9
57278,2019-09-17 13:36:00,6.6,1021.1,13,55,1.5,0.2,1049.0
57279,2019-09-17 13:36:00,6.4,1007.8,15,210,5.7,0.9,1288.4
57355,2019-09-17 13:36:00,16.6,1000.3,63,217,0.0,1.4,1129.4
57358,2019-09-17 13:36:00,11.4,1002.6,45,23,6.3,0.7,1023.9
57359,2019-09-17 13:36:00,8.9,1022.9,78,171,1.7,1.3,1419.0
57363,2019-09-17 13:36:00,8.3,1026.4,20,271,10.3,0.5,1250.6
57378,2019-09-17 13:36:00,24.4,1008.2,99,264,7.0,0.4,1361.6
57381,2019-09-17 13:36:00,7.1,1003.3,5,22,1.5,0.8,1172.8
57395,2019-09-17 13:36:00,28.2,1024.6,55,72,12.0,0.7,1261.8
57399,2019-09-17 13:36:00,23.7,1004.2,55,12,4.4,1.0,1380.0
57439,2019-09-17 13:36:00,11.2,1017.6,98,329,2.8,1.5,1470.4
57445,2019-09-17 13:36:00,5.2,1011.0,7,123,6.6,1.0,1142.9
57447,2019-09-17 13:36:00,17.4,1018.5,84,121,4.1,0.9,1037.8
57458,2019-09-17 13:36:00,27.9,1001.7,83,201,9.6,1.2,1149.3
57461,2019-09-17 13:36:00,22.1,1011.2,31,279,7.6,0.7,1062.1
57476,2019-09-17 13:36:00,3.0,1025.5,6,217,8.2,0.3,1393.9
57482,2019-09-17 13:36:00,3.4,1007.0,31,251,8.5,0.5,1018.4
57483,2019-09-17 13:36:00,14.8,1017.9,52,264,7.6,1.3,1381.1
57493,2019-09-17 13:36:00,17.3,1013.6,24,275,8.4,0.1,1244.2
57494,2019-09-17 13:36:00,17.9,1006.5,8,218,6.0,1.3,1048.7
57545,2019-09-17 13:36:00,6.2,1018.8,62,43,0.4,0.7,1303.0
57573,2019-09-17 13:36:00,2.7,1020.4,20,102,11.3,1.0,1129.3
57581,2019-09-17 13:36:00,8.0,1020.5,64,325,2.7,0.7,1381.4
57583,2019-09-17 13:36:00,10.6,1022.4,88,15,2.9,0.7,1183.8
57595,2019-09-17 13:36:00,9.6,1010.2,22,276,9.0,1.4,1009.4
58402,2019-09-17 13:36:00,17.9,1021.6,6,160,3.7,0.1,1217.3
58407,2019-09-17 13:36:00,12.3,1002.9,81,32,10.5,0.3,1459.7
58500,2019-09-17 13:36:00,13.9,1011.9,43,317,7.9,0.9,1037.1
57554,2019-09-17 13:36:00,25.9,1003.0,66,302,9.2,1.1,1433.7
57562,2019-09-17 13:36:00,21.4,1012.3,70,283,5.1,1.4,1270.8
57574,2019-09-17 13:36:00,22.0,1002.5,38,209,0.5,1.3,1243.5
57584,2019-09-17 13:36:00,28.2,1003.3,96,106,4.9,1.3,1494.7
57642,2019-09-17 13:36:00,3.3,1009.0,68,131,0.1,0.0,1403.7
57649,2019-09-17 13:36:00,14.2,1009.8,36,140,14.7,0.4,1032.5
57655,2019-09-17 13:36:00,30.0,1025.4,40,287,9.0,0.5,1279.2
57662,2019-09-17 13:36:00,13.5,1016.4,14,219,0.9,0.0,1100.4
57669,2019-09-17 13:36:00,5.0,1000.7,1,261,11.8,0.7,1321.9
57671,2019-09-17 13:36:00,9.3,1002.6,30,46,12.5,0.4,1294.4
57673,2019-09-17 13:36:00,7.5,1025.7,64,132,0.7,0.6,1101.7
57679,2019-09-17 13:36:00,8.6,1010.6,92,266,12.6,1.3,1261.8
57682,2019-09-17 13:36:00,10.6,1008.3,63,208,11.1,0.6,1028.1
57687,2019-09-17 13:36:00,5.2,1024.3,75,242,3.6,0.8,1367.5
57745,2019-09-17 13:36:00,3.8,1018.7,68,327,9.7,0.6,1268.6
57749,2019-09-17 13:36:00,11.1,1020.0,24,125,6.8,1.1,1225.7
57752,2019-09-17 13:36:00,6.8,1020.0,9,344,13.3,1.4,1097.5
57758,2019-09-17 13:36:00,6.5,1025.6,23,7,11.9,0.5,1115.5
57761,2019-09-17 13:36:00,12.8,1007.2,99,309,12.9,0.5,1447.0
57766,2019-09-17 13:36:00,29.0,1008.8,69,14,8.5,0.8,1330.4
57774,2019-09-17 13:36:00,16.8,1003.9,43,280,12.9,1.4,1087.9
57776,2019-09-17 13:36:00,15.8,1002.2,69,33,6.0,1.5,1085.9
57779,2019-09-17 13:36:00,32.4,1002.2,71,199,9.9,0.4,1193.6
57780,2019-09-17 13:36:00,34.3,1004.2,17,49,3.7,0.9,1415.3
57841,2019-09-17 13:36:00,10.8,1000.9,88,320,9.0,0.5,1219.3
57845,2019-09-17 13:36:00,10.5,1011.7,17,135,0.6,0.0,1226.2
57853,2019-09-17 13:36:00,21.5,1024.4,42,170,2.3,1.1,1277.2
57857,2019-09-17 13:36:00,12.3,1003.3,50,215,2.2,1.4,1153.4
57860,2019-09-17 13:36:00,10.3,1024.5,12,76,3.6,0.2,1010.2
57866,2019-09-17 13:36:00,21.9,1008.0,49,187,1.4,1.2,1335.8
57872,2019-09-17 13:36:00,15.6,1022.3,84,101,3.4,1.2,1309.8
57874,2019-09-17 13:36:00,26.5,1015.7,34,172,12.2,0.7,1417.1
57889,2019-09-17 13:36:00,22.6,1025.0,56,68,11.0,1.1,1419.5
57965,2019-09-17 13:36:00,17.4,1003.9,14,256,10.1,1.0,1362.3
57972,2019-09-17 13:36:00,13.3,1023.5,58,38,8.5,0.0,1469.4
57974,2019-09-17 13:36:00,25.2,1025.8,76,328,0.7,0.5,1239.7
50936,2019-09-17 13:36:00,9.9,1024.1,53,56,0.1,0.3,1011.3
50945,2019-09-17 13:36:00,1.0,1001.0,82,353,10.2,0.3,1441.3
50948,2019-09-17 13:36:00,2.3,1002.4,13,11,4.1,0.1,1294.2
50949,2019-09-17 13:36:00,29.8,1014.9,93,359,8.2,0.8,1378.7
54041,2019-09-17 13:36:00,14.1,1023.4,92,211,7.7,0.3,1196.0
54049,2019-09-17 13:36:00,30.4,1010.2,37,15,3.9,0.5,1090.8
54063,2019-09-17 13:36:00,24.3,1004.6,50,195,2.7,0.5,1378.9
54064,2019-09-17 13:36:00,9.6,1002.9,80,248,0.0,0.3,1419.3
54142,2019-09-17 13:36:00,0.9,1013.3,79,337,12.2,0.9,1073.1
54157,2019-09-17 13:36:00,27.2,1026.2,1,43,7.6,0.0,1274.9
54161,2019-09-17 13:36:00,2.2,1018.5,39,219,12.4,0.3,1252.1
54165,2019-09-17 13:36:00,12.1,1012.5,25,100,3.7,1.1,1489.1
54171,2019-09-17 13:36:00,21.8,1016.8,20,254,7.2,0.1,1210.3
54181,2019-09-17 13:36:00,6.6,1020.1,53,220,9.0,0.4,1422.3
54186,2019-09-17 13:36:00,24.7,1014.5,15,213,9.7,1.2,1362.7
54195,2019-09-17 13:36:00,29.0,1007.7,99,43,4.4,0.2,1406.5
54260,2019-09-17 13:36:00,6.1,1023.9,69,343,11.0,0.7,1425.8
54263,2019-09-17 13:36:00,28.8,1020.2,2,120,10.8,0.1,1291.4
54266,2019-09-17 13:36:00,26.4,1017.4,17,176,9.9,1.4,1031.1
54273,2019-09-17 13:36:00,30.4,1024.4,95,170,2.6,1.2,1214.6
54276,2019-09-17 13:36:00,8.3,1010.6,41,234,5.2,0.0,1002.3
54284,2019-09-17 13:36:00,0.6,1016.8,80,6,8.7,1.2,1380.3
54285,2019-09-17 13:36:00,16.0,1013.2,12,145,4.6,1.5,1064.9
54286,2019-09-17 13:36:00,7.7,1018.4,63,325,4.4,0.4,1462.3
54292,2019-09-17 13:36:00,16.6,1021.5,61,13,12.6,0.9,1478.5
54363,2019-09-17 13:36:00,1.0,1003.3,30,341,1.3,0.0,1218.7
54374,2019-09-17 13:36:00,25.0,1009.0,19,167,7.9,1.4,1268.3
54377,2019-09-17 13:36:00,32.6,1007.9,58,14,2.1,0.8,1082.6
54386,2019-09-17 13:36:00,33.2,1024.5,88,37,13.7,0.8,1012.6
58026,2019-09-17 13:36:00,15.8,1011.8,32,322,11.8,0.4,1181.6
58027,2019-09-17 13:36:00,0.3,1003.1,27,262,6.3,1.3,1327.8
58038,2019-09-17 13:36:00,11.0,1010.9,27,110,14.0,0.0,1212.0
58040,2019-09-17 13:36:00,0.2,1012.1,66,46,3.8,1.2,1203.8
58047,2019-09-17 13:36:00,19.1,1006.4,48,311,10.7,0.2,1278.5
58130,2019-09-17 13:36:00,17.8,1004.2,73,260,6.3,1.1,1088.5
58135,2019-09-17 13:36:00,32.6,1019.6,25,112,2.7,1.5,1269.4
58138,2019-09-17 13:36:00,12.2,1008.7,88,359,4.5,1.2,1405.4
58141,2019-09-17 13:36:00,33.9,1000.4,74,213,6.3,0.8,1485.7
58143,2019-09-17 13:36:00,12.7,1020.7,91,51,4.5,1.5,1055.1
58150,2019-09-17 13:36:00,5.8,1017.9,54,249,11.2,1.0,1273.8
58158,2019-09-17 13:36:00,18.7,1005.3,9,336,7.2,1.1,1205.5
58238,2019-09-17 13:36:00,11.8,1014.7,98,34,1.3,0.6,1291.2
58241,2019-09-17 13:36:00,19.4,1003.3,26,321,4.7,1.1,1097.2
58251,2019-09-17 13:36:00,19.2,1025.5,16,87,9.4,1.3,1417.1
58252,2019-09-17 13:36:00,25.7,1024.3,63,307,8.8,0.2,1411.2
58255,2019-09-17 13:36:00,0.7,1015.7,44,359,2.1,0.0,1469.0
58259,2019-09-17 13:36:00,9.7,1018.6,6,245,5.6,1.4,1069.0
58265,2019-09-17 13:36:00,2.0,1002.8,24,330,3.0,1.4,1127.6
58343,2019-09-17 13:36:00,0.5,1026.4,58,143,6.2,0.3,1039.8
58345,2019-09-17 13:36:00,32.1,1006.6,88,2,10.9,0.2,1180.8
58354,2019-09-17 13:36:00,0.8,1023.1,80,239,8.4,1.2,1253.3
58356,2019-09-17 13:36:00,18.6,1005.7,3,287,1.5,0.5,1406.5
58358,2019-09-17 13:36:00,25.2,1021.9,59,282,2.5,1.2,1003.4
57598,2019-09-17 13:36:00,21.5,1021.7,42,140,12.9,0.4,1131.3
57696,2019-09-17 13:36:00,11.3,1006.7,49,112,8.5,0.3,1451.6
57789,2019-09-17 13:36:00,16.9,1005.1,28,83,13.3,1.4,1413.7
57793,2019-09-17 13:36:00,28.1,1007.7,65,297,12.3,0.7,1380.3
57799,2019-09-17 13:36:00,23.7,1003.6,83,281,8.0,1.1,1309.1
57894,2019-09-17 13:36:00,5.7,1016.5,37,71,6.9,1.3,1393.2
57896,2019-09-17 13:36:00,11.9,1008.6,20,106,3.2,0.3,1197.8
57993,2019-09-17 13:36:00,12.4,1023.6,6,259,3.8,0.5,1297.2
58506,2019-09-17 13:36:00,1.3,1010.4,42,115,13.5,1.5,1220.5
58507,2019-09-17 13:36:00,15.0,1017.3,90,297,5.5,0.6,1285.1
58519,2019-09-17 13:36:00,27.2,1022.5,10,301,3.1,0.8,1246.1
58527,2019-09-17 13:36:00,34.1,1006.7,51,303,0.8,1.5,1395.9
58600,2019-09-17 13:36:00,18.0,1017.1,73,13,12.1,0.1,1401.1
58606,2019-09-17 13:36:00,11.6,1023.3,37,66,3.8,0.5,1385.1
58608,2019-09-17 13:36:00,3.7,1014.0,38,201,2.2,1.4,1408.2
58622,2019-09-17 13:36:00,27.3,1013.6,64,110,5.4,0.5,1137.7
58626,2019-09-17 13:36:00,3.6,1015.2,9,63,5.0,0.0,1041.0
58634,2019-09-17 13:36:00,1.8,1004.0,61,90,8.3,0.8,1207.0
58637,2019-09-17 13:36:00,8.6,1021.1,13,78,8.3,1.3,1139.3
58705,2019-09-17 13:36:00,5.5,1019.4,44,2,12.6,1.4,1127.0
58715,2019-09-17 13:36:00,22.3,1001.5,90,338,14.9,0.6,1130.9
58718,2019-09-17 13:36:00,2.5,1007.2,43,33,7.8,1.1,1289.6
58806,2019-09-17 13:36:00,4.2,1005.3,64,237,2.9,0.8,1246.0
58813,2019-09-17 13:36:00,8.0,1008.6,96,331,3.1,0.2,1001.8
59092,2019-09-17 13:36:00,18.4,1006.0,18,351,12.7,0.2,1122.3
59102,2019-09-17 13:36:00,19.8,1019.6,4,258,13.9,1.0,1289.6
54236,2019-09-17 13:36:00,5.3,1018.3,59,32,10.6,0.5,1229.8
54237,2019-09-17 13:36:00,9.8,1022.6,78,293,13.3,1.2,1040.2
54243,2019-09-17 13:36:00,15.3,1013.7,58,335,6.9,0.2,1057.5
54254,2019-09-17 13:36:00,7.7,1010.5,8,165,3.9,0.3,1228.0
54259,2019-09-17 13:36:00,15.4,1016.6,7,27,11.6,0.0,1061.8
54324,2019-09-17 13:36:00,8.4,1014.2,54,20,9.5,0.2,1017.2
54326,2019-09-17 13:36:00,7.9,1003.8,90,106,2.7,0.6,1127.8
54333,2019-09-17 13:36:00,28.9,1014.7,40,24,5.5,0.7,1308.4
54334,2019-09-17 13:36:00,15.1,1004.2,26,294,2.3,1.5,1408.1
54335,2019-09-17 13:36:00,21.4,1020.2,5,323,14.4,0.5,1043.2
54337,2019-09-17 13:36:00,2.9,1017.3,42,280,10.2,0.3,1177.9
54339,2019-09-17 13:36:00,19.3,1020.7,93,248,0.2,1.1,1490.2
54342,2019-09-17 13:36:00,0.3,1010.0,47,1,9.2,0.3,1204.8
54346,2019-09-17 13:36:00,29.3,1006.6,1,156,11.0,0.4,1490.0
54349,2019-09-17 13:36:00,15.8,1026.1,49,186,10.9,0.9,1024.8
54351,2019-09-17 13:36:00,2.3,1002.0,37,235,5.0,0.8,1235.9
54353,2019-09-17 13:36:00,18.1,1016.2,1,319,14.4,1.0,1075.0
54365,2019-09-17 13:36:00,27.7,1022.6,40,246,2.9,0.7,1406.1
54452,2019-09-17 13:36:00,20.9,1014.7,88,34,11.3,1.1,1469.4
54454,2019-09-17 13:36:00,31.6,1025.1,11,238,9.9,1.1,1071.1
54455,2019-09-17 13:36:00,8.3,1017.9,62,343,4.3,0.1,1165.3
54470,2019-09-17 13:36:00,10.2,1012.6,27,289,8.4,0.5,1070.1
54471,2019-09-17 13:36:00,35.0,1021.3,55,73,5.7,1.3,1282.7
54472,2019-09-17 13:36:00,26.7,1016.5,93,356,0.9,1.5,1249.9
54476,2019-09-17 13:36:00,25.2,1006.4,21,189,8.5,0.1,1494.9
54486,2019-09-17 13:36:00,0.1,1020.6,79,211,0.7,0.0,1205.5
54493,2019-09-17 13:36:00,18.5,1003.8,40,76,13.3,0.6,1052.8
54497,2019-09-17 13:36:00,33.1,1024.4,11,173,12.0,1.0,1301.9
54563,2019-09-17 13:36:00,19.0,1013.9,97,71,1.3,0.8,1145.8
54579,2019-09-17 13:36:00,5.5,1007.9,17,182,9.5,1.0,1345.1
54584,2019-09-17 13:36:00,13.6,1018.5,58,357,7.3,0.8,1472.1
54660,2019-09-17 13:36:00,34.2,1017.4,16,320,3.6,0.9,1153.5
54662,2019-09-17 13:36:00,9.6,1021.7,24,239,4.3,0.3,1029.5
50425,2019-09-17 13:36:00,29.8,1016.2,83,290,3.8,1.0,1422.6
50434,2019-09-17 13:36:00,28.4,1007.4,50,31,14.4,1.4,1102.5
50514,2019-09-17 13:36:00,20.6,1019.3,47,69,0.3,1.3,1313.7
50527,2019-09-17 13:36:00,13.8,1019.8,44,277,12.7,1.1,1002.4
50548,2019-09-17 13:36:00,14.9,1015.0,19,249,8.0,0.4,1009.6
50603,2019-09-17 13:36:00,2.8,1003.0,36,214,4.6,0.4,1166.4
50618,2019-09-17 13:36:00,21.4,1002.4,39,69,10.3,0.8,1000.7
50632,2019-09-17 13:36:00,20.6,1009.7,20,189,14.2,0.3,1282.2
50639,2019-09-17 13:36:00,27.5,1015.1,87,200,2.6,0.0,1178.2
50727,2019-09-17 13:36:00,11.9,1000.3,14,157,0.8,0.8,1334.2
50834,2019-09-17 13:36:00,31.2,1005.7,81,236,3.1,0.2,1403.5
50838,2019-09-17 13:36:00,11.4,1012.7,48,246,0.2,1.0,1081.1
50915,2019-09-17 13:36:00,34.8,1019.3,98,316,6.9,1.1,1429.3
50924,2019-09-17 13:36:00,21.1,1025.9,78,6,4.7,0.2,1034.4
52267,2019-09-17 13:36:00,17.9,1008.3,71,93,3.0,1.5,1101.4
52495,2019-09-17 13:36:00,8.0,1016.4,19,112,7.4,0.5,1311.6
52576,2019-09-17 13:36:00,18.2,1019.1,99,24,1.9,0.7,1078.1
53068,2019-09-17 13:36:00,31.2,1008.1,49,161,2.2,1.4,1264.9
53083,2019-09-17 13:36:00,21.2,1006.5,36,319,6.5,0.9,1450.9
53149,2019-09-17 13:36:00,29.0,1020.3,7,299,8.0,0.9,1256.3
53192,2019-09-17 13:36:00,18.5,1006.4,14,266,3.0,0.3,1307.2
53195,2019-09-17 13:36:00,4.2,1014.4,56,93,9.2,0.7,1002.4
53276,2019-09-17 13:36:00,18.0,1026.3,86,138,0.6,0.8,1261.3
53336,2019-09-17 13:36:00,21.8,1021.0,16,309,9.0,1.3,1445.5
53352,2019-09-17 13:36:00,8.0,1016.5,44,218,14.7,1.2,1449.5
53362,2019-09-17 13:36:00,14.7,1012.0,28,279,3.1,1.4,1053.5
53367,2019-09-17 13:36:00,27.0,1001.7,11,349,2.3,0.0,1087.2
53391,2019-09-17 13:36:00,28.7,1000.0,99,242,0.2,0.9,1159.2
53446,2019-09-17 13:36:00,25.8,1012.3,52,113,14.1,0.2,1405.3
53463,2019-09-17 13:36:00,11.1,1004.8,9,285,7.3,0.7,1315.5
53480,2019-09-17 13:36:00,23.0,1018.4,74,219,5.7,0.4,1460.3
53502,2019-09-17 13:36:00,34.7,1005.4,49,191,0.6,0.2,1484.7
53513,2019-09-17 13:36:00,14.5,1002.6,38,124,10.2,0.8,1002.5
53529,2019-09-17 13:36:00,32.4,1013.7,14,201,4.0,1.0,1226.9
53543,2019-09-17 13:36:00,25.2,1015.9,48,291,8.1,0.5,1373.2
53547,2019-09-17 13:36:00,4.9,1010.4,19,0,14.5,0.7,1417.0
53602,2019-09-17 13:36:00,14.2,1025.0,49,24,12.9,0.9,1415.3
54012,2019-09-17 13:36:00,27.6,1011.3,91,166,6.7,1.1,1082.7
54026,2019-09-17 13:36:00,6.9,1026.2,58,24,3.9,0.9,1240.6
54027,2019-09-17 13:36:00,21.3,1003.0,98,280,3.9,0.7,1334.4
54102,2019-09-17 13:36:00,5.3,1005.6,16,229,10.2,1.5,1349.7
54115,2019-09-17 13:36:00,22.6,1009.3,23,124,8.3,1.2,1455.1
54134,2019-09-17 13:36:00,16.2,1013.8,2,159,9.5,1.4,1406.0
54135,2019-09-17 13:36:00,8.1,1021.2,83,186,14.9,1.1,1049.7
54208,2019-09-17 13:36:00,29.0,1007.3,51,296,13.5,0.1,1449.8
54213,2019-09-17 13:36:00,33.7,1000.8,21,174,8.8,0.6,1177.4
54218,2019-09-17 13:36:00,9.9,1007.9,33,133,2.7,0.5,1267.5
54226,2019-09-17 13:36:00,30.3,1010.3,20,61,6.3,1.3,1184.4
53519,2019-09-17 13:36:00,33.8,1005.9,39,213,3.2,1.2,1208.1
53612,2019-09-17 13:36:00,31.5,1026.1,96,20,9.1,0.7,1279.2
53614,2019-09-17 13:36:00,4.7,1007.0,25,342,6.9,0.8,1454.0
53615,2019-09-17 13:36:00,10.0,1014.9,60,284,8.5,0.2,1294.0
53704,2019-09-17 13:36:00,22.3,1001.0,58,300,6.9,0.3,1142.5
53705,2019-09-17 13:36:00,16.2,1005.0,44,253,4.3,0.2,1392.5
53723,2019-09-17 13:36:00,34.1,1013.1,21,125,6.8,0.0,1059.6
53806,2019-09-17 13:36:00,10.7,1021.3,95,277,9.2,0.5,1434.4
53810,2019-09-17 13:36:00,31.3,1010.7,100,347,7.2,1.2,1036.7
53817,2019-09-17 13:36:00,8.1,1008.6,54,287,3.8,0.0,1151.0
53903,2019-09-17 13:36:00,4.0,1022.9,58,336,4.5,0.9,1437.2
53910,2019-09-17 13:36:00,0.8,1001.4,54,302,7.7,0.0,1042.6
51886,2019-09-17 13:36:00,22.7,1018.5,53,1,14.3,0.7,1230.2
52602,2019-09-17 13:36:00,7.7,1020.2,21,49,1.0,1.4,1223.3
52633,2019-09-17 13:36:00,21.4,1024.4,81,333,1.5,0.9,1232.9
52645,2019-09-17 13:36:00,22.2,1012.2,36,75,9.1,0.5,1467.6
52657,2019-09-17 13:36:00,13.6,1015.4,69,201,9.6,0.1,1405.5
52707,2019-09-17 13:36:00,21.5,1023.9,28,147,13.4,0.3,1442.7
52713,2019-09-17 13:36:00,20.8,1009.5,77,87,5.2,0.8,1434.1
52737,2019-09-17 13:36:00,34.3,1025.5,83,240,11.2,0.5,1036.0
52754,2019-09-17 13:36:00,28.2,1019.8,86,265,9.9,0.9,1304.2
52765,2019-09-17 13:36:00,28.3,1001.3,66,345,5.5,0.4,1061.3
52818,2019-09-17 13:36:00,14.7,1009.2,13,85,11.7,0.4,1048.6
52825,2019-09-17 13:36:00,12.2,1005.6,66,131,9.2,1.1,1126.2
52833,2019-09-17 13:36:00,24.9,1002.2,79,332,2.7,0.3,1487.8
52836,2019-09-17 13:36:00,11.2,1005.1,9,285,10.1,0.6,1132.9
52842,2019-09-17 13:36:00,17.1,1024.1,8,345,1.0,1.1,1194.4
52856,2019-09-17 13:36:00,28.5,1004.5,69,101,10.8,1.3,1220.6
52866,2019-09-17 13:36:00,31.4,1014.5,16,157,5.2,1.0,1006.9
52868,2019-09-17 13:36:00,22.7,1004.9,59,168,3.0,0.7,1459.3
52876,2019-09-17 13:36:00,11.4,1004.3,97,220,10.9,1.5,1479.6
52908,2019-09-17 13:36:00,19.6,1025.1,22,22,3.6,0.1,1144.0
52943,2019-09-17 13:36:00,14.5,1019.6,49,97,6.1,0.7,1392.3
52955,2019-09-17 13:36:00,31.8,1011.2,76,87,6.9,0.6,1077.5
52974,2019-09-17 13:36:00,15.1,1012.8,94,283,9.6,0.9,1092.5
56004,2019-09-17 13:36:00,0.8,1000.6,63,339,2.2,1.1,1474.7
56018,2019-09-17 13:36:00,10.2,1003.1,38,308,10.4,0.9,1097.5
56021,2019-09-17 13:36:00,1.6,1003.5,13,323,10.8,0.3,1485.3
56029,2019-09-17 13:36:00,11.1,1012.5,91,170,12.8,1.5,1133.7
56033,2019-09-17 13:36:00,14.7,1023.4,43,354,7.2,1.2,1122.8
56034,2019-09-17 13:36:00,4.3,1014.1,100,287,6.7,1.2,1125.2
56043,2019-09-17 13:36:00,31.3,1001.3,74,111,7.3,1.3,1079.8
56046,2019-09-17 13:36:00,21.5,1021.6,58,72,5.2,1.5,1435.0
56065,2019-09-17 13:36:00,26.8,1002.2,10,209,0.8,0.7,1103.2
56067,2019-09-17 13:36:00,27.5,1001.7,61,137,9.8,1.5,1306.4
56125,2019-09-17 13:36:00,0.4,1009.2,53,290,12.0,0.5,1190.6
56151,2019-09-17 13:36:00,33.6,1002.9,10,29,4.2,1.0,1241.3
54715,2019-09-17 13:36:00,25.7,1001.1,38,229,14.8,0.2,1379.0
54725,2019-09-17 13:36:00,28.3,1011.9,86,117,5.8,0.1,1332.4
54727,2019-09-17 13:36:00,4.2,1002.2,52,35,0.4,0.3,1206.0
54744,2019-09-17 13:36:00,27.2,1002.5,52,3,4.6,0.4,1260.1
54751,2019-09-17 13:36:00,13.0,1004.9,99,145,9.7,1.5,1318.0
54753,2019-09-17 13:36:00,33.5,1025.0,57,184,8.6,0.5,1228.3
54764,2019-09-17 13:36:00,0.3,1011.3,61,52,14.7,1.1,1146.1
54774,2019-09-17 13:36:00,26.6,1017.3,98,329,10.0,0.4,1473.6
54776,2019-09-17 13:36:00,22.7,1000.1,57,205,4.2,1.1,1230.1
54808,2019-09-17 13:36:00,23.2,1015.7,89,106,13.0,0.0,1377.1
54823,2019-09-17 13:36:00,14.4,1022.7,38,301,12.7,1.3,1042.5
54826,2019-09-17 13:36:00,6.2,1021.8,94,119,3.1,0.6,1376.3
54836,2019-09-17 13:36:00,18.9,1005.0,13,270,0.3,0.0,1312.5
54842,2019-09-17 13:36:00,10.2,1012.0,90,116,2.0,1.3,1165.4
54843,2019-09-17 13:36:00,16.8,1013.5,67,328,1.2,1.1,1193.7
54857,2019-09-17 13:36:00,22.2,1020.7,96,257,6.5,0.8,1460.3
54863,2019-09-17 13:36:00,10.1,1003.5,57,63,7.2,1.2,1465.6
54909,2019-09-17 13:36:00,27.7,1018.3,82,143,6.6,0.2,1285.5
54916,2019-09-17 13:36:00,21.0,1001.9,36,160,7.9,0.5,1144.8
54929,2019-09-17 13:36:00,33.2,1000.8,91,246,6.2,1.3,1164.0
54936,2019-09-17 13:36:00,16.1,1007.5,52,307,10.5,0.7,1044.5
54945,2019-09-17 13:36:00,17.7,1009.2,76,335,11.7,0.0,1451.7
58034,2019-09-17 13:36:00,3.3,1012.3,92,133,3.7,0.6,1097.1
53478,2019-09-17 13:36:00,28.4,1018.6,23,200,13.9,1.2,1170.3
53487,2019-09-17 13:36:00,20.1,1004.9,2,261,7.4,0.4,1078.5
53490,2019-09-17 13:36:00,21.2,1007.3,23,108,14.2,1.0,1048.4
53564,2019-09-17 13:36:00,27.5,1010.3,96,45,9.1,0.6,1148.7
53578,2019-09-17 13:36:00,31.7,1007.9,85,305,14.7,1.4,1325.9
53579,2019-09-17 13:36:00,27.5,1003.5,5,269,1.9,1.3,1479.8
53588,2019-09-17 13:36:00,5.8,1013.3,84,106,12.3,1.4,1213.8
53594,2019-09-17 13:36:00,34.7,1019.1,52,226,1.6,0.6,1302.6
53663,2019-09-17 13:36:00,1.5,1024.6,95,296,10.0,1.1,1013.1
53664,2019-09-17 13:36:00,16.7,1020.7,92,217,10.8,0.3,1027.9
53673,2019-09-17 13:36:00,25.1,1001.5,2,137,11.0,1.3,1193.8
53687,2019-09-17 13:36:00,15.9,1021.5,91,20,0.3,1.3,1481.9
53764,2019-09-17 13:36:00,4.6,1010.1,2,277,2.7,0.0,1022.4
53772,2019-09-17 13:36:00,29.6,1001.7,52,238,6.4,1.0,1140.9
53775,2019-09-17 13:36:00,21.2,1019.9,95,336,9.0,0.7,1160.7
53787,2019-09-17 13:36:00,9.3,1022.9,37,88,12.9,1.5,1337.3
53853,2019-09-17 13:36:00,6.9,1001.0,19,24,11.2,0.8,1284.3
53859,2019-09-17 13:36:00,19.0,1017.5,100,71,4.7,1.1,1112.2
53863,2019-09-17 13:36:00,33.9,1017.0,18,208,8.5,0.3,1489.4
53868,2019-09-17 13:36:00,25.7,1007.3,78,321,9.3,1.3,1151.7
53877,2019-09-17 13:36:00,18.1,1025.5,63,249,11.3,0.1,1103.5
53882,2019-09-17 13:36:00,5.4,1014.5,47,296,2.7,1.0,1397.0
53884,2019-09-17 13:36:00,23.6,1005.1,90,267,4.6,0.2,1401.5
53959,2019-09-17 13:36:00,12.6,1005.9,20,102,12.7,0.4,1488.6
53963,2019-09-17 13:36:00,2.3,1021.2,19,149,5.4,0.0,1014.9
53968,2019-09-17 13:36:00,27.8,1012.8,24,24,12.0,1.3,1285.0
53975,2019-09-17 13:36:00,2.1,1016.4,1,183,12.0,0.5,1110.8
57052,2019-09-17 13:36:00,22.8,1024.2,39,244,11.6,0.2,1493.2
53646,2019-09-17 13:36:00,0.2,1007.8,68,50,12.2,0.5,1483.1
53651,2019-09-17 13:36:00,11.4,1013.7,30,246,8.1,1.2,1205.0
53725,2019-09-17 13:36:00,16.3,1005.9,5,221,9.5,0.0,1063.8
53735,2019-09-17 13:36:00,22.9,1003.6,88,277,14.5,1.4,1451.8
53738,2019-09-17 13:36:00,26.2,1000.1,65,190,14.6,1.5,1056.2
53740,2019-09-17 13:36:00,17.3,1012.3,5,78,8.6,1.3,1185.2
53754,2019-09-17 13:36:00,30.3,1009.3,40,322,1.4,1.1,1152.5
53845,2019-09-17 13:36:00,22.3,1018.5,1,227,4.6,0.3,1016.6
53854,2019-09-17 13:36:00,5.4,1013.5,63,145,0.3,1.4,1197.1
53929,2019-09-17 13:36:00,10.9,1014.0,53,343,3.0,0.8,1166.6
53942,2019-09-17 13:36:00,19.2,1022.1,70,117,12.9,0.5,1377.4
53948,2019-09-17 13:36:00,8.7,1022.4,40,185,5.4,1.1,1086.9
53955,2019-09-17 13:36:00,25.7,1020.1,54,6,4.6,0.7,1142.1
57003,2019-09-17 13:36:00,8.7,1009.5,24,34,0.7,0.7,1495.5
57025,2019-09-17 13:36:00,15.5,1009.3,51,266,12.4,1.5,1287.5
57028,2019-09-17 13:36:00,16.5,1018.0,61,351,3.5,1.5,1072.0
57030,2019-09-17 13:36:00,29.4,1003.3,46,136,2.4,0.2,1097.1
57034,2019-09-17 13:36:00,20.9,1002.2,98,44,6.4,1.2,1328.6
57037,2019-09-17 13:36:00,21.4,1020.7,8,72,13.0,0.5,1004.8
57046,2019-09-17 13:36:00,34.9,1006.6,19,163,1.1,1.0,1259.6
57048,2019-09-17 13:36:00,33.8,1004.7,24,352,7.5,0.0,1385.7
57049,2019-09-17 13:36:00,0.1,1002.8,83,273,8.7,0.3,1436.9
57106,2019-09-17 13:36:00,20.8,1001.4,81,35,0.3,0.4,1038.4
57124,2019-09-17 13:36:00,17.4,1011.9,63,253,8.0,0.8,1295.4
57127,2019-09-17 13:36:00,27.3,1008.3,71,294,4.7,1.3,1132.5
57131,2019-09-17 13:36:00,22.5,1007.8,79,145,3.1,0.4,1231.2
57134,2019-09-17 13:36:00,18.8,1021.9,1,172,10.0,1.3,1272.2
57140,2019-09-17 13:36:00,28.6,1004.6,92,289,12.2,0.1,1313.5
57143,2019-09-17 13:36:00,18.5,1007.7,91,249,0.2,0.1,1112.2
57144,2019-09-17 13:36:00,27.4,1010.6,35,155,12.2,0.4,1146.4
57154,2019-09-17 13:36:00,3.0,1009.0,52,46,1.9,0.7,1317.6
57211,2019-09-17 13:36:00,11.0,1018.4,50,124,5.7,1.2,1408.4
57232,2019-09-17 13:36:00,31.8,1015.7,1,105,3.5,1.1,1472.5
57238,2019-09-17 13:36:00,11.3,1021.1,30,109,1.2,1.5,1325.6
57245,2019-09-17 13:36:00,14.3,1013.6,18,10,10.1,1.2,1467.7
57343,2019-09-17 13:36:00,17.5,1014.3,67,103,1.0,1.1,1009.5
58362,2019-09-17 13:36:00,30.4,1015.5,86,269,5.7,0.6,1148.1
56038,2019-09-17 13:36:00,20.4,1001.1,69,264,8.7,0.2,1109.1
56079,2019-09-17 13:36:00,8.2,1019.5,42,278,9.3,1.0,1258.1
56144,2019-09-17 13:36:00,9.8,1025.0,49,208,0.6,1.0,1212.3
56146,2019-09-17 13:36:00,33.1,1003.3,32,23,14.5,0.4,1319.4
56152,2019-09-17 13:36:00,33.2,1001.6,20,39,8.7,0.4,1310.2
56167,2019-09-17 13:36:00,32.8,1004.0,9,168,5.5,0.2,1257.0
56172,2019-09-17 13:36:00,29.6,1018.7,99,95,14.3,0.6,1407.9
56173,2019-09-17 13:36:00,17.9,1024.2,28,247,14.7,1.0,1266.4
56178,2019-09-17 13:36:00,27.2,1002.4,36,278,3.5,1.5,1331.4
56182,2019-09-17 13:36:00,8.5,1022.5,34,341,8.7,0.1,1297.3
56187,2019-09-17 13:36:00,33.8,1014.5,100,245,5.8,0.9,1104.1
56188,2019-09-17 13:36:00,25.9,1020.5,10,312,0.7,0.4,1030.2
56196,2019-09-17 13:36:00,16.2,1016.9,74,200,13.0,0.9,1443.6
56247,2019-09-17 13:36:00,34.9,1011.1,100,324,6.3,0.8,1097.9
56251,2019-09-17 13:36:00,18.6,1025.8,80,164,2.3,0.3,1363.5
56257,2019-09-17 13:36:00,21.6,1008.3,84,304,2.4,1.2,1400.7
56287,2019-09-17 13:36:00,21.5,1017.2,60,80,8.3,1.3,1433.1
56357,2019-09-17 13:36:00,4.8,1012.9,95,333,6.0,1.0,1283.2
56374,2019-09-17 13:36:00,14.4,1019.8,76,85,0.6,0.3,1356.2
56385,2019-09-17 13:36:00,15.9,1023.3,64,103,11.6,0.2,1460.2
56386,2019-09-17 13:36:00,29.4,1011.2,89,186,2.5,0.8,1128.1
56459,2019-09-17 13:36:00,11.8,1024.3,12,156,7.9,0.9,1044.7
56462,2019-09-17 13:36:00,10.4,1018.6,39,66,3.0,1.4,1303.1
56475,2019-09-17 13:36:00,2.8,1014.3,13,268,1.3,0.4,1060.7
56479,2019-09-17 13:36:00,11.4,1026.4,33,344,1.9,0.4,1220.4
56485,2019-09-17 13:36:00,25.4,1015.2,69,226,10.7,1.5,1321.4
56492,2019-09-17 13:36:00,28.5,1023.4,44,189,9.0,0.2,1360.3
56565,2019-09-17 13:36:00,22.0,1025.0,87,141,7.5,0.7,1233.6
56571,2019-09-17 13:36:00,24.7,1023.7,66,217,0.3,0.1,1311.8
56666,2019-09-17 13:36:00,24.1,1026.2,44,178,9.4,0.8,1274.5
56671,2019-09-17 13:36:00,17.0,1004.2,60,192,3.6,1.1,1066.1
57206,2019-09-17 13:36:00,2.3,1021.7,18,351,3.7,0.4,1151.8
57237,2019-09-17 13:36:00,29.2,1007.7,47,222,13.6,1.1,1134.8
57306,2019-09-17 13:36:00,18.1,1009.1,66,214,3.3,1.2,1357.6
57313,2019-09-17 13:36:00,31.4,1016.9,62,185,7.2,0.1,1312.9
57314,2019-09-17 13:36:00,32.5,1011.1,1,249,11.3,1.3,1454.6
57328,2019-09-17 13:36:00,1.0,1011.3,6,156,3.0,0.3,1271.2
57405,2019-09-17 13:36:00,19.7,1010.0,90,298,7.6,0.2,1191.4
57411,2019-09-17 13:36:00,14.0,1015.5,9,92,3.9,0.6,1314.6
57503,2019-09-17 13:36:00,18.4,1014.8,9,204,11.9,0.8,1108.9
57604,2019-09-17 13:36:00,3.5,1022.2,7,306,0.3,1.2,1031.6
57608,2019-09-17 13:36:00,25.0,1014.0,73,214,3.0,0.1,1135.0
54525,2019-09-17 13:36:00,22.1,1007.5,89,289,13.5,0.8,1471.8
54527,2019-09-17 13:36:00,5.5,1025.0,93,150,11.3,0.4,1052.3
54623,2019-09-17 13:36:00,6.4,1008.0,32,268,8.9,0.6,1383.0
55228,2019-09-17 13:36:00,33.8,1024.2,61,20,6.9,1.2,1132.6
55248,2019-09-17 13:36:00,7.3,1020.5,99,258,2.0,1.0,1203.7
55279,2019-09-17 13:36:00,11.9,1020.3,95,291,5.9,1.4,1498.1
55294,2019-09-17 13:36:00,4.0,1024.5,92,247,0.0,1.1,1173.0
55299,2019-09-17 13:36:00,18.5,1002.3,83,144,6.5,0.6,1120.5
55437,2019-09-17 13:36:00,18.9,1008.9,51,188,2.9,0.8,1266.5
55472,2019-09-17 13:36:00,5.6,1005.3,80,256,2.6,0.5,1284.3
55493,2019-09-17 13:36:00,29.5,1012.3,66,100,10.5,0.8,1425.6
55569,2019-09-17 13:36:00,17.7,1013.6,95,306,14.4,0.8,1430.5
55578,2019-09-17 13:36:00,14.1,1005.3,47,268,0.4,0.4,1033.6
55585,2019-09-17 13:36:00,11.8,1025.1,36,246,13.6,0.2,1391.4
55591,2019-09-17 13:36:00,23.8,1024.6,86,0,10.6,0.6,1274.3
55598,2019-09-17 13:36:00,21.4,1025.4,80,218,14.0,1.4,1324.6
55655,2019-09-17 13:36:00,21.9,1025.4,48,126,12.7,1.4,1308.3
55664,2019-09-17 13:36:00,19.8,1018.0,84,298,3.7,1.0,1270.2
55680,2019-09-17 13:36:00,2.0,1019.7,51,328,2.8,0.0,1028.8
55681,2019-09-17 13:36:00,16.3,1003.8,54,278,9.9,1.3,1071.0
55690,2019-09-17 13:36:00,23.4,1015.6,35,127,6.5,0.5,1194.0
55696,2019-09-17 13:36:00,15.7,1012.0,73,38,11.8,0.3,1346.6
55773,2019-09-17 13:36:00,23.7,1018.7,54,282,1.4,0.8,1305.6
56106,2019-09-17 13:36:00,33.5,1004.7,13,102,3.2,0.9,1060.3
56116,2019-09-17 13:36:00,10.8,1004.2,50,124,11.3,0.3,1179.3
56137,2019-09-17 13:36:00,19.7,1011.2,29,154,14.4,0.0,1124.5
56202,2019-09-17 13:36:00,21.5,1019.2,2,191,13.7,1.1,1068.1
56223,2019-09-17 13:36:00,22.3,1020.6,78,306,0.5,0.9,1230.4
56227,2019-09-17 13:36:00,9.1,1001.8,62,341,6.1,0.2,1492.3
56312,2019-09-17 13:36:00,22.0,1005.0,49,165,1.7,1.3,1211.1
56331,2019-09-17 13:36:00,22.2,1004.9,85,78,8.9,0.1,1382.8
56434,2019-09-17 13:36:00,30.7,1015.7,56,69,5.5,1.2,1333.1
51053,2019-09-17 13:36:00,30.0,1016.0,57,300,3.4,0.5,1217.5
51059,2019-09-17 13:36:00,30.3,1002.9,20,163,3.4,1.5,1245.4
51060,2019-09-17 13:36:00,24.7,1015.3,13,8,13.0,0.0,1140.6
51068,2019-09-17 13:36:00,13.5,1006.1,49,197,8.0,1.1,1250.4
51076,2019-09-17 13:36:00,4.6,1018.5,55,128,11.5,0.3,1367.4
51087,2019-09-17 13:36:00,27.9,1010.4,75,310,12.0,0.9,1084.7
51133,2019-09-17 13:36:00,2.8,1012.9,8,219,11.5,1.1,1034.2
51156,2019-09-17 13:36:00,14.3,1016.7,27,314,5.8,0.6,1455.3
51186,2019-09-17 13:36:00,21.7,1013.7,42,146,7.2,0.4,1463.2
51232,2019-09-17 13:36:00,19.7,1005.6,28,133,9.5,1.3,1195.0
51238,2019-09-17 13:36:00,2.2,1021.1,22,302,6.1,0.0,1249.7
51241,2019-09-17 13:36:00,9.3,1017.4,63,83,12.6,0.8,1245.3
51243,2019-09-17 13:36:00,17.0,1007.0,53,306,14.7,0.5,1442.9
51288,2019-09-17 13:36:00,25.3,1013.6,33,322,0.4,1.5,1191.4
51330,2019-09-17 13:36:00,32.6,1016.8,4,240,5.9,0.8,1440.9
51334,2019-09-17 13:36:00,20.8,1024.2,29,310,6.1,0.6,1393.3
51346,2019-09-17 13:36:00,28.4,1021.6,63,227,14.6,1.0,1241.2
51358,2019-09-17 13:36:00,25.2,1008.0,11,98,5.3,0.2,1018.3
51365,2019-09-17 13:36:00,16.3,1006.6,41,210,1.9,1.5,1287.1
51367,2019-09-17 13:36:00,20.4,1002.4,25,341,12.8,0.1,1086.8
51379,2019-09-17 13:36:00,19.9,1019.0,78,202,7.6,1.1,1470.4
51431,2019-09-17 13:36:00,5.5,1010.3,16,19,7.0,1.3,1174.0
51433,2019-09-17 13:36:00,2.8,1005.7,71,353,2.8,0.6,1498.3
51437,2019-09-17 13:36:00,23.1,1010.3,78,147,7.4,0.6,1370.8
51463,2019-09-17 13:36:00,0.9,1017.2,85,226,10.4,0.9,1451.5
51467,2019-09-17 13:36:00,5.8,1014.4,39,185,11.4,0.5,1401.6
51469,2019-09-17 13:36:00,13.6,1010.3,15,120,5.5,0.4,1269.1
51470,2019-09-17 13:36:00,23.4,1000.6,94,294,10.1,1.0,1212.8
51477,2019-09-17 13:36:00,31.8,1014.9,47,273,3.3,0.6,1050.8
51495,2019-09-17 13:36:00,15.9,1009.0,61,251,0.1,1.1,1454.1
51526,2019-09-17 13:36:00,22.1,1010.6,6,22,3.9,1.2,1134.3
51542,2019-09-17 13:36:00,4.7,1023.3,61,11,5.7,0.5,1399.6
51567,2019-09-17 13:36:00,9.9,1019.2,84,318,0.2,1.3,1194.7
51573,2019-09-17 13:36:00,4.2,1017.3,4,165,1.0,1.1,1412.2
51581,2019-09-17 13:36:00,10.1,1026.1,78,59,2.3,1.4,1304.3
51628,2019-09-17 13:36:00,11.3,1003.6,49,321,1.5,0.8,1275.7
51633,2019-09-17 13:36:00,15.7,1005.5,63,184,4.3,0.9,1106.8
51639,2019-09-17 13:36:00,12.4,1011.3,47,4,14.3,0.1,1481.2
51642,2019-09-17 13:36:00,28.2,1014.2,11,336,3.3,0.7,1370.9
51644,2019-09-17 13:36:00,32.7,1026.2,31,133,2.8,0.6,1275.5
51655,2019-09-17 13:36:00,32.6,1015.9,79,249,0.6,0.0,1161.1
51656,2019-09-17 13:36:00,27.4,1011.4,82,326,6.9,1.5,1068.5
51701,2019-09-17 13:36:00,7.5,1010.1,46,139,0.0,0.7,1293.6
51704,2019-09-17 13:36:00,23.5,1018.5,85,284,6.7,1.4,1077.4
51705,2019-09-17 13:36:00,25.1,1013.6,52,153,13.7,0.9,1486.3
51709,2019-09-17 13:36:00,0.0,1003.4,21,65,11.5,1.3,1151.4
51711,2019-09-17 13:36:00,21.5,1025.3,76,171,6.4,0.8,1042.2
51716,2019-09-17 13:36:00,19.1,1020.2,8,21,2.2,1.1,1185.0
51720,2019-09-17 13:36:00,23.9,1008.1,63,57,0.7,0.1,1161.4
51730,2019-09-17 13:36:00,21.8,1009.2,45,281,2.1,0.1,1465.8
51747,2019-09-17 13:36:00,4.7,1020.3,31,163,5.1,0.5,1178.8
51765,2019-09-17 13:36:00,10.4,1000.4,99,133,10.7,0.9,1308.7
51777,2019-09-17 13:36:00,3.3,1017.5,33,39,11.1,0.7,1375.7
51804,2019-09-17 13:36:00,17.9,1007.4,39,307,6.1,1.4,1240.4
51810,2019-09-17 13:36:00,24.8,1009.1,100,233,7.0,0.1,1431.8
51811,2019-09-17 13:36:00,26.6,1007.6,76,243,12.0,0.9,1217.0
51818,2019-09-17 13:36:00,1.1,1022.0,64,117,3.2,0.8,1075.1
51828,2019-09-17 13:36:00,20.7,1024.2,37,126,1.1,0.6,1158.3
51839,2019-09-17 13:36:00,19.7,1015.7,99,139,6.4,1.3,1267.7
51855,2019-09-17 13:36:00,30.9,1001.0,86,179,7.3,0.4,1092.9
51931,2019-09-17 13:36:00,21.5,1001.8,32,91,7.0,0.2,1023.0
52101,2019-09-17 13:36:00,25.3,1008.9,9,298,14.1,0.8,1050.0
52112,2019-09-17 13:36:00,29.5,1003.2,3,60,13.7,0.8,1052.7
52118,2019-09-17 13:36:00,21.9,1003.4,29,177,3.1,0.5,1420.6
52203,2019-09-17 13:36:00,19.9,1012.5,4,171,11.3,1.0,1287.9
52313,2019-09-17 13:36:00,11.6,1019.2,56,279,7.9,1.1,1419.2
56444,2019-09-17 13:36:00,27.8,1020.7,7,177,3.6,0.4,1354.3
56533,2019-09-17 13:36:00,32.3,1005.0,2,164,11.1,0.1,1148.5
56543,2019-09-17 13:36:00,24.1,1011.7,15,269,1.9,1.3,1331.2
56548,2019-09-17 13:36:00,16.1,1000.3,28,151,3.7,0.6,1492.1
56586,2019-09-17 13:36:00,8.0,1021.7,100,51,0.9,0.9,1178.8
56643,2019-09-17 13:36:00,29.5,1003.5,79,69,2.5,0.7,1296.8
56651,2019-09-17 13:36:00,1.3,1014.0,60,271,5.2,0.9,1418.3
56664,2019-09-17 13:36:00,25.5,1022.7,86,308,14.7,1.2,1201.4
56684,2019-09-17 13:36:00,28.8,1009.1,94,323,9.5,0.9,1396.5
56739,2019-09-17 13:36:00,20.7,1004.2,16,113,11.8,1.3,1467.1
56748,2019-09-17 13:36:00,27.6,1014.9,21,92,13.4,0.8,1430.3
56751,2019-09-17 13:36:00,9.1,1018.2,48,263,0.2,1.2,1037.8
56763,2019-09-17 13:36:00,14.7,1023.8,56,318,14.6,0.1,1369.9
56768,2019-09-17 13:36:00,14.6,1015.4,89,47,9.6,1.1,1275.6
56778,2019-09-17 13:36:00,11.6,1022.5,27,222,12.4,1.5,1091.4
56786,2019-09-17 13:36:00,24.4,1019.1,62,90,9.0,1.2,1300.3
56838,2019-09-17 13:36:00,26.6,1018.0,39,54,14.5,0.5,1118.8
56856,2019-09-17 13:36:00,0.4,1010.4,27,114,9.0,0.7,1304.2
56872,2019-09-17 13:36:00,32.3,1020.7,38,25,12.3,1.5,1034.9
56875,2019-09-17 13:36:00,21.2,1012.2,14,160,9.5,0.6,1470.6
56886,2019-09-17 13:36:00,6.6,1017.5,77,278,13.2,0.2,1325.5
56946,2019-09-17 13:36:00,19.6,1015.7,58,81,0.8,1.5,1002.2
56950,2019-09-17 13:36:00,10.9,1024.7,93,180,7.5,1.3,1362.6
56951,2019-09-17 13:36:00,33.6,1020.3,66,339,0.7,1.4,1306.1
56954,2019-09-17 13:36:00,1.0,1014.7,75,319,14.4,1.0,1468.1
56959,2019-09-17 13:36:00,3.6,1019.9,95,185,13.3,0.3,1140.7
56964,2019-09-17 13:36:00,33.0,1008.8,35,322,9.3,0.3,1365.3
56966,2019-09-17 13:36:00,31.3,1022.3,33,118,10.3,0.9,1444.5
56969,2019-09-17 13:36:00,3.0,1016.9,30,146,13.8,1.1,1464.2
56977,2019-09-17 13:36:00,23.1,1026.2,27,40,12.6,0.8,1199.0
56985,2019-09-17 13:36:00,11.6,1019.5,46,355,6.6,0.3,1283.2
56986,2019-09-17 13:36:00,3.9,1004.8,85,289,11.9,0.0,1289.5
56991,2019-09-17 13:36:00,3.0,1016.5,69,85,14.6,1.3,1402.0
59007,2019-09-17 13:36:00,25.8,1003.6,9,289,6.4,0.7,1161.7
58448,2019-09-17 13:36:00,30.2,1015.9,49,104,3.5,0.9,1273.9
58450,2019-09-17 13:36:00,31.2,1023.9,9,304,13.5,1.2,1133.5
58457,2019-09-17 13:36:00,28.8,1002.7,97,318,2.9,0.8,1043.2
58464,2019-09-17 13:36:00,10.7,1019.3,68,3,12.4,0.4,1189.8
58467,2019-09-17 13:36:00,7.7,1016.0,67,101,2.4,0.2,1252.8
58472,2019-09-17 13:36:00,26.4,1018.9,97,286,8.6,0.8,1019.4
58477,2019-09-17 13:36:00,21.9,1002.1,76,181,11.5,1.5,1124.6
58543,2019-09-17 13:36:00,32.2,1026.0,28,141,5.8,0.3,1175.6
58549,2019-09-17 13:36:00,29.3,1007.5,73,153,9.0,0.3,1281.0
58553,2019-09-17 13:36:00,26.8,1022.0,92,90,1.7,0.3,1158.5
58556,2019-09-17 13:36:00,19.7,1009.2,28,180,5.0,0.6,1264.7
58557,2019-09-17 13:36:00,24.1,1014.3,21,41,7.0,1.2,1422.7
58562,2019-09-17 13:36:00,23.9,1010.0,23,152,12.2,1.0,1341.0
58569,2019-09-17 13:36:00,23.6,1019.0,92,340,14.1,0.2,1363.4
58633,2019-09-17 13:36:00,16.1,1022.5,60,133,12.3,0.6,1094.1
58646,2019-09-17 13:36:00,6.6,1009.2,7,91,7.0,0.6,1364.6
58652,2019-09-17 13:36:00,20.9,1015.1,91,140,12.3,0.8,1088.8
58665,2019-09-17 13:36:00,11.6,1006.9,71,359,14.4,1.4,1306.8
58666,2019-09-17 13:36:00,0.9,1011.5,55,15,12.6,0.1,1037.1
58667,2019-09-17 13:36:00,31.6,1009.6,6,256,9.4,1.5,1021.1
58742,2019-09-17 13:36:00,23.7,1020.5,25,319,6.8,1.1,1180.4
58752,2019-09-17 13:36:00,34.9,1010.9,17,121,8.8,1.5,1175.6
58760,2019-09-17 13:36:00,11.3,1010.0,46,210,0.5,1.5,1420.1
57348,2019-09-17 13:36:00,7.8,1016.0,79,34,11.6,1.2,1427.6
57426,2019-09-17 13:36:00,7.9,1020.2,84,299,3.7,0.7,1109.3
57432,2019-09-17 13:36:00,15.8,1021.1,22,12,10.6,0.6,1321.7
57502,2019-09-17 13:36:00,3.3,1026.4,47,171,3.4,1.1,1358.3
57512,2019-09-17 13:36:00,28.3,1006.0,21,155,6.0,0.6,1428.1
57516,2019-09-17 13:36:00,32.6,1023.4,25,289,3.2,1.5,1154.3
57517,2019-09-17 13:36:00,9.1,1021.4,63,121,14.5,1.1,1430.4
57520,2019-09-17 13:36:00,22.2,1008.5,32,92,10.6,0.9,1356.3
57523,2019-09-17 13:36:00,16.4,1025.8,38,232,1.8,1.3,1074.8
57536,2019-09-17 13:36:00,27.6,1025.3,21,96,9.4,0.9,1100.6
57612,2019-09-17 13:36:00,17.5,1024.4,18,292,12.3,0.3,1335.6
57633,2019-09-17 13:36:00,28.8,1008.5,20,256,14.2,1.4,1494.7
