58015,2019-10-12 14:42:00,9.9,1014.7,60,228,1.3,0.0,1352.1
58102,2019-10-12 14:42:00,12.1,1026.3,18,258,7.5,0.1,1425.4
58118,2019-10-12 14:42:00,32.9,1012.6,75,11,13.8,1.1,1257.1
58122,2019-10-12 14:42:00,3.2,1020.7,17,23,1.2,1.0,1222.4
58203,2019-10-12 14:42:00,30.9,1024.8,3,290,13.7,0.1,1272.0
58215,2019-10-12 14:42:00,19.8,1021.2,36,47,13.5,0.4,1288.2
58221,2019-10-12 14:42:00,26.8,1024.4,40,247,10.8,0.5,1424.2
58225,2019-10-12 14:42:00,30.0,1009.5,57,7,3.8,1.3,1352.0
58236,2019-10-12 14:42:00,21.6,1008.0,49,174,11.0,1.0,1427.1
58311,2019-10-12 14:42:00,31.7,1024.8,44,270,12.3,0.6,1186.3
58314,2019-10-12 14:42:00,12.1,1018.9,76,3,4.5,0.2,1038.9
58319,2019-10-12 14:42:00,19.9,1007.3,93,32,7.0,0.9,1458.8
58321,2019-10-12 14:42:00,9.1,1005.9,94,172,4.1,0.6,1298.4
58326,2019-10-12 14:42:00,3.8,1009.9,52,92,0.8,0.2,1055.4
58336,2019-10-12 14:42:00,21.0,1003.6,1,43,6.2,0.8,1321.2
58338,2019-10-12 14:42:00,32.5,1021.0,33,245,7.0,1.3,1183.8
58414,2019-10-12 14:42:00,26.5,1018.6,81,293,5.2,0.2,1377.2
58419,2019-10-12 14:42:00,27.3,1011.1,54,57,1.0,0.8,1461.0
58424,2019-10-12 14:42:00,34.6,1020.3,53,133,13.1,0.8,1393.7
58429,2019-10-12 14:42:00,16.5,1020.5,68,128,2.3,0.0,1246.7
58436,2019-10-12 14:42:00,4.0,1025.7,96,8,0.5,1.5,1462.6
58437,2019-10-12 14:42:00,22.0,1006.4,61,104,1.7,0.5,1339.9
58520,2019-10-12 14:42:00,33.2,1017.6,4,262,12.6,0.7,1433.9
58531,2019-10-12 14:42:00,10.5,1004.5,58,106,9.2,0.4,1319.8
54406,2019-10-12 14:42:00,34.6,1023.3,40,313,0.5,1.0,1226.9
54416,2019-10-12 14:42:00,35.0,1024.5,48,291,6.1,0.7,1338.7
54511,2019-10-12 14:42:00,13.1,1016.7,31,263,14.4,1.3,1370.2
58725,2019-10-12 14:42:00,20.1,1020.1,26,70,0.1,0.6,1266.6
58730,2019-10-12 14:42:00,1.8,1020.6,3,201,13.9,0.2,1055.4
58731,2019-10-12 14:42:00,23.0,1011.1,80,229,13.8,1.1,1016.8
58734,2019-10-12 14:42:00,11.1,1022.1,62,15,1.1,1.1,1309.8
58737,2019-10-12 14:42:00,13.1,1000.6,16,267,11.7,1.3,1392.1
58744,2019-10-12 14:42:00,28.7,1017.0,47,16,8.6,0.5,1418.7
58754,2019-10-12 14:42:00,31.7,1003.8,56,295,2.1,1.4,1225.6
58818,2019-10-12 14:42:00,14.9,1007.5,22,276,0.2,0.2,1131.7
58820,2019-10-12 14:42:00,12.4,1019.5,50,100,10.4,1.2,1197.3
58834,2019-10-12 14:42:00,24.5,1013.9,10,54,8.5,0.4,1196.9
58837,2019-10-12 14:42:00,19.8,1016.9,40,209,5.4,1.0,1475.9
58843,2019-10-12 14:42:00,22.9,1005.0,14,189,9.6,1.0,1051.9
58846,2019-10-12 14:42:00,33.3,1012.4,9,185,4.6,1.3,1490.9
58847,2019-10-12 14:42:00,24.9,1020.1,37,124,13.5,0.6,1435.1
58911,2019-10-12 14:42:00,6.7,1017.6,29,84,11.7,1.5,1205.8
58918,2019-10-12 14:42:00,29.1,1003.3,75,358,9.5,1.1,1315.9
58921,2019-10-12 14:42:00,12.3,1001.5,46,265,9.6,1.0,1347.4
58926,2019-10-12 14:42:00,2.3,1024.5,100,45,14.1,0.4,1041.0
58927,2019-10-12 14:42:00,16.6,1011.4,40,69,4.2,0.3,1420.7
58931,2019-10-12 14:42:00,32.7,1003.8,44,202,5.3,0.5,1104.1
58933,2019-10-12 14:42:00,27.3,1003.1,73,16,3.1,0.2,1054.9
58936,2019-10-12 14:42:00,21.8,1005.1,5,293,14.1,0.4,1315.9
58944,2019-10-12 14:42:00,29.2,1014.7,93,42,2.8,1.5,1399.1
59113,2019-10-12 14:42:00,1.6,1006.8,62,341,9.3,0.8,1317.7
59126,2019-10-12 14:42:00,20.8,1013.6,96,310,2.9,1.2,1164.1
59133,2019-10-12 14:42:00,25.8,1020.0,41,330,6.6,1.3,1348.6
59134,2019-10-12 14:42:00,5.7,1009.3,87,122,14.5,0.6,1364.8
59321,2019-10-12 14:42:00,5.0,1024.6,21,145,11.6,1.3,1388.8
52323,2019-10-12 14:42:00,19.5,1019.7,42,311,10.8,1.2,1341.7
52418,2019-10-12 14:42:00,5.0,1002.6,12,9,4.6,1.2,1460.7
52424,2019-10-12 14:42:00,20.3,1010.1,8,214,10.4,1.3,1365.1
52436,2019-10-12 14:42:00,14.2,1012.0,74,174,13.9,0.9,1092.3
52446,2019-10-12 14:42:00,32.1,1026.3,98,127,11.5,0.2,1214.8
52447,2019-10-12 14:42:00,2.6,1000.6,92,292,8.5,0.7,1078.2
52533,2019-10-12 14:42:00,29.4,1018.7,58,318,10.8,0.5,1361.3
52546,2019-10-12 14:42:00,3.9,1022.7,41,145,9.0,0.9,1281.0
52652,2019-10-12 14:42:00,33.4,1013.0,15,304,8.8,0.3,1369.7
52661,2019-10-12 14:42:00,26.0,1019.6,83,88,12.7,1.0,1452.4
52674,2019-10-12 14:42:00,8.0,1012.4,59,96,13.6,0.3,1412.6
52679,2019-10-12 14:42:00,5.3,1002.9,19,342,4.9,1.4,1285.8
52681,2019-10-12 14:42:00,19.6,1024.4,23,240,3.6,1.2,1389.5
52787,2019-10-12 14:42:00,8.6,1025.2,9,110,5.0,1.5,1441.2
52797,2019-10-12 14:42:00,27.0,1021.9,56,322,5.0,1.3,1176.6
52884,2019-10-12 14:42:00,6.7,1005.3,37,174,6.9,0.2,1180.4
52895,2019-10-12 14:42:00,32.6,1016.9,28,189,14.0,0.9,1234.0
52983,2019-10-12 14:42:00,30.3,1000.7,87,54,8.4,0.6,1345.2
52984,2019-10-12 14:42:00,30.6,1024.1,48,63,11.2,0.7,1326.3
52986,2019-10-12 14:42:00,14.1,1020.8,48,190,10.3,1.1,1063.2
52996,2019-10-12 14:42:00,34.7,1008.9,85,43,10.6,1.1,1272.4
53821,2019-10-12 14:42:00,26.4,1023.4,87,25,10.1,0.4,1410.8
53915,2019-10-12 14:42:00,2.4,1026.1,17,213,6.4,1.5,1380.9
53923,2019-10-12 14:42:00,5.1,1006.3,47,271,13.7,0.2,1109.8
56074,2019-10-12 14:42:00,29.2,1006.4,79,135,7.1,1.1,1260.7
56080,2019-10-12 14:42:00,6.3,1007.8,17,55,4.3,1.0,1353.2
56093,2019-10-12 14:42:00,21.7,1018.9,33,314,10.2,0.4,1075.2
56096,2019-10-12 14:42:00,0.1,1020.9,97,185,13.2,0.3,1437.5
57014,2019-10-12 14:42:00,32.1,1025.1,32,254,7.0,0.1,1406.5
57996,2019-10-12 14:42:00,16.5,1012.1,45,190,0.7,0.4,1158.1
59072,2019-10-12 14:42:00,30.9,1007.7,100,58,4.6,0.7,1401.5
59082,2019-10-12 14:42:00,31.6,1021.4,93,306,0.0,0.8,1211.0
59087,2019-10-12 14:42:00,31.3,1010.7,2,48,2.8,1.2,1115.8
59088,2019-10-12 14:42:00,30.6,1009.3,56,352,12.2,0.4,1294.0
59096,2019-10-12 14:42:00,10.8,1023.2,62,163,12.9,1.2,1054.2
59097,2019-10-12 14:42:00,24.5,1017.7,19,37,8.1,1.4,1240.8
59107,2019-10-12 14:42:00,4.3,1000.2,9,130,9.2,0.9,1427.6
59116,2019-10-12 14:42:00,28.5,1000.3,53,301,3.8,1.1,1472.6
59117,2019-10-12 14:42:00,12.7,1002.6,82,161,2.6,1.0,1070.5
59271,2019-10-12 14:42:00,3.9,1011.1,59,285,0.3,0.4,1278.5
59278,2019-10-12 14:42:00,6.2,1020.3,59,240,4.2,1.4,1062.2
59280,2019-10-12 14:42:00,29.6,1016.4,21,157,12.4,1.2,1081.5
59287,2019-10-12 14:42:00,20.9,1014.4,97,307,14.5,0.5,1041.2
59289,2019-10-12 14:42:00,33.1,1020.9,46,191,7.7,1.1,1311.7
59293,2019-10-12 14:42:00,29.1,1011.1,83,128,2.1,0.9,1277.2
59294,2019-10-12 14:42:00,29.5,1004.6,84,220,9.1,1.5,1046.1
59298,2019-10-12 14:42:00,20.1,1016.1,89,354,1.0,1.2,1210.2
59303,2019-10-12 14:42:00,10.5,1022.4,84,131,3.3,0.4,1355.3
59304,2019-10-12 14:42:00,27.4,1009.1,31,214,6.7,0.4,1217.5
59306,2019-10-12 14:42:00,6.8,1011.0,55,235,6.7,0.1,1146.6
59310,2019-10-12 14:42:00,20.4,1004.1,66,79,11.9,0.5,1018.2
59316,2019-10-12 14:42:00,2.4,1014.9,29,28,5.3,1.1,1308.4
59317,2019-10-12 14:42:00,26.8,1009.6,34,92,12.7,1.5,1236.1
59324,2019-10-12 14:42:00,33.1,1012.5,61,336,3.5,1.4,1044.0
59456,2019-10-12 14:42:00,30.7,1004.9,99,266,14.5,1.1,1031.0
59462,2019-10-12 14:42:00,20.8,1018.8,13,295,0.8,0.4,1335.0
59478,2019-10-12 14:42:00,34.4,1022.8,56,162,4.4,0.4,1242.1
59485,2019-10-12 14:42:00,4.7,1015.9,5,261,13.4,0.8,1372.4
59488,2019-10-12 14:42:00,4.1,1010.8,53,16,13.9,0.2,1070.5
59493,2019-10-12 14:42:00,15.3,1023.1,41,262,13.6,0.8,1028.4
59501,2019-10-12 14:42:00,32.7,1013.4,33,310,4.7,0.3,1316.4
59658,2019-10-12 14:42:00,14.7,1010.8,72,120,8.2,1.5,1094.9
59663,2019-10-12 14:42:00,19.8,1013.9,3,309,2.9,1.0,1274.3
59664,2019-10-12 14:42:00,17.1,1023.3,61,54,7.6,1.2,1256.9
59673,2019-10-12 14:42:00,15.3,1009.5,6,289,5.1,0.9,1220.1
59754,2019-10-12 14:42:00,2.5,1001.4,85,287,10.7,0.7,1037.4
57947,2019-10-12 14:42:00,32.7,1019.4,61,37,12.8,0.6,1096.5
57957,2019-10-12 14:42:00,1.6,1023.0,65,347,12.8,0.8,1017.9
57958,2019-10-12 14:42:00,34.1,1022.3,90,80,8.5,1.4,1094.5
59021,2019-10-12 14:42:00,23.4,1012.8,50,160,11.7,0.9,1281.1
59023,2019-10-12 14:42:00,18.5,1008.7,55,195,2.6,0.2,1257.9
59027,2019-10-12 14:42:00,12.0,1011.5,23,26,5.2,0.2,1186.8
59037,2019-10-12 14:42:00,17.7,1023.1,76,219,4.5,1.3,1293.9
59046,2019-10-12 14:42:00,10.1,1009.3,90,11,5.3,1.4,1007.3
59058,2019-10-12 14:42:00,5.6,1012.2,51,266,11.9,0.8,1098.4
59065,2019-10-12 14:42:00,29.9,1022.9,90,194,10.4,0.0,1458.6
59209,2019-10-12 14:42:00,28.8,1025.7,16,239,7.1,0.2,1159.8
59211,2019-10-12 14:42:00,25.8,1022.6,91,260,7.7,1.1,1396.0
59218,2019-10-12 14:42:00,12.4,1004.8,88,271,5.0,1.4,1379.6
59228,2019-10-12 14:42:00,18.7,1019.3,64,268,12.3,0.4,1247.7
59242,2019-10-12 14:42:00,24.5,1000.1,97,46,12.1,0.7,1032.5
59254,2019-10-12 14:42:00,0.9,1016.7,8,112,7.1,1.3,1247.5
59265,2019-10-12 14:42:00,1.0,1018.5,89,330,0.3,0.0,1264.8
59417,2019-10-12 14:42:00,22.7,1010.8,84,304,11.6,1.0,1453.3
59431,2019-10-12 14:42:00,6.2,1008.5,69,9,1.9,0.0,1046.7
59446,2019-10-12 14:42:00,10.5,1001.6,85,166,4.0,1.1,1059.3
59453,2019-10-12 14:42:00,29.4,1009.3,63,221,2.3,1.5,1205.5
59626,2019-10-12 14:42:00,13.5,1021.9,78,20,4.7,1.2,1262.7
59631,2019-10-12 14:42:00,16.0,1016.3,51,95,6.1,1.4,1335.9
59632,2019-10-12 14:42:00,11.1,1006.8,32,106,12.1,1.1,1365.9
59644,2019-10-12 14:42:00,23.6,1022.5,63,295,0.3,0.0,1382.0
59647,2019-10-12 14:42:00,13.8,1024.7,33,316,10.8,0.6,1135.9
56691,2019-10-12 14:42:00,34.7,1014.7,94,101,3.3,1.5,1199.6
56693,2019-10-12 14:42:00,25.1,1024.2,53,270,10.5,1.1,1019.0
56792,2019-10-12 14:42:00,33.2,1022.2,21,110,6.4,0.6,1012.7
56793,2019-10-12 14:42:00,32.7,1014.3,58,229,8.8,1.4,1384.2
57606,2019-10-12 14:42:00,16.9,1009.7,42,344,2.4,1.5,1419.9
57614,2019-10-12 14:42:00,34.0,1023.2,6,285,10.2,0.5,1294.6
57625,2019-10-12 14:42:00,9.0,1002.4,92,216,14.6,0.3,1030.9
57647,2019-10-12 14:42:00,17.2,1006.2,48,22,5.6,0.4,1259.7
57707,2019-10-12 14:42:00,22.3,1005.1,37,354,14.8,0.6,1326.0
57710,2019-10-12 14:42:00,20.7,1002.7,28,124,10.1,0.8,1205.5
57712,2019-10-12 14:42:00,30.9,1005.6,78,103,13.5,0.9,1345.5
57718,2019-10-12 14:42:00,1.5,1014.9,82,206,3.2,0.0,1049.8
57722,2019-10-12 14:42:00,18.5,1015.4,13,156,13.3,1.2,1006.0
57729,2019-10-12 14:42:00,34.4,1006.5,82,18,14.9,0.8,1307.5
57731,2019-10-12 14:42:00,21.6,1012.3,38,138,13.4,1.4,1331.7
57741,2019-10-12 14:42:00,9.9,1023.2,77,303,12.2,1.3,1432.0
57803,2019-10-12 14:42:00,28.1,1023.2,83,16,2.4,1.0,1495.8
57805,2019-10-12 14:42:00,26.8,1001.4,67,70,12.7,0.3,1396.6
57806,2019-10-12 14:42:00,26.8,1018.3,97,331,0.3,0.9,1338.7
57816,2019-10-12 14:42:00,5.0,1023.4,68,167,8.7,0.8,1152.8
57825,2019-10-12 14:42:00,2.4,1003.3,65,69,4.3,0.6,1031.9
57827,2019-10-12 14:42:00,31.9,1025.7,2,126,3.9,1.1,1030.2
57832,2019-10-12 14:42:00,2.5,1009.9,70,336,12.9,1.3,1056.4
57839,2019-10-12 14:42:00,23.4,1008.0,23,291,10.2,0.9,1380.7
57840,2019-10-12 14:42:00,1.6,1016.0,95,112,8.9,1.4,1334.3
57902,2019-10-12 14:42:00,34.8,1005.2,39,71,0.1,0.3,1498.9
57906,2019-10-12 14:42:00,27.7,1001.5,98,228,3.1,0.7,1323.2
57907,2019-10-12 14:42:00,17.9,1003.6,86,96,8.9,1.1,1384.4
57910,2019-10-12 14:42:00,17.7,1023.5,100,94,8.6,0.1,1115.2
57912,2019-10-12 14:42:00,26.3,1018.3,60,231,6.2,1.3,1326.9
57916,2019-10-12 14:42:00,15.5,1010.0,44,126,10.2,0.4,1162.1
57922,2019-10-12 14:42:00,20.7,1013.6,73,60,5.0,0.9,1027.1
57926,2019-10-12 14:42:00,23.5,1001.8,66,52,11.8,0.8,1081.6
57932,2019-10-12 14:42:00,6.0,1022.4,57,123,11.4,0.3,1315.9
59758,2019-10-12 14:42:00,22.9,1008.1,9,15,10.8,1.1,1264.7
59838,2019-10-12 14:42:00,30.7,1014.9,21,170,5.5,0.0,1482.4
59845,2019-10-12 14:42:00,9.9,1016.6,1,206,6.9,1.3,1484.6
59849,2019-10-12 14:42:00,31.5,1022.8,49,204,14.2,0.4,1349.6
59855,2019-10-12 14:42:00,26.9,1015.1,23,147,3.7,1.1,1083.8
59948,2019-10-12 14:42:00,8.5,1012.9,89,310,2.8,0.8,1051.0
59954,2019-10-12 14:42:00,30.4,1007.6,12,61,0.4,0.3,1244.7
59981,2019-10-12 14:42:00,1.8,1013.8,71,126,1.1,0.3,1326.5
53399,2019-10-12 14:42:00,25.0,1013.8,91,266,14.5,1.3,1043.5
53593,2019-10-12 14:42:00,12.0,1013.3,41,222,8.4,0.0,1496.9
53698,2019-10-12 14:42:00,27.5,1020.8,53,39,4.1,0.4,1251.9
53798,2019-10-12 14:42:00,25.3,1014.2,33,44,10.6,0.7,1210.8
54308,2019-10-12 14:42:00,31.3,1006.4,53,105,4.7,1.5,1335.1
54311,2019-10-12 14:42:00,19.3,1020.7,49,231,11.2,0.0,1053.1
54401,2019-10-12 14:42:00,4.3,1011.8,6,39,10.9,1.3,1296.8
54405,2019-10-12 14:42:00,22.2,1003.3,4,158,10.1,1.1,1204.5
54423,2019-10-12 14:42:00,22.3,1015.0,65,158,6.4,0.1,1286.2
54429,2019-10-12 14:42:00,13.1,1000.4,99,70,2.6,0.3,1252.2
54436,2019-10-12 14:42:00,4.3,1020.7,7,266,0.8,0.3,1288.1
54449,2019-10-12 14:42:00,27.0,1006.8,9,319,4.6,1.1,1322.7
54518,2019-10-12 14:42:00,0.1,1024.6,45,188,14.3,0.5,1338.7
54534,2019-10-12 14:42:00,22.9,1020.5,47,124,4.4,0.5,1057.0
54535,2019-10-12 14:42:00,23.9,1000.9,81,282,3.3,0.2,1227.7
54539,2019-10-12 14:42:00,27.8,1004.2,99,60,2.5,0.7,1445.8
54602,2019-10-12 14:42:00,34.2,1010.2,55,173,2.3,0.2,1255.2
54606,2019-10-12 14:42:00,19.2,1017.6,25,329,14.3,0.7,1277.5
54618,2019-10-12 14:42:00,33.8,1025.3,92,181,1.2,0.7,1113.3
54624,2019-10-12 14:42:00,31.6,1002.2,29,71,6.6,1.0,1254.9
54705,2019-10-12 14:42:00,10.9,1019.7,36,64,6.0,0.9,1287.8
53898,2019-10-12 14:42:00,19.5,1008.0,24,144,10.3,0.3,1241.4
53986,2019-10-12 14:42:00,18.1,1022.8,39,276,13.8,0.6,1388.8
57051,2019-10-12 14:42:00,3.9,1024.5,78,210,1.7,1.3,1127.1
57067,2019-10-12 14:42:00,6.8,1011.9,93,166,12.1,0.4,1195.4
57071,2019-10-12 14:42:00,20.3,1025.9,33,91,6.1,1.1,1276.5
57077,2019-10-12 14:42:00,9.4,1006.5,14,246,2.5,1.1,1206.7
57083,2019-10-12 14:42:00,9.2,1021.8,5,66,9.1,1.4,1057.9
57084,2019-10-12 14:42:00,4.9,1007.9,58,206,2.5,0.2,1336.6
57089,2019-10-12 14:42:00,22.3,1017.2,16,154,0.3,0.0,1371.3
57091,2019-10-12 14:42:00,0.6,1002.0,34,154,1.2,0.6,1052.6
57156,2019-10-12 14:42:00,4.7,1013.4,55,164,3.5,0.7,1050.0
57178,2019-10-12 14:42:00,30.6,1024.8,88,128,8.4,0.0,1121.6
57181,2019-10-12 14:42:00,30.5,1014.8,60,121,13.0,1.4,1469.7
57193,2019-10-12 14:42:00,13.1,1016.9,54,153,8.2,0.2,1250.6
57285,2019-10-12 14:42:00,21.8,1004.4,40,184,13.5,0.5,1467.5
57290,2019-10-12 14:42:00,23.7,1014.4,12,190,9.9,1.4,1382.6
57297,2019-10-12 14:42:00,17.8,1006.9,74,166,9.5,0.0,1110.4
58005,2019-10-12 14:42:00,32.4,1021.9,55,21,13.5,0.3,1422.1
58111,2019-10-12 14:42:00,15.2,1019.0,54,108,13.1,1.2,1356.0
58208,2019-10-12 14:42:00,26.8,1008.0,46,91,9.6,1.2,1172.9
50136,2019-10-12 14:42:00,24.7,1017.6,34,162,10.2,0.6,1324.2
50246,2019-10-12 14:42:00,26.3,1025.3,40,235,5.4,0.1,1077.6
50247,2019-10-12 14:42:00,18.1,1024.8,56,323,5.0,0.8,1276.8
50349,2019-10-12 14:42:00,22.4,1001.5,36,103,4.5,1.2,1158.6
50353,2019-10-12 14:42:00,10.0,1023.3,41,149,4.6,1.3,1300.3
50442,2019-10-12 14:42:00,25.8,1022.9,4,188,2.9,1.4,1204.1
50468,2019-10-12 14:42:00,16.7,1011.0,65,76,4.3,0.7,1083.2
50557,2019-10-12 14:42:00,10.9,1013.9,23,207,13.4,0.2,1212.8
50564,2019-10-12 14:42:00,30.9,1004.7,78,185,13.3,1.3,1295.7
50656,2019-10-12 14:42:00,21.0,1015.8,91,252,2.7,1.3,1258.1
50658,2019-10-12 14:42:00,12.6,1011.5,9,3,13.2,0.0,1322.9
50674,2019-10-12 14:42:00,31.6,1001.3,12,72,7.3,0.5,1412.3
50739,2019-10-12 14:42:00,1.6,1016.2,83,63,14.2,0.7,1164.4
50742,2019-10-12 14:42:00,27.9,1011.4,87,318,12.4,1.2,1214.6
50745,2019-10-12 14:42:00,11.0,1022.1,25,281,1.8,0.4,1083.0
50756,2019-10-12 14:42:00,7.8,1015.7,24,347,5.2,0.2,1190.4
50758,2019-10-12 14:42:00,31.7,1013.4,52,287,7.3,1.0,1396.8
50774,2019-10-12 14:42:00,24.5,1000.7,3,2,7.6,1.2,1317.8
50778,2019-10-12 14:42:00,23.7,1015.4,45,5,9.7,0.8,1436.6
50788,2019-10-12 14:42:00,16.9,1008.4,71,355,11.3,0.6,1097.6
50844,2019-10-12 14:42:00,5.2,1010.4,94,313,6.0,1.3,1354.9
50853,2019-10-12 14:42:00,8.3,1004.1,63,101,12.8,0.4,1161.9
50854,2019-10-12 14:42:00,32.6,1001.0,98,149,12.6,0.5,1000.6
50862,2019-10-12 14:42:00,12.4,1022.8,34,30,1.9,1.2,1111.5
50873,2019-10-12 14:42:00,33.7,1017.7,52,209,8.8,0.0,1148.8
50877,2019-10-12 14:42:00,2.6,1023.3,76,163,7.6,0.1,1480.0
50888,2019-10-12 14:42:00,5.0,1022.1,81,356,1.3,0.9,1229.4
50950,2019-10-12 14:42:00,18.7,1004.9,45,174,8.9,0.6,1133.8
50953,2019-10-12 14:42:00,26.2,1006.1,62,32,14.0,0.4,1053.6
50955,2019-10-12 14:42:00,5.1,1002.2,88,129,10.6,1.4,1191.0
50963,2019-10-12 14:42:00,31.5,1003.9,2,3,11.2,1.3,1181.4
50968,2019-10-12 14:42:00,20.0,1002.3,90,286,8.7,1.3,1348.1
50973,2019-10-12 14:42:00,1.5,1004.3,37,158,0.1,0.5,1396.2
50978,2019-10-12 14:42:00,7.5,1004.3,76,152,7.7,0.2,1209.3
50983,2019-10-12 14:42:00,24.3,1019.7,67,350,13.3,1.1,1392.3
54094,2019-10-12 14:42:00,15.2,1002.5,26,100,11.5,1.0,1042.5
54096,2019-10-12 14:42:00,13.8,1011.4,19,214,1.5,1.4,1462.6
57251,2019-10-12 14:42:00,0.4,1024.8,55,330,6.8,0.1,1299.3
57256,2019-10-12 14:42:00,23.2,1024.3,36,321,7.0,0.9,1126.5
57259,2019-10-12 14:42:00,14.7,1018.7,17,20,2.5,0.1,1133.2
57265,2019-10-12 14:42:00,7.7,1009.7,59,305,0.7,0.0,1469.5
57278,2019-10-12 14:42:00,12.7,1022.7,4,158,8.5,0.5,1270.6
57279,2019-10-12 14:42:00,22.6,1005.3,35,223,8.2,1.4,1423.4
57355,2019-10-12 14:42:00,8.4,1022.5,88,340,5.0,0.7,1496.3
57358,2019-10-12 14:42:00,33.0,1011.7,34,117,5.6,0.3,1032.7
57359,2019-10-12 14:42:00,8.7,1005.7,95,205,10.4,0.2,1035.0
57363,2019-10-12 14:42:00,31.7,1019.7,29,57,9.6,0.7,1467.6
57378,2019-10-12 14:42:00,17.3,1016.0,89,14,11.0,0.7,1244.3
57381,2019-10-12 14:42:00,0.8,1005.3,60,257,8.2,1.2,1280.8
57395,2019-10-12 14:42:00,18.0,1001.9,71,52,6.1,1.2,1026.7
57399,2019-10-12 14:42:00,27.1,1023.9,66,138,12.2,1.0,1321.4
57439,2019-10-12 14:42:00,2.4,1016.9,61,260,9.4,1.2,1256.4
57445,2019-10-12 14:42:00,7.9,1019.1,34,259,5.9,0.8,1041.5
57447,2019-10-12 14:42:00,8.7,1013.5,64,31,7.9,0.1,1345.5
57458,2019-10-12 14:42:00,9.3,1024.2,74,29,1.6,0.2,1115.7
57461,2019-10-12 14:42:00,31.3,1020.1,27,310,9.7,0.6,1460.5
57476,2019-10-12 14:42:00,26.1,1026.2,50,350,6.3,0.2,1027.1
57482,2019-10-12 14:42:00,0.9,1010.3,30,157,12.0,0.1,1300.5
57483,2019-10-12 14:42:00,7.6,1019.0,85,32,3.4,1.3,1490.6
57493,2019-10-12 14:42:00,5.1,1020.6,21,263,14.0,1.5,1125.5
57494,2019-10-12 14:42:00,5.1,1011.0,17,61,12.4,1.3,1485.2
57545,2019-10-12 14:42:00,3.8,1025.4,5,353,7.7,0.1,1110.8
57573,2019-10-12 14:42:00,23.9,1020.0,84,89,11.3,0.3,1248.9
57581,2019-10-12 14:42:00,29.1,1025.6,96,250,7.7,0.3,1231.1
57583,2019-10-12 14:42:00,13.9,1025.6,1,117,5.4,0.0,1304.1
57595,2019-10-12 14:42:00,10.9,1010.9,74,328,13.3,0.9,1155.8
58402,2019-10-12 14:42:00,14.9,1012.9,17,62,4.7,0.3,1353.2
58407,2019-10-12 14:42:00,5.2,1013.8,6,359,4.4,0.0,1290.0
58500,2019-10-12 14:42:00,2.3,1023.1,9,233,13.8,0.4,1385.5
57554,2019-10-12 14:42:00,31.6,1002.6,93,182,11.0,1.3,1171.4
57562,2019-10-12 14:42:00,21.7,1000.4,77,87,5.8,0.0,1056.9
57574,2019-10-12 14:42:00,25.9,1013.3,34,39,6.3,0.6,1358.8
57584,2019-10-12 14:42:00,26.9,1001.2,94,92,11.3,1.3,1463.1
57642,2019-10-12 14:42:00,12.9,1007.9,80,157,13.5,0.3,1217.1
57649,2019-10-12 14:42:00,20.7,1023.3,15,152,13.2,0.2,1060.2
57655,2019-10-12 14:42:00,27.3,1023.1,21,100,2.9,0.1,1089.3
57662,2019-10-12 14:42:00,6.8,1009.3,52,101,13.5,1.2,1216.0
57669,2019-10-12 14:42:00,22.6,1021.2,64,94,0.8,0.3,1242.8
57671,2019-10-12 14:42:00,8.7,1024.6,29,103,0.7,1.0,1402.9
57673,2019-10-12 14:42:00,27.7,1015.5,87,44,7.1,0.3,1447.8
57679,2019-10-12 14:42:00,7.2,1020.7,10,147,5.6,0.8,1187.9
57682,2019-10-12 14:42:00,2.7,1018.3,88,296,0.7,1.0,1060.2
57687,2019-10-12 14:42:00,19.8,1019.2,8,150,1.6,1.1,1287.1
57745,2019-10-12 14:42:00,15.2,1007.9,42,184,1.6,1.2,1380.5
57749,2019-10-12 14:42:00,4.0,1001.9,39,263,10.1,0.3,1174.8
57752,2019-10-12 14:42:00,9.5,1007.9,92,265,11.9,1.4,1417.9
57758,2019-10-12 14:42:00,3.9,1001.0,5,291,13.2,1.1,1073.0
57761,2019-10-12 14:42:00,23.6,1016.8,60,253,3.0,0.5,1318.0
57766,2019-10-12 14:42:00,19.0,1017.3,40,336,12.2,0.1,1162.2
57774,2019-10-12 14:42:00,13.4,1024.1,71,275,8.5,1.3,1241.9
57776,2019-10-12 14:42:00,3.3,1010.6,94,322,8.1,0.6,1489.4
57779,2019-10-12 14:42:00,15.4,1002.8,79,166,11.2,1.4,1355.2
57780,2019-10-12 14:42:00,25.7,1025.5,82,330,7.8,0.4,1334.6
57841,2019-10-12 14:42:00,20.7,1017.4,59,287,12.5,1.2,1373.7
57845,2019-10-12 14:42:00,7.6,1024.9,7,278,14.2,1.2,1100.2
57853,2019-10-12 14:42:00,34.4,1019.7,26,30,11.5,0.4,1239.0
57857,2019-10-12 14:42:00,19.5,1013.8,1,263,9.3,0.1,1215.2
57860,2019-10-12 14:42:00,27.3,1015.4,46,325,0.5,1.5,1061.6
57866,2019-10-12 14:42:00,19.8,1021.4,72,85,3.0,0.5,1199.4
57872,2019-10-12 14:42:00,10.6,1004.1,69,207,13.5,0.2,1091.0
57874,2019-10-12 14:42:00,3.2,1025.7,51,162,10.0,0.2,1404.5
57889,2019-10-12 14:42:00,21.4,1025.8,25,206,8.9,0.9,1439.0
57965,2019-10-12 14:42:00,6.2,1009.6,48,98,11.0,0.6,1306.4
57972,2019-10-12 14:42:00,24.2,1008.8,44,94,8.1,0.0,1457.7
57974,2019-10-12 14:42:00,26.8,1003.8,56,280,11.0,0.5,1344.5
50936,2019-10-12 14:42:00,28.3,1018.2,61,117,14.0,0.0,1033.5
50945,2019-10-12 14:42:00,8.6,1001.4,67,137,3.6,1.3,1030.2
50948,2019-10-12 14:42:00,28.1,1005.4,83,9,13.4,0.6,1122.0
50949,2019-10-12 14:42:00,2.7,1009.0,22,214,9.8,0.0,1349.8
54041,2019-10-12 14:42:00,16.1,1015.6,10,64,8.8,1.3,1035.5
54049,2019-10-12 14:42:00,32.8,1006.5,57,322,6.9,0.6,1432.1
54063,2019-10-12 14:42:00,28.8,1018.9,99,64,12.5,0.1,1303.8
54064,2019-10-12 14:42:00,9.1,1009.4,1,189,9.9,1.3,1406.6
54142,2019-10-12 14:42:00,30.0,1014.4,23,261,13.0,1.1,1044.8
54157,2019-10-12 14:42:00,34.5,1008.4,67,213,6.6,0.2,1419.5
54161,2019-10-12 14:42:00,20.8,1006.1,8,143,8.5,0.9,1220.9
54165,2019-10-12 14:42:00,8.2,1000.8,97,162,4.9,0.1,1440.7
54171,2019-10-12 14:42:00,26.6,1018.0,68,179,12.2,1.3,1340.7
54181,2019-10-12 14:42:00,15.9,1020.2,46,125,7.8,1.5,1124.4
54186,2019-10-12 14:42:00,24.4,1006.5,46,333,13.1,0.4,1095.4
54195,2019-10-12 14:42:00,9.5,1000.2,81,240,5.2,1.2,1400.0
54260,2019-10-12 14:42:00,26.2,1021.5,59,24,4.8,0.5,1029.8
54263,2019-10-12 14:42:00,24.8,1016.3,17,54,4.2,0.2,1360.2
54266,2019-10-12 14:42:00,3.6,1022.2,30,17,11.5,0.7,1189.9
54273,2019-10-12 14:42:00,33.6,1017.1,32,177,4.5,0.7,1377.4
54276,2019-10-12 14:42:00,1.4,1011.2,5,132,1.5,1.4,1157.6
54284,2019-10-12 14:42:00,13.2,1005.1,65,173,10.9,0.5,1344.3
54285,2019-10-12 14:42:00,16.6,1019.2,60,353,12.6,0.4,1133.7
54286,2019-10-12 14:42:00,10.7,1025.0,94,352,4.9,0.4,1100.6
54292,2019-10-12 14:42:00,8.0,1022.4,60,146,7.9,1.5,1336.2
54363,2019-10-12 14:42:00,29.5,1020.2,60,157,7.0,0.3,1069.1
54374,2019-10-12 14:42:00,22.4,1021.6,50,172,10.5,1.2,1397.8
54377,2019-10-12 14:42:00,0.8,1018.4,49,187,6.6,1.0,1332.0
54386,2019-10-12 14:42:00,24.7,1018.5,82,292,6.0,0.8,1118.5
58026,2019-10-12 14:42:00,19.0,1013.0,10,105,8.2,0.8,1160.9
58027,2019-10-12 14:42:00,14.6,1003.3,85,233,10.2,0.5,1461.4
58038,2019-10-12 14:42:00,13.0,1011.6,71,235,4.5,0.3,1132.7
58040,2019-10-12 14:42:00,13.5,1016.8,47,219,3.5,1.5,1452.6
58047,2019-10-12 14:42:00,30.5,1021.2,54,286,12.2,0.2,1199.0
58130,2019-10-12 14:42:00,22.3,1020.9,66,70,7.8,0.5,1092.1
58135,2019-10-12 14:42:00,15.7,1021.4,61,213,8.5,0.7,1253.1
58138,2019-10-12 14:42:00,31.9,1023.2,65,263,6.7,0.2,1328.4
58141,2019-10-12 14:42:00,2.7,1004.5,66,160,10.7,0.7,1126.0
58143,2019-10-12 14:42:00,9.9,1001.8,63,50,6.8,1.1,1029.5
58150,2019-10-12 14:42:00,29.4,1000.1,97,332,12.2,1.3,1315.8
58158,2019-10-12 14:42:00,11.7,1012.5,67,209,9.2,0.2,1101.2
58238,2019-10-12 14:42:00,17.5,1016.0,8,335,13.5,0.4,1264.0
58241,2019-10-12 14:42:00,12.6,1023.3,7,88,7.7,0.4,1401.5
58251,2019-10-12 14:42:00,9.2,1011.7,73,35,3.0,0.4,1279.5
58252,2019-10-12 14:42:00,23.3,1023.0,5,141,1.7,0.3,1241.8
58255,2019-10-12 14:42:00,15.7,1018.0,36,312,5.0,0.2,1072.0
58259,2019-10-12 14:42:00,12.6,1012.6,56,314,6.0,0.5,1138.0
58265,2019-10-12 14:42:00,29.1,1013.6,34,176,7.9,0.1,1018.2
58343,2019-10-12 14:42:00,5.6,1025.4,63,126,5.1,0.2,1291.1
58345,2019-10-12 14:42:00,31.5,1025.6,83,200,4.7,0.1,1027.6
58354,2019-10-12 14:42:00,2.0,1010.8,94,199,12.9,0.8,1423.3
58356,2019-10-12 14:42:00,1.8,1020.5,88,10,4.3,0.1,1441.6
58358,2019-10-12 14:42:00,14.9,1014.1,50,186,5.0,1.5,1294.6
57598,2019-10-12 14:42:00,14.5,1016.5,84,253,2.1,0.5,1097.8
57696,2019-10-12 14:42:00,14.4,1001.4,59,120,9.7,1.5,1286.9
57789,2019-10-12 14:42:00,14.7,1014.2,85,190,6.4,1.1,1081.9
57793,2019-10-12 14:42:00,16.1,1025.7,68,230,11.9,0.9,1235.8
57799,2019-10-12 14:42:00,10.1,1006.0,73,255,11.0,0.3,1284.0
57894,2019-10-12 14:42:00,33.4,1005.1,55,244,5.7,0.8,1124.4
57896,2019-10-12 14:42:00,9.0,1020.3,36,156,12.0,0.3,1336.7
57993,2019-10-12 14:42:00,34.6,1006.1,8,291,13.3,1.5,1187.2
58506,2019-10-12 14:42:00,26.8,1004.1,42,226,2.6,0.1,1389.6
58507,2019-10-12 14:42:00,1.5,1004.6,55,5,14.4,0.0,1153.0
58519,2019-10-12 14:42:00,32.7,1019.9,7,190,9.2,0.9,1441.7
58527,2019-10-12 14:42:00,14.0,1010.8,6,358,5.6,0.8,1068.9
58600,2019-10-12 14:42:00,8.5,1013.1,64,66,3.7,0.5,1301.7
58606,2019-10-12 14:42:00,20.0,1002.7,78,35,9.3,1.1,1153.7
58608,2019-10-12 14:42:00,8.4,1002.8,62,311,11.8,0.7,1290.4
58622,2019-10-12 14:42:00,31.6,1024.8,1,77,12.6,1.3,1360.6
58626,2019-10-12 14:42:00,3.9,1014.9,66,25,1.1,0.1,1275.9
58634,2019-10-12 14:42:00,0.6,1006.8,48,44,1.0,0.5,1249.5
58637,2019-10-12 14:42:00,29.6,1014.0,4,153,5.6,0.9,1242.1
58705,2019-10-12 14:42:00,19.9,1025.4,91,308,14.7,0.6,1280.4
58715,2019-10-12 14:42:00,10.0,1007.2,94,49,11.6,1.0,1154.9
58718,2019-10-12 14:42:00,1.6,1000.6,11,138,7.9,0.6,1269.7
58806,2019-10-12 14:42:00,32.8,1001.4,67,118,10.1,0.5,1486.5
58813,2019-10-12 14:42:00,4.6,1007.6,81,263,7.1,0.6,1476.7
59092,2019-10-12 14:42:00,28.8,1003.7,42,56,6.1,1.0,1273.7
59102,2019-10-12 14:42:00,6.9,1021.2,45,237,14.0,0.3,1308.7
54236,2019-10-12 14:42:00,18.8,1015.2,82,264,0.6,0.3,1058.9
54237,2019-10-12 14:42:00,33.0,1020.6,6,287,10.7,1.3,1029.3
54243,2019-10-12 14:42:00,19.4,1007.9,27,103,7.3,0.0,1020.1
54254,2019-10-12 14:42:00,14.6,1021.3,9,214,0.5,0.5,1400.3
54259,2019-10-12 14:42:00,26.3,1001.0,59,298,2.9,1.5,1289.1
54324,2019-10-12 14:42:00,32.3,1011.4,97,284,11.0,0.5,1177.8
54326,2019-10-12 14:42:00,11.0,1003.6,67,170,0.2,0.4,1393.9
54333,2019-10-12 14:42:00,0.7,1010.6,5,52,12.5,0.8,1183.8
54334,2019-10-12 14:42:00,21.5,1012.7,50,350,2.7,1.5,1175.3
54335,2019-10-12 14:42:00,26.1,1009.2,35,323,3.8,1.0,1137.1
54337,2019-10-12 14:42:00,9.1,1008.1,56,289,7.9,0.5,1324.9
54339,2019-10-12 14:42:00,27.7,1021.8,25,111,13.6,0.4,1038.3
54342,2019-10-12 14:42:00,18.7,1021.5,3,196,6.2,1.2,1472.5
54346,2019-10-12 14:42:00,5.5,1004.1,28,190,1.0,1.3,1265.1
54349,2019-10-12 14:42:00,4.2,1009.1,39,338,8.4,1.3,1432.1
54351,2019-10-12 14:42:00,16.4,1013.4,40,108,3.9,0.4,1229.3
54353,2019-10-12 14:42:00,13.0,1025.8,37,129,14.3,0.6,1420.1
54365,2019-10-12 14:42:00,33.6,1000.4,64,272,0.6,1.0,1236.8
54452,2019-10-12 14:42:00,34.4,1002.1,1,349,5.4,1.0,1334.0
54454,2019-10-12 14:42:00,0.7,1015.1,40,315,0.5,0.3,1372.4
54455,2019-10-12 14:42:00,31.1,1007.2,16,331,9.7,0.3,1088.0
54470,2019-10-12 14:42:00,33.8,1007.1,98,341,4.0,0.1,1022.4
54471,2019-10-12 14:42:00,4.7,1000.0,60,347,1.3,0.4,1130.6
54472,2019-10-12 14:42:00,14.8,1012.9,8,227,4.0,0.3,1476.7
54476,2019-10-12 14:42:00,24.1,1013.8,71,201,7.7,0.1,1297.6
54486,2019-10-12 14:42:00,30.6,1025.6,26,257,3.9,1.1,1274.4
54493,2019-10-12 14:42:00,26.2,1002.8,76,110,9.5,0.7,1100.6
54497,2019-10-12 14:42:00,28.0,1003.4,86,86,5.5,0.8,1180.6
54563,2019-10-12 14:42:00,12.3,1007.6,1,65,6.9,1.4,1268.3
54579,2019-10-12 14:42:00,10.4,1011.3,5,283,0.1,0.1,1103.9
54584,2019-10-12 14:42:00,2.8,1006.6,64,351,14.6,1.4,1155.6
54660,2019-10-12 14:42:00,21.8,1022.4,51,291,13.0,1.5,1497.7
54662,2019-10-12 14:42:00,20.4,1021.7,16,282,2.5,1.2,1247.1
50425,2019-10-12 14:42:00,15.5,1006.3,67,203,14.8,1.4,1079.8
50434,2019-10-12 14:42:00,34.5,1004.9,60,83,11.2,1.4,1125.4
50514,2019-10-12 14:42:00,34.6,1002.1,69,13,4.6,0.7,1466.7
50527,2019-10-12 14:42:00,16.1,1006.3,86,212,14.0,1.3,1040.5
50548,2019-10-12 14:42:00,25.3,1007.1,75,343,1.1,0.8,1174.9
50603,2019-10-12 14:42:00,24.7,1021.5,26,293,7.1,0.4,1428.3
50618,2019-10-12 14:42:00,6.9,1007.0,25,224,2.6,1.2,1007.2
50632,2019-10-12 14:42:00,7.2,1021.8,54,331,12.2,0.7,1083.4
50639,2019-10-12 14:42:00,20.3,1001.4,11,202,1.7,0.8,1180.2
50727,2019-10-12 14:42:00,30.7,1025.0,5,30,9.5,0.5,1359.8
50834,2019-10-12 14:42:00,31.7,1013.2,14,162,7.9,0.1,1358.1
50838,2019-10-12 14:42:00,22.5,1005.9,97,170,4.3,0.5,1258.6
50915,2019-10-12 14:42:00,28.0,1018.7,97,51,13.8,0.2,1461.6
50924,2019-10-12 14:42:00,11.3,1019.7,12,86,12.3,1.1,1265.8
52267,2019-10-12 14:42:00,28.5,1000.1,85,9,6.5,0.5,1448.6
52495,2019-10-12 14:42:00,11.7,1017.6,90,62,11.8,0.5,1442.4
52576,2019-10-12 14:42:00,16.8,1010.2,18,160,7.9,0.1,1040.1
53068,2019-10-12 14:42:00,8.4,1014.0,78,125,11.4,0.1,1366.2
53083,2019-10-12 14:42:00,1.6,1016.3,93,12,5.7,0.8,1461.2
53149,2019-10-12 14:42:00,26.0,1008.1,97,259,6.4,1.3,1123.6
53192,2019-10-12 14:42:00,7.2,1004.5,58,357,6.4,0.6,1412.7
53195,2019-10-12 14:42:00,9.6,1014.2,94,45,0.9,0.2,1287.1
53276,2019-10-12 14:42:00,4.4,1025.0,55,67,7.4,0.6,1319.6
53336,2019-10-12 14:42:00,32.6,1005.2,33,163,0.5,1.2,1477.5
53352,2019-10-12 14:42:00,6.6,1011.8,96,146,9.3,0.8,1341.9
53362,2019-10-12 14:42:00,6.5,1017.8,86,224,11.8,0.6,1334.8
53367,2019-10-12 14:42:00,8.9,1024.9,14,115,7.0,0.7,1255.7
53391,2019-10-12 14:42:00,24.6,1006.3,55,185,14.7,1.1,1472.6
53446,2019-10-12 14:42:00,15.8,1012.2,56,123,13.7,0.2,1428.0
53463,2019-10-12 14:42:00,3.8,1008.5,86,49,13.5,0.2,1137.0
53480,2019-10-12 14:42:00,13.0,1021.0,17,193,10.4,0.9,1444.3
53502,2019-10-12 14:42:00,29.8,1001.5,16,40,2.0,1.0,1126.1
53513,2019-10-12 14:42:00,18.2,1012.9,79,349,7.8,0.9,1160.8
53529,2019-10-12 14:42:00,9.3,1004.7,75,228,4.4,0.3,1370.2
53543,2019-10-12 14:42:00,0.0,1011.8,37,103,3.5,0.8,1228.6
53547,2019-10-12 14:42:00,13.2,1002.0,62,178,8.7,0.8,1152.4
53602,2019-10-12 14:42:00,14.7,1017.8,89,147,10.9,0.2,1444.8
54012,2019-10-12 14:42:00,20.9,1003.8,95,66,9.1,0.8,1405.0
54026,2019-10-12 14:42:00,15.6,1024.7,97,37,6.5,0.4,1313.6
54027,2019-10-12 14:42:00,18.2,1016.3,22,53,2.5,1.0,1441.7
54102,2019-10-12 14:42:00,28.1,1020.6,3,311,10.9,1.5,1274.1
54115,2019-10-12 14:42:00,11.7,1015.4,48,9,11.3,1.3,1498.6
54134,2019-10-12 14:42:00,7.3,1020.4,22,121,14.6,0.6,1036.1
54135,2019-10-12 14:42:00,10.4,1003.7,65,266,4.1,0.9,1490.3
54208,2019-10-12 14:42:00,14.1,1008.5,76,51,3.1,0.1,1202.2
54213,2019-10-12 14:42:00,11.1,1026.0,54,201,8.2,0.8,1314.8
54218,2019-10-12 14:42:00,34.9,1020.1,90,323,11.0,1.5,1409.3
54226,2019-10-12 14:42:00,18.5,1026.1,8,1,8.5,1.5,1124.0
53519,2019-10-12 14:42:00,34.0,1023.9,100,147,2.9,1.0,1267.9
53612,2019-10-12 14:42:00,11.2,1010.4,34,304,7.6,1.4,1491.1
53614,2019-10-12 14:42:00,8.0,1009.2,41,285,8.8,0.2,1273.3
53615,2019-10-12 14:42:00,15.4,1001.3,58,310,12.6,0.8,1103.3
53704,2019-10-12 14:42:00,33.7,1016.6,73,300,4.5,1.5,1214.2
53705,2019-10-12 14:42:00,3.3,1011.5,66,298,0.6,0.6,1403.4
53723,2019-10-12 14:42:00,33.1,1018.3,61,113,13.1,0.1,1450.0
53806,2019-10-12 14:42:00,5.2,1017.0,12,304,2.8,0.4,1158.0
53810,2019-10-12 14:42:00,23.6,1003.2,19,87,2.0,1.0,1436.2
53817,2019-10-12 14:42:00,21.2,1011.3,95,11,6.8,0.8,1462.9
53903,2019-10-12 14:42:00,23.3,1014.2,25,148,10.3,0.4,1149.1
53910,2019-10-12 14:42:00,28.6,1022.4,53,77,12.4,1.1,1082.5
51886,2019-10-12 14:42:00,16.2,1012.6,69,110,11.5,1.0,1211.0
52602,2019-10-12 14:42:00,16.3,1019.6,38,13,14.9,0.4,1246.2
52633,2019-10-12 14:42:00,11.9,1011.3,79,253,6.2,0.6,1468.2
52645,2019-10-12 14:42:00,0.9,1016.9,56,331,7.8,0.3,1211.7
52657,2019-10-12 14:42:00,7.2,1006.2,95,61,0.5,0.2,1062.6
52707,2019-10-12 14:42:00,17.7,1004.1,55,248,8.2,0.3,1023.9
52713,2019-10-12 14:42:00,31.0,1014.9,12,132,2.7,0.5,1364.7
52737,2019-10-12 14:42:00,12.1,1013.7,51,67,13.3,0.1,1342.1
52754,2019-10-12 14:42:00,14.0,1021.4,73,120,8.6,1.4,1352.1
52765,2019-10-12 14:42:00,4.1,1024.1,59,136,8.2,0.4,1426.3
52818,2019-10-12 14:42:00,34.5,1022.2,39,41,13.9,0.5,1061.4
52825,2019-10-12 14:42:00,13.7,1018.6,3,240,8.5,0.0,1187.4
52833,2019-10-12 14:42:00,17.1,1013.3,32,293,2.4,1.1,1399.7
52836,2019-10-12 14:42:00,21.6,1011.1,41,104,0.2,1.4,1104.4
52842,2019-10-12 14:42:00,24.4,1016.2,98,112,2.1,1.5,1431.2
52856,2019-10-12 14:42:00,31.6,1005.9,11,139,3.2,0.4,1174.1
52866,2019-10-12 14:42:00,25.0,1006.5,60,349,12.5,1.0,1205.0
52868,2019-10-12 14:42:00,30.5,1010.5,81,222,6.7,1.2,1471.4
52876,2019-10-12 14:42:00,27.4,1018.5,92,258,8.2,0.0,1012.5
52908,2019-10-12 14:42:00,15.6,1023.0,69,38,1.9,0.2,1125.1
52943,2019-10-12 14:42:00,24.7,1021.3,90,324,10.8,1.2,1140.9
52955,2019-10-12 14:42:00,3.6,1012.3,40,96,14.0,1.2,1014.3
52974,2019-10-12 14:42:00,16.3,1017.4,23,141,11.5,0.5,1135.1
56004,2019-10-12 14:42:00,6.3,1026.1,6,165,13.6,0.5,1211.8
56018,2019-10-12 14:42:00,16.5,1002.1,74,32,14.9,0.2,1338.3
56021,2019-10-12 14:42:00,26.1,1023.2,2,286,6.0,0.8,1081.7
56029,2019-10-12 14:42:00,10.4,1001.9,86,70,0.9,1.1,1403.7
56033,2019-10-12 14:42:00,19.9,1007.8,35,215,8.1,1.1,1394.2
56034,2019-10-12 14:42:00,8.0,1021.5,58,288,2.1,0.6,1478.1
56043,2019-10-12 14:42:00,18.6,1002.9,29,51,1.6,0.1,1199.0
56046,2019-10-12 14:42:00,10.6,1001.3,12,208,14.0,0.5,1149.6
56065,2019-10-12 14:42:00,19.1,1018.1,34,235,3.1,1.1,1050.7
56067,2019-10-12 14:42:00,17.3,1022.4,84,253,12.4,0.8,1486.7
56125,2019-10-12 14:42:00,17.0,1011.2,54,329,12.6,0.9,1033.3
56151,2019-10-12 14:42:00,13.0,1006.7,30,270,13.8,1.2,1085.4
54715,2019-10-12 14:42:00,17.6,1001.9,42,149,4.6,1.4,1274.5
54725,2019-10-12 14:42:00,12.6,1000.7,7,84,0.1,0.2,1010.0
54727,2019-10-12 14:42:00,10.5,1017.4,92,66,1.3,0.4,1048.8
54744,2019-10-12 14:42:00,3.1,1008.0,48,33,9.4,1.2,1203.5
54751,2019-10-12 14:42:00,3.7,1010.5,7,150,11.0,1.1,1255.0
54753,2019-10-12 14:42:00,33.1,1025.6,96,239,1.5,0.6,1283.7
54764,2019-10-12 14:42:00,7.4,1013.6,14,125,13.2,1.2,1336.5
54774,2019-10-12 14:42:00,31.8,1005.7,19,277,13.2,0.9,1101.4
54776,2019-10-12 14:42:00,16.1,1016.0,31,331,6.8,1.2,1232.7
54808,2019-10-12 14:42:00,7.7,1003.5,66,100,10.9,0.1,1397.8
54823,2019-10-12 14:42:00,28.4,1019.7,64,305,11.5,1.2,1310.9
54826,2019-10-12 14:42:00,33.7,1019.4,15,205,8.6,0.8,1358.0
54836,2019-10-12 14:42:00,19.2,1003.7,11,198,9.9,0.8,1017.2
54842,2019-10-12 14:42:00,27.2,1025.9,84,277,6.6,0.1,1489.8
54843,2019-10-12 14:42:00,4.6,1006.2,18,322,12.9,0.4,1079.3
54857,2019-10-12 14:42:00,29.2,1024.5,42,33,4.4,1.5,1208.2
54863,2019-10-12 14:42:00,11.8,1020.0,79,191,4.4,1.2,1104.7
54909,2019-10-12 14:42:00,22.7,1010.5,12,311,0.9,1.0,1146.5
54916,2019-10-12 14:42:00,25.7,1012.0,99,355,5.9,1.1,1016.5
54929,2019-10-12 14:42:00,14.3,1015.9,9,334,1.1,0.2,1128.1
54936,2019-10-12 14:42:00,5.5,1020.7,72,207,14.9,0.1,1063.1
54945,2019-10-12 14:42:00,28.9,1017.2,45,157,11.7,1.1,1208.6
58034,2019-10-12 14:42:00,34.7,1024.9,61,89,10.1,0.6,1434.1
53478,2019-10-12 14:42:00,9.2,1005.7,75,341,2.8,1.0,1307.7
53487,2019-10-12 14:42:00,34.2,1001.9,69,206,9.2,1.1,1119.2
53490,2019-10-12 14:42:00,18.1,1019.3,30,307,7.7,0.1,1432.3
53564,2019-10-12 14:42:00,13.5,1004.6,77,237,13.5,1.2,1012.5
53578,2019-10-12 14:42:00,27.2,1019.7,52,299,12.6,0.5,1402.3
53579,2019-10-12 14:42:00,3.5,1014.4,42,44,9.4,0.9,1132.3
53588,2019-10-12 14:42:00,2.2,1014.0,30,201,9.0,0.6,1454.0
53594,2019-10-12 14:42:00,12.6,1021.3,45,315,11.4,0.8,1045.5
53663,2019-10-12 14:42:00,28.2,1025.4,32,148,5.8,1.0,1421.9
53664,2019-10-12 14:42:00,34.6,1025.1,93,129,2.1,0.5,1300.4
53673,2019-10-12 14:42:00,31.1,1021.4,30,45,4.6,1.0,1392.1
53687,2019-10-12 14:42:00,28.6,1000.0,8,115,0.3,1.5,1370.8
53764,2019-10-12 14:42:00,1.9,1011.4,21,299,8.5,0.7,1459.4
53772,2019-10-12 14:42:00,29.0,1004.8,100,177,9.9,0.7,1291.8
53775,2019-10-12 14:42:00,3.7,1002.2,6,211,12.3,1.0,1071.6
53787,2019-10-12 14:42:00,14.6,1024.3,36,88,12.0,1.0,1223.2
53853,2019-10-12 14:42:00,3.0,1008.7,40,263,7.1,0.3,1409.8
53859,2019-10-12 14:42:00,29.8,1017.2,27,291,10.2,0.9,1196.7
53863,2019-10-12 14:42:00,22.4,1013.9,1,126,14.6,0.1,1246.0
53868,2019-10-12 14:42:00,31.1,1025.0,19,311,14.3,0.1,1317.5
53877,2019-10-12 14:42:00,2.7,1010.9,17,318,4.7,1.5,1422.8
53882,2019-10-12 14:42:00,28.7,1026.1,2,109,12.8,1.1,1172.3
53884,2019-10-12 14:42:00,32.8,1016.3,62,327,12.4,0.5,1202.2
53959,2019-10-12 14:42:00,3.6,1021.7,84,21,6.7,1.0,1133.9
53963,2019-10-12 14:42:00,17.2,1021.9,86,307,0.9,0.1,1138.0
53968,2019-10-12 14:42:00,4.4,1019.8,5,338,12.4,0.9,1189.0
53975,2019-10-12 14:42:00,32.8,1002.9,41,287,8.9,1.3,1191.9
57052,2019-10-12 14:42:00,7.2,1022.2,41,115,3.9,0.3,1476.1
53646,2019-10-12 14:42:00,34.5,1016.4,15,211,8.9,0.3,1042.4
53651,2019-10-12 14:42:00,20.1,1005.4,70,108,6.2,0.9,1159.8
53725,2019-10-12 14:42:00,23.2,1025.5,95,324,1.4,0.6,1487.5
53735,2019-10-12 14:42:00,24.2,1014.2,59,159,0.6,1.4,1286.1
53738,2019-10-12 14:42:00,21.4,1008.1,85,107,5.7,1.0,1090.9
53740,2019-10-12 14:42:00,0.0,1011.6,30,48,0.5,0.6,1350.4
53754,2019-10-12 14:42:00,8.9,1022.3,96,267,10.5,0.9,1153.7
53845,2019-10-12 14:42:00,31.5,1016.5,88,96,1.2,0.6,1185.7
53854,2019-10-12 14:42:00,6.4,1021.3,51,177,12.6,1.4,1409.5
53929,2019-10-12 14:42:00,29.2,1018.8,55,254,3.9,0.0,1366.4
53942,2019-10-12 14:42:00,20.1,1021.8,92,27,6.2,1.4,1002.4
53948,2019-10-12 14:42:00,11.6,1017.2,31,159,10.2,0.1,1183.9
53955,2019-10-12 14:42:00,33.5,1025.5,64,66,6.4,0.9,1413.5
57003,2019-10-12 14:42:00,10.0,1006.7,32,336,9.0,0.9,1498.4
57025,2019-10-12 14:42:00,14.9,1019.5,99,188,1.4,0.9,1097.2
57028,2019-10-12 14:42:00,5.6,1007.5,23,197,5.7,0.4,1325.5
57030,2019-10-12 14:42:00,22.4,1001.2,5,199,13.7,0.3,1459.8
57034,2019-10-12 14:42:00,1.3,1009.3,73,76,8.7,1.1,1100.0
57037,2019-10-12 14:42:00,29.4,1002.4,88,299,2.2,0.9,1255.3
57046,2019-10-12 14:42:00,22.5,1008.7,89,36,5.7,1.4,1274.4
57048,2019-10-12 14:42:00,23.1,1011.2,3,48,8.9,0.3,1400.6
57049,2019-10-12 14:42:00,25.7,1015.3,25,352,6.1,1.2,1483.5
57106,2019-10-12 14:42:00,21.4,1011.3,53,318,10.0,1.2,1253.8
57124,2019-10-12 14:42:00,24.5,1012.2,30,0,5.4,0.1,1134.4
57127,2019-10-12 14:42:00,13.9,1016.2,42,270,0.1,1.2,1322.2
57131,2019-10-12 14:42:00,27.7,1005.0,67,210,3.3,1.4,1270.2
57134,2019-10-12 14:42:00,30.3,1025.6,35,137,4.4,1.5,1020.3
57140,2019-10-12 14:42:00,13.0,1001.6,66,168,5.8,1.0,1390.4
57143,2019-10-12 14:42:00,14.1,1013.8,57,28,10.2,1.0,1225.4
57144,2019-10-12 14:42:00,24.1,1003.9,70,147,0.1,0.7,1070.5
57154,2019-10-12 14:42:00,2.5,1020.7,25,211,11.8,1.4,1088.1
57211,2019-10-12 14:42:00,6.8,1008.6,57,81,13.2,1.3,1161.6
57232,2019-10-12 14:42:00,21.9,1000.2,63,250,4.0,0.7,1352.8
57238,2019-10-12 14:42:00,22.0,1016.6,2,207,1.7,0.2,1147.0
57245,2019-10-12 14:42:00,29.7,1000.2,64,142,13.4,0.7,1447.7
57343,2019-10-12 14:42:00,15.4,1014.5,68,130,5.1,0.3,1072.5
58362,2019-10-12 14:42:00,26.9,1024.9,18,261,12.1,0.8,1284.8
56038,2019-10-12 14:42:00,8.1,1005.3,34,85,12.4,1.4,1436.1
56079,2019-10-12 14:42:00,26.4,1005.4,99,91,1.1,1.3,1313.1
56144,2019-10-12 14:42:00,30.0,1022.1,52,263,10.3,0.2,1250.5
56146,2019-10-12 14:42:00,34.1,1018.1,9,322,4.7,1.0,1287.0
56152,2019-10-12 14:42:00,28.3,1014.8,67,13,1.1,1.2,1129.8
56167,2019-10-12 14:42:00,7.6,1013.1,43,320,4.3,1.2,1047.4
56172,2019-10-12 14:42:00,16.0,1024.5,57,244,5.8,0.8,1398.4
56173,2019-10-12 14:42:00,5.6,1016.5,33,0,12.8,0.9,1443.5
56178,2019-10-12 14:42:00,4.6,1012.9,39,95,12.7,0.8,1190.6
56182,2019-10-12 14:42:00,19.6,1022.3,19,279,4.7,0.4,1290.4
56187,2019-10-12 14:42:00,7.5,1006.1,3,46,11.2,1.4,1385.5
56188,2019-10-12 14:42:00,14.9,1010.7,11,114,5.3,1.1,1052.5
56196,2019-10-12 14:42:00,7.1,1006.3,69,161,0.7,1.4,1363.8
56247,2019-10-12 14:42:00,20.3,1006.5,90,226,12.5,0.3,1379.9
56251,2019-10-12 14:42:00,8.2,1024.2,17,164,7.8,0.2,1073.6
56257,2019-10-12 14:42:00,6.5,1007.7,15,323,5.5,1.2,1337.2
56287,2019-10-12 14:42:00,27.1,1008.1,4,153,0.9,0.3,1456.9
56357,2019-10-12 14:42:00,32.8,1007.5,16,142,14.7,0.8,1033.3
56374,2019-10-12 14:42:00,20.1,1024.0,38,39,13.9,0.1,1218.6
56385,2019-10-12 14:42:00,21.9,1004.0,27,302,6.0,0.4,1473.3
56386,2019-10-12 14:42:00,1.0,1005.7,27,155,14.0,1.3,1350.7
56459,2019-10-12 14:42:00,31.8,1006.1,80,158,13.3,0.2,1175.4
56462,2019-10-12 14:42:00,13.6,1019.2,6,56,11.7,1.5,1176.6
56475,2019-10-12 14:42:00,29.0,1019.8,20,77,12.6,0.9,1013.6
56479,2019-10-12 14:42:00,18.9,1011.3,18,91,5.5,0.3,1223.3
56485,2019-10-12 14:42:00,16.5,1026.3,51,67,12.6,0.1,1360.8
56492,2019-10-12 14:42:00,6.8,1021.0,92,193,2.7,1.2,1375.3
56565,2019-10-12 14:42:00,32.2,1005.6,6,124,4.0,0.4,1456.6
56571,2019-10-12 14:42:00,26.2,1019.8,21,352,11.1,0.1,1413.6
56666,2019-10-12 14:42:00,28.4,1023.5,34,106,0.8,0.3,1443.3
56671,2019-10-12 14:42:00,25.5,1018.5,32,69,9.2,0.6,1403.6
57206,2019-10-12 14:42:00,33.3,1022.8,92,257,1.4,0.0,1453.3
57237,2019-10-12 14:42:00,28.3,1006.9,3,122,14.8,1.0,1236.1
57306,2019-10-12 14:42:00,32.2,1025.1,30,200,5.1,1.4,1362.7
57313,2019-10-12 14:42:00,34.2,1017.0,12,327,11.5,0.7,1428.5
57314,2019-10-12 14:42:00,24.9,1016.6,91,229,9.4,0.9,1450.0
57328,2019-10-12 14:42:00,34.1,1002.7,20,57,0.6,0.9,1207.6
57405,2019-10-12 14:42:00,13.4,1000.3,67,158,11.4,0.4,1151.3
57411,2019-10-12 14:42:00,5.2,1008.9,45,88,6.4,0.7,1235.1
57503,2019-10-12 14:42:00,22.1,1010.7,76,19,12.4,1.3,1447.2
57604,2019-10-12 14:42:00,10.5,1021.8,68,131,13.0,0.2,1140.4
57608,2019-10-12 14:42:00,10.1,1007.5,42,215,11.0,1.5,1142.9
54525,2019-10-12 14:42:00,20.1,1013.9,12,73,7.4,0.3,1005.9
54527,2019-10-12 14:42:00,7.2,1024.5,1,310,11.7,0.3,1240.5
54623,2019-10-12 14:42:00,20.9,1001.5,30,234,8.8,0.0,1058.4
55228,2019-10-12 14:42:00,24.4,1007.2,47,190,14.9,1.1,1159.6
55248,2019-10-12 14:42:00,13.6,1008.9,20,47,5.8,0.6,1326.1
55279,2019-10-12 14:42:00,31.5,1009.5,54,143,0.5,0.9,1399.0
55294,2019-10-12 14:42:00,0.6,1001.5,55,340,12.0,0.7,1108.7
55299,2019-10-12 14:42:00,27.8,1003.4,32,313,12.1,0.6,1469.1
55437,2019-10-12 14:42:00,22.0,1024.2,50,41,6.8,0.8,1265.4
55472,2019-10-12 14:42:00,15.4,1014.5,53,71,4.2,0.1,1329.8
55493,2019-10-12 14:42:00,7.4,1015.0,80,124,4.2,0.9,1126.2
55569,2019-10-12 14:42:00,9.6,1024.4,31,84,10.5,0.9,1145.4
55578,2019-10-12 14:42:00,14.6,1001.1,54,150,1.1,0.2,1392.1
55585,2019-10-12 14:42:00,6.4,1012.2,4,288,12.5,0.7,1225.1
55591,2019-10-12 14:42:00,3.2,1016.2,7,87,12.4,1.0,1283.9
55598,2019-10-12 14:42:00,14.2,1010.6,88,290,4.2,0.1,1379.5
55655,2019-10-12 14:42:00,7.2,1019.5,17,297,12.2,1.0,1455.1
55664,2019-10-12 14:42:00,29.2,1006.4,63,32,14.7,0.5,1003.4
55680,2019-10-12 14:42:00,10.2,1000.2,46,161,13.6,1.5,1317.0
55681,2019-10-12 14:42:00,28.7,1024.1,52,238,11.3,0.6,1025.3
55690,2019-10-12 14:42:00,16.5,1015.2,68,175,9.0,0.3,1164.9
55696,2019-10-12 14:42:00,32.0,1021.0,13,7,13.0,0.6,1076.2
55773,2019-10-12 14:42:00,16.7,1008.7,85,233,1.6,0.9,1170.0
56106,2019-10-12 14:42:00,14.1,1006.8,56,75,2.4,1.4,1123.9
56116,2019-10-12 14:42:00,6.3,1015.4,7,337,0.8,0.1,1453.0
56137,2019-10-12 14:42:00,29.9,1000.6,89,122,11.6,0.0,1123.6
56202,2019-10-12 14:42:00,33.7,1020.9,22,117,2.1,0.1,1203.4
56223,2019-10-12 14:42:00,31.0,1025.7,30,152,2.0,0.4,1100.5
56227,2019-10-12 14:42:00,31.8,1005.9,55,166,14.5,0.8,1003.9
56312,2019-10-12 14:42:00,28.1,1018.1,92,274,4.7,0.7,1445.7
56331,2019-10-12 14:42:00,9.8,1020.4,79,94,11.3,1.5,1056.9
56434,2019-10-12 14:42:00,19.5,1004.7,27,125,4.4,1.1,1417.8
51053,2019-10-12 14:42:00,30.2,1025.1,27,62,13.7,0.0,1409.3
51059,2019-10-12 14:42:00,32.9,1017.7,88,61,8.0,1.0,1151.8
51060,2019-10-12 14:42:00,33.8,1005.0,17,147,9.4,1.1,1124.9
51068,2019-10-12 14:42:00,17.5,1000.8,57,235,10.5,0.6,1258.4
51076,2019-10-12 14:42:00,4.2,1001.9,91,279,13.2,0.0,1165.1
51087,2019-10-12 14:42:00,2.7,1020.8,35,275,14.3,1.4,1446.2
51133,2019-10-12 14:42:00,5.9,1018.2,96,245,11.4,0.4,1217.1
51156,2019-10-12 14:42:00,6.5,1026.4,66,69,5.7,1.3,1302.3
51186,2019-10-12 14:42:00,13.4,1015.6,90,228,14.5,1.5,1491.8
51232,2019-10-12 14:42:00,26.9,1002.0,23,240,9.8,1.2,1059.4
51238,2019-10-12 14:42:00,10.1,1014.2,56,269,3.7,0.2,1281.8
51241,2019-10-12 14:42:00,12.8,1018.9,79,194,2.3,0.3,1381.9
51243,2019-10-12 14:42:00,10.6,1001.1,5,348,2.2,0.9,1381.4
51288,2019-10-12 14:42:00,29.8,1002.1,9,160,2.6,0.6,1194.2
51330,2019-10-12 14:42:00,34.8,1019.1,60,42,7.5,0.6,1084.2
51334,2019-10-12 14:42:00,24.2,1005.1,18,38,13.1,1.1,1211.1
51346,2019-10-12 14:42:00,7.7,1004.7,72,219,0.9,0.7,1038.8
51358,2019-10-12 14:42:00,16.1,1018.4,61,205,5.1,1.2,1215.3
51365,2019-10-12 14:42:00,10.5,1018.1,58,298,9.2,0.0,1102.8
51367,2019-10-12 14:42:00,9.5,1022.9,25,84,10.3,1.4,1011.6
51379,2019-10-12 14:42:00,28.5,1017.6,39,162,8.4,0.1,1413.5
51431,2019-10-12 14:42:00,22.0,1003.4,74,10,6.3,0.5,1274.2
51433,2019-10-12 14:42:00,5.5,1021.2,94,348,5.3,1.1,1113.9
51437,2019-10-12 14:42:00,22.6,1011.1,92,94,10.6,0.0,1409.3
51463,2019-10-12 14:42:00,32.3,1005.5,53,255,5.1,0.6,1220.2
51467,2019-10-12 14:42:00,22.9,1020.4,72,62,14.3,0.5,1031.7
51469,2019-10-12 14:42:00,27.9,1023.8,2,245,13.0,1.4,1379.8
51470,2019-10-12 14:42:00,20.2,1017.9,84,12,7.1,1.1,1204.9
51477,2019-10-12 14:42:00,19.5,1000.8,98,48,0.3,0.2,1291.9
51495,2019-10-12 14:42:00,16.3,1016.4,21,24,5.0,0.0,1304.8
51526,2019-10-12 14:42:00,26.3,1016.9,44,84,1.7,0.0,1116.4
51542,2019-10-12 14:42:00,5.6,1006.5,7,157,9.4,0.9,1300.5
51567,2019-10-12 14:42:00,34.8,1005.1,70,244,1.1,0.2,1197.3
51573,2019-10-12 14:42:00,18.2,1024.7,68,353,1.9,1.2,1181.2
51581,2019-10-12 14:42:00,19.8,1010.4,48,255,12.3,0.7,1491.8
51628,2019-10-12 14:42:00,14.7,1006.6,53,84,8.6,1.4,1073.1
51633,2019-10-12 14:42:00,16.6,1019.1,53,188,12.0,0.9,1229.4
51639,2019-10-12 14:42:00,3.6,1018.1,30,228,1.6,0.1,1010.8
51642,2019-10-12 14:42:00,10.7,1023.9,43,314,2.3,0.5,1252.9
51644,2019-10-12 14:42:00,15.3,1022.9,93,210,12.8,0.8,1275.3
51655,2019-10-12 14:42:00,21.7,1002.1,70,57,6.0,0.5,1435.0
51656,2019-10-12 14:42:00,34.0,1000.6,92,205,13.9,0.4,1065.6
51701,2019-10-12 14:42:00,24.8,1002.4,91,310,6.0,1.2,1457.1
51704,2019-10-12 14:42:00,21.2,1005.1,19,93,1.2,1.5,1483.8
51705,2019-10-12 14:42:00,35.0,1025.4,64,325,1.8,0.8,1376.6
51709,2019-10-12 14:42:00,25.0,1015.0,1,174,10.3,0.3,1274.4
51711,2019-10-12 14:42:00,32.6,1010.9,50,278,13.5,1.1,1408.1
51716,2019-10-12 14:42:00,29.5,1014.4,38,91,5.0,0.0,1042.5
51720,2019-10-12 14:42:00,23.0,1005.8,42,75,13.2,0.8,1159.4
51730,2019-10-12 14:42:00,3.7,1007.3,15,152,9.5,1.1,1084.3
51747,2019-10-12 14:42:00,5.7,1001.8,31,140,2.4,0.7,1359.3
51765,2019-10-12 14:42:00,7.7,1015.0,84,100,14.4,0.4,1420.5
51777,2019-10-12 14:42:00,3.3,1026.0,9,309,10.5,0.1,1270.7
51804,2019-10-12 14:42:00,4.3,1018.2,77,222,4.5,1.4,1175.3
51810,2019-10-12 14:42:00,19.5,1022.7,26,270,11.8,0.7,1160.9
51811,2019-10-12 14:42:00,11.8,1023.1,26,346,5.9,0.4,1264.5
51818,2019-10-12 14:42:00,1.4,1004.6,59,120,6.3,0.6,1326.2
51828,2019-10-12 14:42:00,4.6,1005.5,78,339,7.7,0.5,1155.2
51839,2019-10-12 14:42:00,3.7,1016.2,81,97,0.7,1.4,1252.3
51855,2019-10-12 14:42:00,22.2,1000.5,44,131,10.4,0.0,1341.2
51931,2019-10-12 14:42:00,3.4,1000.4,45,208,11.0,0.2,1431.0
52101,2019-10-12 14:42:00,11.4,1014.6,34,356,4.3,0.2,1299.7
52112,2019-10-12 14:42:00,34.6,1010.7,62,77,6.7,0.9,1193.1
52118,2019-10-12 14:42:00,26.7,1000.1,28,93,1.9,1.0,1355.1
52203,2019-10-12 14:42:00,19.9,1012.0,3,150,1.9,0.3,1224.2
52313,2019-10-12 14:42:00,26.5,1018.1,32,9,12.4,0.4,1164.4
56444,2019-10-12 14:42:00,7.2,1019.9,66,122,9.6,1.4,1354.2
56533,2019-10-12 14:42:00,7.4,1007.1,59,33,7.5,1.3,1433.2
56543,2019-10-12 14:42:00,28.4,1005.9,24,141,5.2,0.5,1349.5
56548,2019-10-12 14:42:00,32.4,1002.6,22,327,13.0,0.0,1382.8
56586,2019-10-12 14:42:00,18.8,1016.9,26,196,4.8,1.0,1347.7
56643,2019-10-12 14:42:00,27.1,1007.0,62,292,9.2,1.2,1037.7
56651,2019-10-12 14:42:00,0.3,1001.4,57,35,1.9,0.3,1008.0
56664,2019-10-12 14:42:00,6.3,1008.3,100,36,8.5,0.4,1089.1
56684,2019-10-12 14:42:00,11.9,1006.5,72,251,4.4,0.9,1267.3
56739,2019-10-12 14:42:00,26.6,1002.4,18,168,11.0,0.3,1057.8
56748,2019-10-12 14:42:00,14.3,1018.1,63,315,6.0,1.4,1349.8
56751,2019-10-12 14:42:00,35.0,1018.4,79,44,5.7,0.9,1187.3
56763,2019-10-12 14:42:00,33.1,1016.9,57,169,12.4,0.0,1098.0
56768,2019-10-12 14:42:00,31.9,1014.4,33,34,6.8,0.2,1180.2
56778,2019-10-12 14:42:00,14.9,1022.6,8,236,13.4,0.1,1011.1
56786,2019-10-12 14:42:00,30.3,1000.9,6,78,3.8,0.3,1477.3
56838,2019-10-12 14:42:00,14.1,1024.4,88,20,1.6,0.8,1394.4
56856,2019-10-12 14:42:00,13.2,1001.1,88,353,10.7,1.5,1334.8
56872,2019-10-12 14:42:00,3.1,1007.1,83,278,10.4,0.6,1052.4
56875,2019-10-12 14:42:00,29.2,1006.8,11,207,0.3,1.5,1230.2
56886,2019-10-12 14:42:00,31.5,1013.1,52,121,1.7,0.3,1156.7
56946,2019-10-12 14:42:00,1.8,1000.9,37,158,11.7,0.7,1376.0
56950,2019-10-12 14:42:00,1.4,1005.9,71,241,6.6,0.9,1140.4
56951,2019-10-12 14:42:00,20.4,1018.7,7,153,11.2,1.2,1446.4
56954,2019-10-12 14:42:00,30.8,1019.5,18,21,3.6,1.2,1136.9
56959,2019-10-12 14:42:00,28.6,1002.3,37,311,0.2,0.0,1296.2
56964,2019-10-12 14:42:00,7.4,1016.7,61,313,4.2,0.7,1123.6
56966,2019-10-12 14:42:00,1.5,1012.8,7,172,3.7,1.2,1408.4
56969,2019-10-12 14:42:00,4.7,1004.7,46,219,1.8,1.0,1444.0
56977,2019-10-12 14:42:00,4.6,1019.5,35,152,4.8,1.1,1304.4
56985,2019-10-12 14:42:00,34.5,1009.5,26,102,14.3,0.2,1034.8
56986,2019-10-12 14:42:00,14.7,1009.1,16,135,6.1,1.3,1308.0
56991,2019-10-12 14:42:00,24.8,1019.6,26,149,12.0,0.6,1335.7
59007,2019-10-12 14:42:00,0.7,1005.2,1,297,12.2,0.7,1027.9
58448,2019-10-12 14:42:00,14.1,1016.3,18,295,0.3,0.7,1323.0
58450,2019-10-12 14:42:00,34.8,1018.1,67,225,0.4,0.1,1211.0
58457,2019-10-12 14:42:00,14.0,1018.4,13,35,4.2,1.3,1421.1
58464,2019-10-12 14:42:00,23.5,1002.6,38,233,14.8,0.9,1297.6
58467,2019-10-12 14:42:00,16.9,1002.1,65,275,8.4,0.5,1245.2
58472,2019-10-12 14:42:00,23.3,1025.1,21,120,0.9,0.6,1129.1
58477,2019-10-12 14:42:00,4.9,1011.1,11,250,7.8,1.4,1360.6
58543,2019-10-12 14:42:00,27.6,1011.8,63,313,7.5,0.7,1040.1
58549,2019-10-12 14:42:00,25.1,1008.0,42,320,1.7,0.9,1400.4
58553,2019-10-12 14:42:00,17.1,1009.8,70,195,6.9,1.4,1098.5
58556,2019-10-12 14:42:00,0.5,1019.7,63,144,10.4,0.0,1291.8
58557,2019-10-12 14:42:00,33.9,1001.4,73,264,6.2,0.6,1379.5
58562,2019-10-12 14:42:00,4.5,1008.7,82,277,3.0,1.0,1323.1
58569,2019-10-12 14:42:00,7.2,1021.2,65,162,2.5,1.3,1082.3
58633,2019-10-12 14:42:00,8.6,1012.7,87,359,6.0,0.0,1141.9
58646,2019-10-12 14:42:00,9.6,1002.4,52,30,12.3,0.3,1002.5
58652,2019-10-12 14:42:00,32.8,1009.7,97,299,14.9,1.3,1196.5
58665,2019-10-12 14:42:00,5.7,1000.7,66,300,8.6,0.5,1222.8
58666,2019-10-12 14:42:00,28.9,1009.7,86,301,9.4,0.7,1345.7
58667,2019-10-12 14:42:00,25.1,1001.1,18,122,4.7,0.8,1375.9
58742,2019-10-12 14:42:00,22.5,1019.8,32,281,0.7,1.5,1000.8
58752,2019-10-12 14:42:00,2.0,1005.7,42,50,11.1,0.2,1422.5
58760,2019-10-12 14:42:00,24.5,1018.8,11,352,10.5,1.1,1347.3
57348,2019-10-12 14:42:00,35.0,1007.3,15,8,14.1,1.5,1063.8
57426,2019-10-12 14:42:00,26.6,1001.1,60,111,9.7,0.2,1162.0
57432,2019-10-12 14:42:00,15.0,1004.4,18,125,12.8,0.2,1087.2
57502,2019-10-12 14:42:00,4.4,1002.6,32,188,10.4,1.3,1300.3
57512,2019-10-12 14:42:00,25.8,1002.8,27,265,5.8,1.2,1176.1
57516,2019-10-12 14:42:00,2.5,1024.4,8,19,7.7,0.6,1494.6
57517,2019-10-12 14:42:00,26.5,1004.3,28,263,8.0,0.0,1352.9
57520,2019-10-12 14:42:00,0.7,1023.4,57,140,12.1,1.1,1152.6
57523,2019-10-12 14:42:00,33.1,1008.0,94,59,2.0,0.7,1006.3
57536,2019-10-12 14:42:00,8.1,1010.9,30,149,13.5,0.0,1177.1
57612,2019-10-12 14:42:00,12.1,1026.0,73,33,11.5,1.5,1055.7
57633,2019-10-12 14:42:00,22.8,1014.6,78,306,10.2,0.9,1066.0
