58015,2019-10-12 14:16:00,23.3,1013.4,13,234,4.3,0.2,1476.5
58102,2019-10-12 14:16:00,7.3,1025.5,48,29,5.2,1.2,1147.4
58118,2019-10-12 14:16:00,27.5,1015.2,48,158,4.1,0.5,1188.8
58122,2019-10-12 14:16:00,12.6,1023.0,50,238,5.0,0.3,1375.5
58203,2019-10-12 14:16:00,9.6,1016.4,36,327,2.0,0.4,1376.3
58215,2019-10-12 14:16:00,0.9,1010.5,49,54,0.5,0.7,1443.0
58221,2019-10-12 14:16:00,16.6,1008.9,56,304,6.1,0.2,1179.5
58225,2019-10-12 14:16:00,16.0,1023.4,99,52,9.7,1.5,1191.1
58236,2019-10-12 14:16:00,13.5,1021.9,43,85,1.5,1.4,1060.4
58311,2019-10-12 14:16:00,31.7,1004.0,47,129,0.0,1.5,1461.2
58314,2019-10-12 14:16:00,7.0,1019.2,39,236,12.8,1.3,1371.5
58319,2019-10-12 14:16:00,15.5,1016.7,27,7,7.3,0.8,1074.7
58321,2019-10-12 14:16:00,27.6,1011.8,26,339,4.9,1.1,1164.6
58326,2019-10-12 14:16:00,28.3,1012.4,50,250,7.9,0.3,1011.0
58336,2019-10-12 14:16:00,34.2,1001.2,59,250,8.5,1.2,1231.1
58338,2019-10-12 14:16:00,8.7,1011.3,11,357,14.7,1.2,1317.5
58414,2019-10-12 14:16:00,33.9,1022.8,56,255,13.8,1.2,1494.9
58419,2019-10-12 14:16:00,33.8,1001.0,84,304,14.9,0.0,1213.0
58424,2019-10-12 14:16:00,16.3,1004.5,10,233,2.4,1.5,1166.5
58429,2019-10-12 14:16:00,26.5,1002.0,14,315,1.1,0.3,1321.7
58436,2019-10-12 14:16:00,0.5,1012.6,90,63,12.6,1.2,1455.8
58437,2019-10-12 14:16:00,17.3,1015.0,47,167,7.5,0.5,1078.6
58520,2019-10-12 14:16:00,24.0,1003.9,19,167,14.6,0.7,1453.1
58531,2019-10-12 14:16:00,23.9,1025.7,76,152,11.2,0.4,1494.1
54406,2019-10-12 14:16:00,18.3,1000.3,44,214,7.7,0.0,1289.0
54416,2019-10-12 14:16:00,15.0,1007.9,49,332,10.4,1.4,1391.4
54511,2019-10-12 14:16:00,19.8,1023.1,44,177,4.2,0.5,1436.9
58725,2019-10-12 14:16:00,4.7,1018.2,38,140,14.1,0.5,1142.0
58730,2019-10-12 14:16:00,25.4,1009.8,52,309,1.7,0.3,1179.5
58731,2019-10-12 14:16:00,7.0,1024.4,34,139,10.8,1.3,1229.4
58734,2019-10-12 14:16:00,30.0,1015.8,56,37,10.6,1.4,1240.9
58737,2019-10-12 14:16:00,0.7,1001.0,25,358,11.0,0.9,1282.6
58744,2019-10-12 14:16:00,22.1,1007.6,44,25,8.0,1.4,1350.1
58754,2019-10-12 14:16:00,29.0,1003.6,3,153,12.3,0.3,1395.9
58818,2019-10-12 14:16:00,16.0,1007.4,21,308,4.9,0.8,1362.8
58820,2019-10-12 14:16:00,16.4,1000.3,5,295,9.4,0.0,1013.8
58834,2019-10-12 14:16:00,9.7,1019.7,44,237,2.0,1.4,1482.7
58837,2019-10-12 14:16:00,24.5,1021.3,3,121,12.6,0.8,1385.1
58843,2019-10-12 14:16:00,24.7,1011.2,44,345,11.3,0.3,1269.4
58846,2019-10-12 14:16:00,17.7,1001.6,83,159,12.0,1.5,1058.1
58847,2019-10-12 14:16:00,26.9,1003.7,72,222,1.1,1.0,1358.6
58911,2019-10-12 14:16:00,6.6,1015.0,47,266,3.8,0.8,1005.9
58918,2019-10-12 14:16:00,1.5,1020.5,39,128,4.9,0.5,1182.7
58921,2019-10-12 14:16:00,4.8,1002.7,91,196,14.0,0.4,1481.0
58926,2019-10-12 14:16:00,19.8,1013.8,22,98,3.1,1.2,1046.8
58927,2019-10-12 14:16:00,30.4,1024.5,85,118,6.5,0.6,1485.3
58931,2019-10-12 14:16:00,29.9,1009.8,10,162,4.0,0.3,1296.4
58933,2019-10-12 14:16:00,11.3,1024.6,48,303,3.0,0.9,1166.6
58936,2019-10-12 14:16:00,17.3,1014.8,27,93,12.7,1.5,1470.7
58944,2019-10-12 14:16:00,10.2,1008.3,69,296,10.3,0.4,1234.1
59113,2019-10-12 14:16:00,10.1,1022.6,5,166,7.1,1.3,1126.5
59126,2019-10-12 14:16:00,22.5,1009.2,43,230,9.5,0.5,1338.7
59133,2019-10-12 14:16:00,23.4,1002.2,85,10,14.8,1.4,1206.3
59134,2019-10-12 14:16:00,33.3,1004.4,51,57,10.2,0.6,1476.1
59321,2019-10-12 14:16:00,33.6,1015.4,33,59,11.1,0.0,1127.6
52323,2019-10-12 14:16:00,28.2,1014.1,59,256,11.6,0.4,1136.3
52418,2019-10-12 14:16:00,23.9,1003.6,5,283,12.8,0.4,1316.1
52424,2019-10-12 14:16:00,29.2,1023.6,29,265,1.2,0.2,1154.4
52436,2019-10-12 14:16:00,0.5,1006.4,41,35,7.3,0.4,1017.6
52446,2019-10-12 14:16:00,19.1,1018.1,64,231,11.4,0.1,1174.8
52447,2019-10-12 14:16:00,13.1,1014.9,18,216,2.2,0.9,1195.7
52533,2019-10-12 14:16:00,24.0,1000.4,33,29,11.7,0.4,1007.6
52546,2019-10-12 14:16:00,14.4,1022.2,82,266,14.1,0.5,1316.1
52652,2019-10-12 14:16:00,31.5,1020.0,32,83,10.8,1.1,1297.5
52661,2019-10-12 14:16:00,28.0,1019.3,94,265,14.4,1.5,1382.9
52674,2019-10-12 14:16:00,20.5,1008.6,41,347,10.2,0.4,1436.7
52679,2019-10-12 14:16:00,15.9,1012.8,35,41,13.1,0.7,1172.1
52681,2019-10-12 14:16:00,24.3,1014.3,74,81,3.6,1.2,1092.4
52787,2019-10-12 14:16:00,29.1,1011.6,72,157,2.0,0.1,1313.5
52797,2019-10-12 14:16:00,29.0,1003.2,77,1,11.8,0.5,1395.8
52884,2019-10-12 14:16:00,32.7,1005.0,1,342,13.4,0.2,1325.2
52895,2019-10-12 14:16:00,10.6,1003.7,96,79,9.2,0.4,1377.6
52983,2019-10-12 14:16:00,22.4,1005.6,79,273,12.8,1.3,1158.3
52984,2019-10-12 14:16:00,8.9,1015.3,66,26,5.0,1.4,1292.3
52986,2019-10-12 14:16:00,4.1,1019.3,100,134,5.8,1.1,1309.3
52996,2019-10-12 14:16:00,33.9,1017.3,85,119,14.0,1.5,1323.3
53821,2019-10-12 14:16:00,31.7,1001.1,85,83,12.7,1.4,1499.5
53915,2019-10-12 14:16:00,7.3,1024.0,31,207,8.4,0.0,1326.5
53923,2019-10-12 14:16:00,33.9,1007.2,26,279,0.7,0.5,1369.8
56074,2019-10-12 14:16:00,12.2,1000.3,95,100,11.6,1.4,1143.1
56080,2019-10-12 14:16:00,22.4,1012.1,23,173,1.4,1.0,1397.6
56093,2019-10-12 14:16:00,34.2,1009.5,97,351,13.6,1.4,1078.1
56096,2019-10-12 14:16:00,26.6,1001.9,37,38,6.8,0.6,1197.7
57014,2019-10-12 14:16:00,3.6,1010.9,24,283,1.9,1.3,1422.3
57996,2019-10-12 14:16:00,18.1,1019.4,75,16,6.2,1.3,1317.4
59072,2019-10-12 14:16:00,8.8,1018.0,98,60,12.8,0.1,1465.9
59082,2019-10-12 14:16:00,17.1,1009.2,34,138,4.8,0.2,1131.3
59087,2019-10-12 14:16:00,7.5,1008.9,67,192,7.3,1.0,1249.4
59088,2019-10-12 14:16:00,5.1,1023.6,91,32,11.3,1.3,1063.1
59096,2019-10-12 14:16:00,12.5,1005.9,71,124,2.1,0.4,1290.0
59097,2019-10-12 14:16:00,28.1,1021.8,100,173,3.5,1.2,1299.9
59107,2019-10-12 14:16:00,14.4,1014.9,1,343,8.8,1.4,1035.3
59116,2019-10-12 14:16:00,24.3,1006.0,36,88,12.2,0.5,1348.6
59117,2019-10-12 14:16:00,14.3,1004.2,22,214,10.6,0.8,1471.3
59271,2019-10-12 14:16:00,28.4,1009.2,99,7,12.7,1.3,1055.4
59278,2019-10-12 14:16:00,4.7,1011.2,97,171,3.6,1.2,1436.6
59280,2019-10-12 14:16:00,32.1,1023.7,2,240,7.7,1.2,1296.6
59287,2019-10-12 14:16:00,23.6,1024.9,94,350,10.6,1.0,1192.1
59289,2019-10-12 14:16:00,5.2,1016.8,28,55,7.2,1.0,1291.6
59293,2019-10-12 14:16:00,26.0,1019.3,20,55,10.7,0.0,1171.4
59294,2019-10-12 14:16:00,19.9,1008.1,73,313,8.5,1.3,1220.4
59298,2019-10-12 14:16:00,15.5,1014.7,67,166,7.8,0.3,1028.0
59303,2019-10-12 14:16:00,21.7,1011.5,15,321,3.6,0.1,1224.2
59304,2019-10-12 14:16:00,6.3,1004.2,72,278,4.3,0.2,1072.1
59306,2019-10-12 14:16:00,4.6,1016.8,44,38,12.5,0.3,1312.1
59310,2019-10-12 14:16:00,23.1,1024.8,90,177,10.7,1.1,1274.4
59316,2019-10-12 14:16:00,14.6,1014.6,54,271,9.3,1.5,1164.9
59317,2019-10-12 14:16:00,8.4,1003.7,70,58,8.0,0.8,1194.2
59324,2019-10-12 14:16:00,6.7,1005.6,27,347,14.1,0.5,1403.7
59456,2019-10-12 14:16:00,26.3,1025.9,50,259,8.2,0.2,1169.3
59462,2019-10-12 14:16:00,20.1,1018.2,53,284,6.5,0.9,1141.3
59478,2019-10-12 14:16:00,9.3,1012.6,21,258,8.9,0.6,1429.2
59485,2019-10-12 14:16:00,33.2,1003.2,78,28,11.5,0.3,1229.2
59488,2019-10-12 14:16:00,32.0,1002.6,54,275,1.5,0.3,1173.7
59493,2019-10-12 14:16:00,24.4,1022.5,64,256,4.5,1.5,1092.2
59501,2019-10-12 14:16:00,29.3,1007.5,61,269,0.3,1.2,1325.6
59658,2019-10-12 14:16:00,12.6,1010.2,41,87,5.5,0.9,1384.7
59663,2019-10-12 14:16:00,10.7,1008.9,44,337,5.1,0.4,1075.7
59664,2019-10-12 14:16:00,8.4,1012.3,60,194,5.1,0.6,1078.4
59673,2019-10-12 14:16:00,17.1,1009.0,68,86,11.7,1.5,1148.2
59754,2019-10-12 14:16:00,3.3,1022.4,41,347,3.2,0.0,1332.3
57947,2019-10-12 14:16:00,34.8,1005.5,3,129,12.4,0.9,1129.5
57957,2019-10-12 14:16:00,1.0,1021.8,93,354,9.7,1.1,1053.9
57958,2019-10-12 14:16:00,11.5,1022.6,63,266,11.8,0.5,1170.9
59021,2019-10-12 14:16:00,24.1,1003.3,33,47,2.0,0.0,1020.0
59023,2019-10-12 14:16:00,33.5,1009.3,62,213,0.3,1.1,1367.2
59027,2019-10-12 14:16:00,20.3,1021.0,42,205,10.3,0.1,1429.7
59037,2019-10-12 14:16:00,12.9,1017.7,60,152,6.5,0.9,1187.6
59046,2019-10-12 14:16:00,32.7,1019.5,4,350,1.5,1.5,1341.6
59058,2019-10-12 14:16:00,25.7,1008.2,57,169,6.7,0.5,1130.6
59065,2019-10-12 14:16:00,29.3,1002.9,38,181,9.6,0.6,1047.0
59209,2019-10-12 14:16:00,16.0,1009.4,58,92,10.3,1.2,1276.8
59211,2019-10-12 14:16:00,22.8,1016.2,56,283,4.7,1.0,1171.1
59218,2019-10-12 14:16:00,4.5,1020.9,55,60,11.1,0.6,1099.8
59228,2019-10-12 14:16:00,25.4,1017.3,77,142,11.9,0.1,1280.2
59242,2019-10-12 14:16:00,32.6,1024.8,63,197,5.7,0.8,1443.6
59254,2019-10-12 14:16:00,26.3,1000.8,78,320,3.0,0.4,1378.7
59265,2019-10-12 14:16:00,24.6,1009.4,61,184,4.6,1.1,1329.6
59417,2019-10-12 14:16:00,29.0,1012.6,90,140,1.5,1.3,1295.5
59431,2019-10-12 14:16:00,13.5,1003.2,99,192,12.6,0.5,1473.1
59446,2019-10-12 14:16:00,23.8,1010.1,43,178,12.1,0.3,1418.3
59453,2019-10-12 14:16:00,4.1,1003.9,67,123,5.0,0.2,1424.4
59626,2019-10-12 14:16:00,33.0,1002.5,28,216,12.7,0.9,1148.8
59631,2019-10-12 14:16:00,19.4,1021.6,43,140,11.9,0.5,1490.2
59632,2019-10-12 14:16:00,27.0,1017.7,6,112,8.5,0.7,1114.9
59644,2019-10-12 14:16:00,23.3,1020.9,14,20,7.5,0.3,1269.2
59647,2019-10-12 14:16:00,22.4,1014.4,76,184,0.5,1.1,1025.1
56691,2019-10-12 14:16:00,15.7,1002.7,33,198,0.8,0.2,1307.2
56693,2019-10-12 14:16:00,26.6,1017.5,48,266,1.9,0.8,1013.0
56792,2019-10-12 14:16:00,34.5,1025.4,94,273,7.5,0.2,1303.6
56793,2019-10-12 14:16:00,15.6,1002.4,22,207,9.9,0.9,1336.5
57606,2019-10-12 14:16:00,32.1,1000.4,88,280,7.6,1.1,1268.1
57614,2019-10-12 14:16:00,2.2,1014.4,81,226,11.1,1.5,1282.9
57625,2019-10-12 14:16:00,12.0,1012.4,4,159,8.8,1.3,1130.2
57647,2019-10-12 14:16:00,12.4,1017.2,31,305,9.9,1.1,1485.4
57707,2019-10-12 14:16:00,32.8,1022.2,49,46,5.6,1.5,1192.9
57710,2019-10-12 14:16:00,6.1,1023.2,69,291,0.1,1.2,1317.0
57712,2019-10-12 14:16:00,14.0,1001.3,34,197,11.2,0.9,1280.2
57718,2019-10-12 14:16:00,2.1,1020.3,42,55,4.5,1.1,1331.3
57722,2019-10-12 14:16:00,10.3,1010.0,77,26,2.7,0.0,1376.5
57729,2019-10-12 14:16:00,31.8,1014.9,51,28,2.1,0.2,1166.7
57731,2019-10-12 14:16:00,26.0,1002.9,33,58,4.9,1.4,1009.7
57741,2019-10-12 14:16:00,27.0,1001.5,74,75,4.5,0.2,1043.7
57803,2019-10-12 14:16:00,0.7,1003.3,15,309,6.3,0.2,1087.8
57805,2019-10-12 14:16:00,10.3,1010.1,89,68,13.5,0.6,1494.0
57806,2019-10-12 14:16:00,29.2,1025.1,41,282,3.2,1.3,1064.9
57816,2019-10-12 14:16:00,19.2,1004.1,57,226,9.6,0.9,1387.1
57825,2019-10-12 14:16:00,20.1,1021.3,44,73,8.8,0.1,1334.7
57827,2019-10-12 14:16:00,13.7,1022.8,11,15,12.4,0.6,1457.5
57832,2019-10-12 14:16:00,10.3,1016.5,74,287,10.3,1.3,1125.1
57839,2019-10-12 14:16:00,16.2,1025.5,23,208,13.1,1.0,1241.1
57840,2019-10-12 14:16:00,12.6,1022.4,28,262,11.2,0.6,1389.8
57902,2019-10-12 14:16:00,19.7,1024.6,83,73,3.5,1.2,1288.5
57906,2019-10-12 14:16:00,18.4,1007.7,77,43,3.5,0.9,1382.0
57907,2019-10-12 14:16:00,1.5,1012.7,45,266,10.7,1.0,1172.0
57910,2019-10-12 14:16:00,2.3,1025.3,62,158,1.2,0.4,1200.5
57912,2019-10-12 14:16:00,5.8,1009.6,50,226,14.4,0.3,1319.5
57916,2019-10-12 14:16:00,3.8,1003.6,33,23,12.0,0.0,1225.6
57922,2019-10-12 14:16:00,8.6,1002.0,9,46,7.9,0.8,1263.8
57926,2019-10-12 14:16:00,15.9,1002.0,71,65,1.9,1.5,1063.3
57932,2019-10-12 14:16:00,29.3,1018.2,90,80,8.5,1.0,1322.8
59758,2019-10-12 14:16:00,13.6,1012.8,71,191,5.1,1.0,1415.3
59838,2019-10-12 14:16:00,19.0,1002.9,21,49,12.6,0.4,1056.4
59845,2019-10-12 14:16:00,9.4,1015.5,52,272,5.5,1.0,1111.5
59849,2019-10-12 14:16:00,27.9,1008.5,18,150,7.9,0.6,1285.2
59855,2019-10-12 14:16:00,28.2,1017.3,9,86,12.2,1.4,1111.4
59948,2019-10-12 14:16:00,8.3,1015.4,64,307,14.9,0.3,1189.9
59954,2019-10-12 14:16:00,4.4,1015.0,5,301,10.0,0.4,1369.7
59981,2019-10-12 14:16:00,19.9,1008.7,95,154,8.9,0.0,1232.1
53399,2019-10-12 14:16:00,30.7,1015.5,67,265,1.9,0.7,1203.8
53593,2019-10-12 14:16:00,7.3,1008.2,93,208,14.2,0.7,1274.8
53698,2019-10-12 14:16:00,3.1,1021.0,46,48,10.8,1.3,1355.4
53798,2019-10-12 14:16:00,15.5,1025.9,79,138,9.1,0.1,1033.5
54308,2019-10-12 14:16:00,23.2,1011.9,2,260,6.1,0.4,1179.2
54311,2019-10-12 14:16:00,27.9,1012.0,22,235,10.4,0.9,1470.8
54401,2019-10-12 14:16:00,0.3,1010.1,13,79,6.1,0.9,1253.8
54405,2019-10-12 14:16:00,1.1,1021.8,14,212,11.8,0.8,1453.5
54423,2019-10-12 14:16:00,23.9,1023.9,56,30,0.8,0.9,1173.4
54429,2019-10-12 14:16:00,17.2,1007.7,33,344,2.4,0.5,1192.1
54436,2019-10-12 14:16:00,16.1,1008.0,28,255,9.1,0.7,1323.3
54449,2019-10-12 14:16:00,0.4,1003.8,79,96,0.9,1.2,1132.8
54518,2019-10-12 14:16:00,2.9,1009.6,12,358,10.7,1.4,1294.0
54534,2019-10-12 14:16:00,34.3,1015.0,76,288,10.2,0.7,1475.1
54535,2019-10-12 14:16:00,16.8,1016.9,25,157,13.5,0.3,1410.0
54539,2019-10-12 14:16:00,14.5,1009.3,51,221,9.3,0.1,1247.0
54602,2019-10-12 14:16:00,24.1,1024.3,19,153,11.1,0.5,1407.4
54606,2019-10-12 14:16:00,22.7,1026.3,58,325,2.5,1.2,1117.7
54618,2019-10-12 14:16:00,16.1,1008.2,67,156,5.6,0.2,1054.7
54624,2019-10-12 14:16:00,15.6,1020.5,98,230,4.0,0.0,1476.0
54705,2019-10-12 14:16:00,6.0,1021.1,14,310,0.4,0.4,1070.7
53898,2019-10-12 14:16:00,7.0,1005.3,1,333,1.3,0.5,1241.6
53986,2019-10-12 14:16:00,28.2,1000.4,44,9,3.3,0.5,1375.3
57051,2019-10-12 14:16:00,17.5,1012.3,92,25,10.1,0.4,1438.1
57067,2019-10-12 14:16:00,7.0,1008.2,12,281,2.3,1.2,1023.2
57071,2019-10-12 14:16:00,21.6,1011.0,49,194,2.6,0.0,1141.0
57077,2019-10-12 14:16:00,2.1,1021.5,50,40,9.6,0.1,1199.9
57083,2019-10-12 14:16:00,33.5,1004.9,28,114,6.0,0.6,1062.3
57084,2019-10-12 14:16:00,19.8,1019.0,72,16,5.3,1.4,1238.3
57089,2019-10-12 14:16:00,29.0,1010.8,63,208,1.9,0.2,1206.7
57091,2019-10-12 14:16:00,34.2,1014.7,83,316,1.9,1.1,1372.0
57156,2019-10-12 14:16:00,0.5,1018.6,19,169,3.1,0.5,1360.8
57178,2019-10-12 14:16:00,8.3,1005.7,40,236,8.0,1.0,1118.6
57181,2019-10-12 14:16:00,10.1,1023.7,3,193,0.2,0.0,1251.9
57193,2019-10-12 14:16:00,30.7,1025.0,77,170,14.2,0.6,1151.7
57285,2019-10-12 14:16:00,8.0,1017.8,29,329,12.0,0.2,1053.7
57290,2019-10-12 14:16:00,8.6,1024.1,7,106,11.3,1.3,1061.5
57297,2019-10-12 14:16:00,23.8,1003.5,67,310,9.9,0.9,1189.3
58005,2019-10-12 14:16:00,29.6,1006.9,18,287,7.0,0.5,1109.7
58111,2019-10-12 14:16:00,33.8,1007.8,9,156,14.7,1.2,1331.4
58208,2019-10-12 14:16:00,12.7,1001.5,36,132,8.1,0.5,1437.0
50136,2019-10-12 14:16:00,9.5,1001.6,73,260,9.3,1.4,1126.3
50246,2019-10-12 14:16:00,22.8,1011.3,67,226,5.3,0.4,1155.2
50247,2019-10-12 14:16:00,32.5,1015.2,75,357,3.3,1.1,1199.2
50349,2019-10-12 14:16:00,9.9,1022.9,71,341,0.6,0.6,1123.3
50353,2019-10-12 14:16:00,26.7,1007.9,96,64,8.8,0.3,1433.3
50442,2019-10-12 14:16:00,5.8,1000.4,47,96,7.5,0.9,1497.8
50468,2019-10-12 14:16:00,33.5,1014.4,48,55,12.6,1.3,1345.4
50557,2019-10-12 14:16:00,0.9,1008.6,59,61,2.8,1.2,1453.3
50564,2019-10-12 14:16:00,18.4,1001.1,68,324,3.6,1.0,1052.3
50656,2019-10-12 14:16:00,31.4,1006.3,37,147,14.5,0.6,1431.4
50658,2019-10-12 14:16:00,22.9,1026.2,58,130,14.6,0.0,1380.0
50674,2019-10-12 14:16:00,4.6,1006.3,50,206,8.6,1.1,1087.8
50739,2019-10-12 14:16:00,23.7,1021.0,23,269,2.8,1.0,1188.1
50742,2019-10-12 14:16:00,16.4,1017.3,86,172,9.2,0.5,1393.6
50745,2019-10-12 14:16:00,30.7,1018.5,36,201,0.5,0.9,1213.5
50756,2019-10-12 14:16:00,17.0,1001.1,21,18,8.1,0.1,1186.1
50758,2019-10-12 14:16:00,6.9,1018.1,98,252,7.1,1.1,1294.6
50774,2019-10-12 14:16:00,19.3,1012.0,59,88,7.4,1.5,1429.5
50778,2019-10-12 14:16:00,19.4,1021.1,13,357,2.2,0.0,1370.9
50788,2019-10-12 14:16:00,18.3,1011.7,34,290,4.8,0.5,1196.0
50844,2019-10-12 14:16:00,32.3,1014.4,79,320,5.5,1.1,1340.2
50853,2019-10-12 14:16:00,23.8,1004.8,71,232,11.4,0.0,1498.8
50854,2019-10-12 14:16:00,15.5,1001.6,61,106,4.2,0.1,1330.2
50862,2019-10-12 14:16:00,30.1,1018.2,86,23,12.4,0.6,1108.6
50873,2019-10-12 14:16:00,14.6,1011.8,40,46,14.7,0.5,1465.3
50877,2019-10-12 14:16:00,24.9,1023.1,44,125,4.4,0.9,1216.3
50888,2019-10-12 14:16:00,16.4,1022.8,70,256,11.9,0.2,1465.6
50950,2019-10-12 14:16:00,22.8,1021.7,70,338,8.4,1.4,1227.4
50953,2019-10-12 14:16:00,16.4,1006.9,53,274,14.7,0.3,1474.3
50955,2019-10-12 14:16:00,24.2,1012.5,100,174,10.6,1.0,1150.9
50963,2019-10-12 14:16:00,29.7,1018.0,62,129,0.1,1.4,1362.0
50968,2019-10-12 14:16:00,13.5,1007.2,13,244,7.1,1.3,1212.0
50973,2019-10-12 14:16:00,29.7,1021.5,42,317,6.4,1.3,1140.8
50978,2019-10-12 14:16:00,27.6,1000.9,46,273,4.6,0.0,1184.3
50983,2019-10-12 14:16:00,1.1,1001.7,11,54,14.4,0.3,1060.7
54094,2019-10-12 14:16:00,17.3,1015.9,74,138,11.8,1.3,1112.4
54096,2019-10-12 14:16:00,27.7,1021.7,22,277,11.2,0.6,1203.5
57251,2019-10-12 14:16:00,33.7,1003.0,20,343,4.1,0.4,1062.3
57256,2019-10-12 14:16:00,14.4,1023.8,28,171,9.7,0.9,1386.8
57259,2019-10-12 14:16:00,33.6,1019.5,14,41,6.9,0.2,1114.0
57265,2019-10-12 14:16:00,18.1,1008.5,19,287,0.0,1.5,1362.6
57278,2019-10-12 14:16:00,2.5,1023.2,93,191,5.7,1.1,1322.9
57279,2019-10-12 14:16:00,23.5,1015.7,95,208,8.7,0.5,1107.7
57355,2019-10-12 14:16:00,18.3,1011.0,79,193,13.0,0.7,1392.1
57358,2019-10-12 14:16:00,27.8,1001.2,39,108,10.9,0.8,1041.2
57359,2019-10-12 14:16:00,11.2,1023.0,46,12,4.9,0.1,1033.9
57363,2019-10-12 14:16:00,7.1,1002.2,3,340,8.1,0.0,1257.6
57378,2019-10-12 14:16:00,24.0,1020.2,33,97,8.9,1.4,1119.6
57381,2019-10-12 14:16:00,5.4,1010.6,18,260,8.8,0.3,1102.3
57395,2019-10-12 14:16:00,17.3,1006.8,81,277,11.0,0.5,1386.9
57399,2019-10-12 14:16:00,3.7,1003.8,97,79,7.0,0.6,1411.5
57439,2019-10-12 14:16:00,17.3,1012.2,80,252,7.1,0.8,1447.1
57445,2019-10-12 14:16:00,17.8,1012.4,73,131,13.0,1.3,1335.9
57447,2019-10-12 14:16:00,10.1,1019.9,64,318,5.9,0.4,1209.8
57458,2019-10-12 14:16:00,19.3,1018.8,57,149,9.4,0.0,1392.7
57461,2019-10-12 14:16:00,1.5,1015.8,28,0,0.2,0.7,1078.7
57476,2019-10-12 14:16:00,8.2,1018.6,74,285,9.5,0.9,1033.9
57482,2019-10-12 14:16:00,9.7,1004.1,72,286,13.2,0.6,1295.9
57483,2019-10-12 14:16:00,15.2,1002.2,92,31,5.8,1.1,1032.2
57493,2019-10-12 14:16:00,2.9,1006.4,42,278,0.7,0.0,1007.1
57494,2019-10-12 14:16:00,16.9,1005.9,83,44,5.0,1.2,1219.0
57545,2019-10-12 14:16:00,25.5,1015.0,90,206,9.4,0.8,1148.5
57573,2019-10-12 14:16:00,4.6,1008.1,90,260,13.1,0.8,1123.1
57581,2019-10-12 14:16:00,1.2,1013.5,76,41,8.6,0.0,1168.5
57583,2019-10-12 14:16:00,25.2,1020.6,3,124,2.0,0.0,1498.7
57595,2019-10-12 14:16:00,23.7,1011.9,14,51,5.2,0.2,1421.8
58402,2019-10-12 14:16:00,17.3,1007.4,74,192,11.2,0.6,1189.0
58407,2019-10-12 14:16:00,27.6,1014.5,28,214,2.7,0.7,1304.3
58500,2019-10-12 14:16:00,4.1,1020.8,40,86,6.4,0.5,1481.3
57554,2019-10-12 14:16:00,5.3,1021.2,55,72,12.2,0.3,1269.1
57562,2019-10-12 14:16:00,15.6,1026.3,85,282,13.7,0.9,1135.4
57574,2019-10-12 14:16:00,34.9,1009.0,92,57,11.5,1.4,1242.5
57584,2019-10-12 14:16:00,8.5,1017.5,60,277,5.1,1.4,1408.9
57642,2019-10-12 14:16:00,20.9,1021.1,78,334,6.8,1.5,1280.0
57649,2019-10-12 14:16:00,3.8,1021.7,2,86,7.5,0.5,1152.6
57655,2019-10-12 14:16:00,15.0,1025.0,36,317,6.5,1.0,1026.9
57662,2019-10-12 14:16:00,14.2,1019.3,47,216,2.4,0.5,1094.3
57669,2019-10-12 14:16:00,30.3,1025.0,49,24,14.8,0.5,1322.5
57671,2019-10-12 14:16:00,16.5,1005.5,18,249,11.4,1.5,1249.6
57673,2019-10-12 14:16:00,3.7,1014.3,69,115,0.5,1.1,1138.3
57679,2019-10-12 14:16:00,15.1,1011.3,40,264,13.3,0.5,1486.0
57682,2019-10-12 14:16:00,15.7,1010.7,66,134,14.9,0.5,1049.8
57687,2019-10-12 14:16:00,9.7,1008.7,31,145,0.4,1.1,1167.0
57745,2019-10-12 14:16:00,27.4,1007.7,7,329,13.3,1.0,1018.7
57749,2019-10-12 14:16:00,13.5,1019.9,42,141,6.4,1.2,1018.6
57752,2019-10-12 14:16:00,4.1,1015.5,99,107,5.9,1.1,1186.5
57758,2019-10-12 14:16:00,4.4,1001.1,73,339,12.3,1.4,1333.2
57761,2019-10-12 14:16:00,29.1,1023.1,56,358,13.0,0.9,1021.8
57766,2019-10-12 14:16:00,33.0,1017.0,77,86,6.6,0.9,1045.8
57774,2019-10-12 14:16:00,11.0,1004.7,85,41,1.4,0.6,1112.9
57776,2019-10-12 14:16:00,8.6,1026.0,83,137,3.3,0.6,1074.3
57779,2019-10-12 14:16:00,23.5,1019.8,26,328,7.1,0.8,1314.2
57780,2019-10-12 14:16:00,29.7,1010.1,100,7,12.8,1.1,1021.0
57841,2019-10-12 14:16:00,19.5,1018.2,93,150,14.6,0.8,1197.9
57845,2019-10-12 14:16:00,12.0,1009.8,1,98,1.5,1.0,1231.5
57853,2019-10-12 14:16:00,23.7,1013.0,25,346,0.5,0.1,1003.4
57857,2019-10-12 14:16:00,25.3,1023.1,87,128,7.4,0.9,1424.0
57860,2019-10-12 14:16:00,5.3,1007.6,73,282,11.3,0.4,1122.4
57866,2019-10-12 14:16:00,4.7,1008.9,45,165,5.7,0.4,1149.6
57872,2019-10-12 14:16:00,25.3,1005.5,92,344,12.0,0.4,1102.5
57874,2019-10-12 14:16:00,10.2,1011.9,31,112,5.3,0.0,1116.8
57889,2019-10-12 14:16:00,6.4,1018.0,32,224,12.3,1.1,1114.8
57965,2019-10-12 14:16:00,25.2,1020.9,72,99,11.6,1.1,1173.7
57972,2019-10-12 14:16:00,16.2,1022.1,40,20,9.3,1.1,1487.9
57974,2019-10-12 14:16:00,22.5,1018.6,8,271,7.0,0.5,1047.5
50936,2019-10-12 14:16:00,9.6,1005.7,81,213,1.4,0.8,1117.5
50945,2019-10-12 14:16:00,9.9,1012.2,76,187,8.9,0.2,1313.7
50948,2019-10-12 14:16:00,1.9,1013.8,3,190,12.6,0.5,1121.0
50949,2019-10-12 14:16:00,8.7,1011.1,8,5,7.7,0.6,1163.2
54041,2019-10-12 14:16:00,28.3,1001.6,25,271,6.5,0.5,1460.3
54049,2019-10-12 14:16:00,31.8,1002.4,14,300,3.6,0.1,1114.5
54063,2019-10-12 14:16:00,28.7,1026.0,78,322,10.1,1.1,1193.5
54064,2019-10-12 14:16:00,26.3,1024.9,48,207,5.1,0.2,1446.9
54142,2019-10-12 14:16:00,23.9,1025.8,61,268,8.1,1.3,1296.8
54157,2019-10-12 14:16:00,29.6,1006.0,77,38,5.9,1.0,1192.3
54161,2019-10-12 14:16:00,3.9,1002.1,50,235,6.8,1.4,1429.5
54165,2019-10-12 14:16:00,15.1,1000.7,23,37,13.2,0.2,1228.5
54171,2019-10-12 14:16:00,15.7,1008.1,29,115,14.9,0.0,1406.8
54181,2019-10-12 14:16:00,20.0,1014.8,97,137,6.5,1.2,1364.4
54186,2019-10-12 14:16:00,14.9,1007.6,59,54,14.7,0.3,1232.6
54195,2019-10-12 14:16:00,13.6,1015.6,59,287,4.5,0.5,1189.1
54260,2019-10-12 14:16:00,21.4,1007.6,33,344,12.9,0.0,1126.1
54263,2019-10-12 14:16:00,13.5,1022.6,77,299,12.6,0.8,1221.6
54266,2019-10-12 14:16:00,15.7,1011.6,49,52,11.3,0.6,1480.4
54273,2019-10-12 14:16:00,11.4,1002.7,48,340,10.5,0.2,1426.5
54276,2019-10-12 14:16:00,5.2,1015.4,9,12,9.2,0.9,1119.4
54284,2019-10-12 14:16:00,31.4,1002.5,30,42,0.6,0.5,1058.2
54285,2019-10-12 14:16:00,27.5,1022.7,3,279,7.5,0.6,1291.1
54286,2019-10-12 14:16:00,3.3,1021.3,51,193,2.8,0.9,1203.1
54292,2019-10-12 14:16:00,10.9,1022.2,58,96,9.8,1.0,1425.8
54363,2019-10-12 14:16:00,18.5,1020.4,19,66,6.4,1.1,1425.1
54374,2019-10-12 14:16:00,16.8,1024.4,31,128,8.3,1.3,1213.6
54377,2019-10-12 14:16:00,27.5,1009.5,43,219,14.6,0.8,1175.7
54386,2019-10-12 14:16:00,19.5,1019.1,42,7,10.3,1.1,1286.5
58026,2019-10-12 14:16:00,9.5,1006.7,66,136,2.8,0.7,1001.4
58027,2019-10-12 14:16:00,19.5,1000.2,84,147,13.8,0.1,1088.2
58038,2019-10-12 14:16:00,5.9,1000.5,19,109,8.8,1.3,1221.6
58040,2019-10-12 14:16:00,30.9,1023.2,85,160,5.3,0.6,1396.6
58047,2019-10-12 14:16:00,6.8,1002.4,16,125,9.6,0.4,1075.4
58130,2019-10-12 14:16:00,19.4,1002.2,29,290,5.1,0.7,1264.7
58135,2019-10-12 14:16:00,27.0,1007.6,70,230,7.9,1.2,1427.3
58138,2019-10-12 14:16:00,32.0,1010.1,73,123,1.0,0.1,1028.4
58141,2019-10-12 14:16:00,11.0,1020.5,35,347,6.6,0.2,1189.7
58143,2019-10-12 14:16:00,17.5,1009.4,58,180,5.2,0.5,1397.2
58150,2019-10-12 14:16:00,7.1,1021.1,53,135,7.5,0.6,1452.9
58158,2019-10-12 14:16:00,1.1,1004.7,98,133,11.5,1.4,1178.1
58238,2019-10-12 14:16:00,0.0,1005.9,44,135,11.6,0.5,1343.7
58241,2019-10-12 14:16:00,20.6,1020.6,67,156,6.6,0.0,1311.4
58251,2019-10-12 14:16:00,23.0,1024.9,51,175,5.8,0.3,1198.4
58252,2019-10-12 14:16:00,2.0,1008.9,29,211,4.3,0.5,1448.8
58255,2019-10-12 14:16:00,12.0,1006.2,45,327,2.6,1.1,1014.2
58259,2019-10-12 14:16:00,9.1,1000.8,58,286,5.0,0.4,1176.2
58265,2019-10-12 14:16:00,11.9,1004.3,11,158,0.9,0.1,1378.9
58343,2019-10-12 14:16:00,18.5,1008.6,37,34,14.7,0.0,1276.8
58345,2019-10-12 14:16:00,8.8,1012.4,14,190,3.7,0.5,1305.0
58354,2019-10-12 14:16:00,25.3,1003.3,73,100,6.7,0.6,1016.1
58356,2019-10-12 14:16:00,31.3,1024.1,10,7,0.6,0.7,1044.4
58358,2019-10-12 14:16:00,12.3,1001.2,91,75,5.0,1.4,1159.8
57598,2019-10-12 14:16:00,7.4,1024.0,40,169,8.2,0.8,1311.6
57696,2019-10-12 14:16:00,14.1,1015.2,30,16,11.0,0.9,1473.6
57789,2019-10-12 14:16:00,1.0,1018.5,36,240,14.1,0.4,1285.4
57793,2019-10-12 14:16:00,22.8,1025.0,65,343,0.0,0.7,1389.6
57799,2019-10-12 14:16:00,18.5,1022.1,44,330,7.2,0.2,1042.4
57894,2019-10-12 14:16:00,12.2,1017.0,32,317,14.9,0.8,1343.0
57896,2019-10-12 14:16:00,26.5,1024.0,15,31,5.1,0.1,1036.1
57993,2019-10-12 14:16:00,29.5,1006.3,80,2,6.0,0.3,1048.7
58506,2019-10-12 14:16:00,9.0,1023.0,60,13,8.2,1.0,1106.3
58507,2019-10-12 14:16:00,17.0,1016.0,55,292,2.2,0.5,1462.1
58519,2019-10-12 14:16:00,32.1,1019.4,7,152,6.5,0.8,1393.7
58527,2019-10-12 14:16:00,30.9,1023.9,68,82,6.4,0.6,1315.7
58600,2019-10-12 14:16:00,14.0,1011.3,66,275,14.4,0.0,1429.1
58606,2019-10-12 14:16:00,19.4,1024.2,64,184,11.4,0.2,1481.8
58608,2019-10-12 14:16:00,5.0,1006.5,90,209,0.7,0.3,1384.5
58622,2019-10-12 14:16:00,33.0,1001.3,70,52,13.9,0.8,1420.3
58626,2019-10-12 14:16:00,3.3,1019.1,64,299,7.9,0.8,1183.2
58634,2019-10-12 14:16:00,2.0,1022.5,68,223,8.2,0.6,1045.6
58637,2019-10-12 14:16:00,29.6,1009.2,88,76,1.0,0.0,1232.6
58705,2019-10-12 14:16:00,18.8,1016.6,91,201,9.4,1.5,1073.6
58715,2019-10-12 14:16:00,19.4,1024.4,92,137,8.5,0.6,1473.0
58718,2019-10-12 14:16:00,25.3,1022.5,88,64,4.0,0.2,1270.6
58806,2019-10-12 14:16:00,10.8,1013.0,40,24,4.3,1.1,1217.3
58813,2019-10-12 14:16:00,13.2,1004.2,10,302,3.3,0.7,1079.7
59092,2019-10-12 14:16:00,11.2,1014.3,49,53,6.2,0.7,1470.9
59102,2019-10-12 14:16:00,15.8,1015.1,72,49,3.3,1.4,1078.2
54236,2019-10-12 14:16:00,30.4,1019.3,14,329,5.8,0.1,1360.2
54237,2019-10-12 14:16:00,33.5,1013.2,86,258,13.9,1.4,1354.5
54243,2019-10-12 14:16:00,14.4,1022.0,96,22,10.8,1.1,1274.3
54254,2019-10-12 14:16:00,21.4,1011.7,71,183,3.3,0.5,1157.3
54259,2019-10-12 14:16:00,32.2,1024.0,58,131,2.3,1.1,1236.0
54324,2019-10-12 14:16:00,32.4,1000.6,66,325,5.8,1.0,1460.0
54326,2019-10-12 14:16:00,21.0,1000.4,77,174,8.9,1.5,1463.2
54333,2019-10-12 14:16:00,20.8,1004.4,49,53,10.6,0.2,1187.5
54334,2019-10-12 14:16:00,34.1,1014.3,41,69,11.8,1.3,1133.2
54335,2019-10-12 14:16:00,20.7,1007.5,45,73,4.6,0.1,1297.5
54337,2019-10-12 14:16:00,0.6,1025.1,54,316,0.7,1.3,1301.7
54339,2019-10-12 14:16:00,2.5,1014.3,64,98,2.2,0.8,1381.2
54342,2019-10-12 14:16:00,25.4,1016.5,72,341,4.6,0.7,1199.1
54346,2019-10-12 14:16:00,14.0,1003.8,35,186,13.3,0.6,1176.5
54349,2019-10-12 14:16:00,25.9,1009.1,90,238,5.2,1.4,1064.5
54351,2019-10-12 14:16:00,17.1,1008.9,30,349,12.7,1.2,1035.3
54353,2019-10-12 14:16:00,10.7,1023.6,36,359,3.9,0.3,1010.7
54365,2019-10-12 14:16:00,27.7,1001.7,35,309,13.5,0.0,1202.6
54452,2019-10-12 14:16:00,1.2,1022.3,39,215,3.9,1.1,1052.8
54454,2019-10-12 14:16:00,26.6,1007.2,93,284,14.8,0.5,1105.1
54455,2019-10-12 14:16:00,20.6,1007.2,26,176,7.6,0.9,1011.2
54470,2019-10-12 14:16:00,32.2,1008.0,8,102,4.4,0.1,1337.0
54471,2019-10-12 14:16:00,30.1,1024.6,12,43,10.9,0.5,1158.2
54472,2019-10-12 14:16:00,7.3,1003.2,4,51,10.1,0.7,1121.2
54476,2019-10-12 14:16:00,22.2,1004.8,13,336,13.8,1.0,1029.6
54486,2019-10-12 14:16:00,1.6,1009.8,8,329,12.5,1.0,1367.8
54493,2019-10-12 14:16:00,9.1,1002.9,87,131,12.0,1.3,1469.6
54497,2019-10-12 14:16:00,27.7,1020.7,17,159,2.6,0.0,1231.1
54563,2019-10-12 14:16:00,29.6,1003.7,70,248,8.8,0.1,1162.2
54579,2019-10-12 14:16:00,21.5,1010.8,9,222,7.6,0.7,1231.6
54584,2019-10-12 14:16:00,17.7,1008.3,7,123,9.2,0.0,1174.8
54660,2019-10-12 14:16:00,27.2,1013.7,82,43,3.9,1.3,1331.6
54662,2019-10-12 14:16:00,3.6,1011.4,97,116,3.9,1.3,1471.2
50425,2019-10-12 14:16:00,24.5,1009.0,33,307,2.4,0.4,1243.8
50434,2019-10-12 14:16:00,34.7,1008.7,25,174,14.0,1.4,1196.8
50514,2019-10-12 14:16:00,1.1,1024.1,4,256,7.0,0.4,1190.8
50527,2019-10-12 14:16:00,11.3,1012.9,14,338,10.5,0.9,1195.5
50548,2019-10-12 14:16:00,29.5,1020.1,3,45,2.6,1.4,1182.0
50603,2019-10-12 14:16:00,9.9,1008.6,38,15,8.5,0.9,1466.6
50618,2019-10-12 14:16:00,29.1,1006.0,91,329,2.4,1.3,1002.2
50632,2019-10-12 14:16:00,15.5,1001.5,49,8,1.4,0.9,1296.9
50639,2019-10-12 14:16:00,12.9,1014.9,66,128,5.0,0.3,1476.1
50727,2019-10-12 14:16:00,15.0,1023.6,83,51,8.4,0.7,1201.7
50834,2019-10-12 14:16:00,34.1,1018.8,100,27,3.0,0.5,1161.7
50838,2019-10-12 14:16:00,18.0,1004.8,67,201,6.3,1.1,1371.7
50915,2019-10-12 14:16:00,18.9,1012.0,100,300,5.7,1.2,1417.3
50924,2019-10-12 14:16:00,4.2,1017.9,19,228,14.2,0.8,1233.0
52267,2019-10-12 14:16:00,26.8,1015.9,11,96,0.4,1.0,1313.0
52495,2019-10-12 14:16:00,9.5,1023.1,54,111,13.6,1.5,1415.9
52576,2019-10-12 14:16:00,18.1,1010.8,6,80,7.1,1.3,1086.8
53068,2019-10-12 14:16:00,34.2,1003.6,54,69,0.7,1.1,1078.5
53083,2019-10-12 14:16:00,18.2,1013.8,55,226,14.3,0.4,1174.2
53149,2019-10-12 14:16:00,16.2,1012.3,19,84,13.0,1.5,1291.4
53192,2019-10-12 14:16:00,11.3,1000.0,21,248,3.5,0.6,1318.7
53195,2019-10-12 14:16:00,20.9,1009.3,82,38,5.4,0.7,1479.7
53276,2019-10-12 14:16:00,10.2,1026.0,59,113,13.4,0.0,1044.8
53336,2019-10-12 14:16:00,32.6,1022.3,19,236,10.9,1.2,1092.2
53352,2019-10-12 14:16:00,1.8,1019.7,90,257,5.9,0.9,1448.1
53362,2019-10-12 14:16:00,8.5,1004.7,79,5,2.2,0.7,1310.0
53367,2019-10-12 14:16:00,0.6,1004.3,24,333,5.9,0.5,1388.2
53391,2019-10-12 14:16:00,7.0,1013.5,3,72,12.6,0.8,1333.6
53446,2019-10-12 14:16:00,5.3,1022.8,14,278,12.0,0.2,1344.2
53463,2019-10-12 14:16:00,21.5,1012.1,66,56,0.5,1.1,1017.5
53480,2019-10-12 14:16:00,18.5,1003.9,77,29,10.5,0.8,1293.4
53502,2019-10-12 14:16:00,13.7,1024.3,13,169,3.1,0.2,1254.3
53513,2019-10-12 14:16:00,32.3,1004.1,86,106,4.5,1.1,1358.5
53529,2019-10-12 14:16:00,15.1,1019.7,12,59,12.3,0.0,1401.8
53543,2019-10-12 14:16:00,1.0,1023.1,9,51,12.8,0.0,1449.1
53547,2019-10-12 14:16:00,1.4,1003.6,27,329,12.2,1.0,1375.1
53602,2019-10-12 14:16:00,7.5,1005.7,96,182,14.5,0.8,1296.1
54012,2019-10-12 14:16:00,22.3,1002.3,33,78,4.1,1.5,1290.3
54026,2019-10-12 14:16:00,6.0,1009.2,85,7,4.5,0.4,1300.2
54027,2019-10-12 14:16:00,10.7,1022.2,35,256,6.9,0.4,1080.8
54102,2019-10-12 14:16:00,24.5,1002.8,68,156,11.2,0.6,1307.4
54115,2019-10-12 14:16:00,34.4,1018.0,67,170,12.8,1.0,1228.2
54134,2019-10-12 14:16:00,34.6,1026.0,18,198,6.9,1.3,1153.8
54135,2019-10-12 14:16:00,19.1,1014.4,49,190,13.1,0.2,1302.5
54208,2019-10-12 14:16:00,19.2,1020.0,57,293,5.0,0.4,1377.6
54213,2019-10-12 14:16:00,30.6,1006.1,100,261,3.3,0.5,1241.1
54218,2019-10-12 14:16:00,20.4,1026.4,32,143,1.7,0.0,1472.7
54226,2019-10-12 14:16:00,18.2,1008.8,60,103,5.2,1.1,1285.4
53519,2019-10-12 14:16:00,20.9,1020.1,46,158,13.8,1.3,1485.0
53612,2019-10-12 14:16:00,30.5,1026.2,74,132,11.6,0.1,1400.0
53614,2019-10-12 14:16:00,20.6,1018.7,46,41,1.2,0.1,1491.0
53615,2019-10-12 14:16:00,22.1,1011.4,19,257,13.3,0.9,1011.3
53704,2019-10-12 14:16:00,0.3,1021.6,20,113,3.0,1.2,1353.3
53705,2019-10-12 14:16:00,2.7,1012.4,97,169,9.7,0.1,1217.0
53723,2019-10-12 14:16:00,15.9,1000.6,36,84,14.1,0.1,1132.9
53806,2019-10-12 14:16:00,26.4,1015.4,24,294,9.3,1.3,1324.3
53810,2019-10-12 14:16:00,19.6,1013.1,77,216,0.9,0.7,1144.2
53817,2019-10-12 14:16:00,23.1,1005.0,2,140,8.5,1.3,1494.1
53903,2019-10-12 14:16:00,32.3,1015.1,31,327,1.9,0.2,1163.8
53910,2019-10-12 14:16:00,20.5,1017.8,90,305,6.7,0.8,1326.0
51886,2019-10-12 14:16:00,0.2,1026.3,56,251,2.9,1.5,1167.9
52602,2019-10-12 14:16:00,21.6,1014.6,97,70,9.6,0.6,1265.6
52633,2019-10-12 14:16:00,12.2,1006.9,12,175,2.2,0.1,1228.8
52645,2019-10-12 14:16:00,6.3,1014.3,79,142,6.8,0.3,1108.7
52657,2019-10-12 14:16:00,31.9,1018.4,20,340,4.2,0.6,1281.1
52707,2019-10-12 14:16:00,3.6,1013.3,99,63,9.1,0.6,1163.4
52713,2019-10-12 14:16:00,13.3,1024.1,88,31,4.8,0.6,1460.5
52737,2019-10-12 14:16:00,12.7,1018.4,6,134,5.7,0.7,1451.3
52754,2019-10-12 14:16:00,33.0,1016.5,38,253,8.6,1.2,1016.2
52765,2019-10-12 14:16:00,23.0,1016.3,57,311,14.1,1.0,1350.2
52818,2019-10-12 14:16:00,22.7,1014.3,13,261,4.9,0.4,1494.0
52825,2019-10-12 14:16:00,34.1,1007.2,36,280,4.6,0.8,1358.8
52833,2019-10-12 14:16:00,13.5,1023.0,4,184,7.5,0.8,1160.5
52836,2019-10-12 14:16:00,28.9,1019.9,16,312,8.2,1.5,1119.5
52842,2019-10-12 14:16:00,7.7,1006.0,64,79,8.3,1.1,1012.2
52856,2019-10-12 14:16:00,9.9,1012.1,30,342,13.4,1.2,1298.1
52866,2019-10-12 14:16:00,1.3,1006.8,41,58,13.3,0.8,1040.5
52868,2019-10-12 14:16:00,8.3,1017.6,25,84,8.7,0.7,1141.1
52876,2019-10-12 14:16:00,11.8,1016.4,66,166,4.4,0.4,1351.6
52908,2019-10-12 14:16:00,14.2,1022.9,43,132,4.1,1.1,1025.9
52943,2019-10-12 14:16:00,24.7,1019.4,53,69,4.9,1.2,1417.2
52955,2019-10-12 14:16:00,3.2,1011.3,75,322,12.7,0.2,1008.7
52974,2019-10-12 14:16:00,8.8,1002.1,37,16,5.6,0.1,1430.1
56004,2019-10-12 14:16:00,2.6,1008.3,93,340,4.2,0.6,1111.2
56018,2019-10-12 14:16:00,31.2,1018.4,91,332,10.0,1.0,1197.7
56021,2019-10-12 14:16:00,12.5,1010.6,23,353,12.7,1.2,1036.7
56029,2019-10-12 14:16:00,14.3,1025.7,47,258,3.8,1.4,1426.1
56033,2019-10-12 14:16:00,22.7,1019.7,90,209,12.2,0.5,1080.8
56034,2019-10-12 14:16:00,24.6,1007.2,26,180,7.8,1.5,1434.4
56043,2019-10-12 14:16:00,23.5,1004.1,88,79,4.9,1.3,1329.1
56046,2019-10-12 14:16:00,3.8,1010.0,40,10,10.4,0.6,1285.3
56065,2019-10-12 14:16:00,17.9,1015.7,56,289,1.0,0.0,1057.6
56067,2019-10-12 14:16:00,2.1,1010.2,72,49,14.6,1.2,1456.3
56125,2019-10-12 14:16:00,0.8,1009.5,68,304,7.6,0.2,1062.7
56151,2019-10-12 14:16:00,29.8,1016.0,100,174,7.2,0.3,1165.9
54715,2019-10-12 14:16:00,2.7,1025.9,39,170,5.1,0.5,1389.5
54725,2019-10-12 14:16:00,34.1,1005.7,3,298,11.9,0.5,1198.5
54727,2019-10-12 14:16:00,10.2,1002.7,50,272,3.7,0.0,1432.2
54744,2019-10-12 14:16:00,18.0,1016.2,37,262,8.9,0.0,1238.1
54751,2019-10-12 14:16:00,6.6,1014.4,38,219,10.8,1.1,1242.4
54753,2019-10-12 14:16:00,7.3,1012.8,73,235,6.5,0.6,1334.7
54764,2019-10-12 14:16:00,17.0,1008.0,73,254,12.2,1.0,1385.5
54774,2019-10-12 14:16:00,30.4,1013.2,1,205,11.7,0.0,1311.1
54776,2019-10-12 14:16:00,7.1,1005.9,21,128,10.3,0.5,1077.6
54808,2019-10-12 14:16:00,16.7,1008.5,21,25,5.8,0.9,1320.4
54823,2019-10-12 14:16:00,27.7,1025.6,78,283,2.3,0.9,1014.8
54826,2019-10-12 14:16:00,4.4,1008.8,70,349,6.8,0.1,1494.1
54836,2019-10-12 14:16:00,17.0,1010.7,7,241,13.4,1.4,1485.0
54842,2019-10-12 14:16:00,3.7,1013.5,22,133,7.0,0.6,1194.1
54843,2019-10-12 14:16:00,23.7,1020.2,83,55,0.8,1.1,1270.9
54857,2019-10-12 14:16:00,25.4,1017.5,90,251,13.6,0.6,1107.1
54863,2019-10-12 14:16:00,23.1,1023.1,28,201,3.8,0.1,1021.5
54909,2019-10-12 14:16:00,23.9,1022.8,97,304,14.8,0.2,1100.5
54916,2019-10-12 14:16:00,13.9,1016.5,100,61,14.9,0.5,1369.6
54929,2019-10-12 14:16:00,25.6,1015.4,29,31,0.6,1.3,1387.1
54936,2019-10-12 14:16:00,5.6,1012.9,16,98,11.0,0.6,1233.0
54945,2019-10-12 14:16:00,17.0,1013.4,27,237,14.2,1.0,1442.0
58034,2019-10-12 14:16:00,10.6,1024.2,63,344,5.2,0.5,1369.3
53478,2019-10-12 14:16:00,5.8,1011.1,75,81,14.2,0.2,1464.3
53487,2019-10-12 14:16:00,19.7,1002.3,28,155,10.4,1.5,1280.9
53490,2019-10-12 14:16:00,6.5,1011.2,86,47,1.9,1.5,1470.0
53564,2019-10-12 14:16:00,16.5,1005.5,38,316,12.8,1.1,1050.2
53578,2019-10-12 14:16:00,0.7,1014.7,91,246,11.0,0.4,1003.6
53579,2019-10-12 14:16:00,4.3,1004.1,4,114,14.6,1.1,1085.1
53588,2019-10-12 14:16:00,4.1,1017.6,96,277,11.5,1.2,1431.5
53594,2019-10-12 14:16:00,1.5,1021.8,33,280,12.8,0.9,1212.1
53663,2019-10-12 14:16:00,16.4,1004.5,82,181,3.4,0.3,1463.6
53664,2019-10-12 14:16:00,3.7,1008.2,27,170,5.8,0.9,1189.0
53673,2019-10-12 14:16:00,13.9,1004.2,7,358,4.0,1.3,1029.7
53687,2019-10-12 14:16:00,11.5,1002.3,65,274,7.8,0.8,1401.3
53764,2019-10-12 14:16:00,32.2,1010.8,4,27,14.0,0.0,1325.3
53772,2019-10-12 14:16:00,5.2,1014.7,88,161,14.4,0.5,1275.4
53775,2019-10-12 14:16:00,5.4,1005.0,30,182,0.7,0.3,1494.2
53787,2019-10-12 14:16:00,16.6,1025.4,100,128,12.2,0.7,1417.9
53853,2019-10-12 14:16:00,11.7,1021.9,50,32,8.2,1.2,1399.5
53859,2019-10-12 14:16:00,24.9,1013.5,41,299,9.7,0.7,1339.5
53863,2019-10-12 14:16:00,21.2,1010.3,46,210,13.8,1.0,1027.3
53868,2019-10-12 14:16:00,23.9,1003.3,37,297,0.2,1.2,1149.0
53877,2019-10-12 14:16:00,24.3,1010.3,61,160,1.7,0.1,1177.6
53882,2019-10-12 14:16:00,22.2,1023.3,72,254,5.5,1.5,1023.5
53884,2019-10-12 14:16:00,28.2,1011.6,47,249,13.4,0.7,1143.5
53959,2019-10-12 14:16:00,30.6,1025.1,65,311,8.5,0.1,1169.5
53963,2019-10-12 14:16:00,12.1,1004.1,27,38,9.4,1.4,1242.7
53968,2019-10-12 14:16:00,22.9,1019.2,91,233,1.2,1.0,1382.0
53975,2019-10-12 14:16:00,8.8,1001.2,14,53,12.0,0.7,1042.6
57052,2019-10-12 14:16:00,27.9,1014.0,24,180,7.6,0.7,1144.9
53646,2019-10-12 14:16:00,2.7,1016.2,74,165,3.3,0.7,1447.5
53651,2019-10-12 14:16:00,6.9,1004.3,23,82,8.7,0.0,1299.1
53725,2019-10-12 14:16:00,3.1,1020.5,96,279,11.0,0.4,1374.4
53735,2019-10-12 14:16:00,6.5,1004.9,17,57,2.4,0.7,1457.3
53738,2019-10-12 14:16:00,25.8,1023.2,22,58,2.7,0.6,1245.8
53740,2019-10-12 14:16:00,28.0,1002.8,48,322,13.6,1.3,1449.6
53754,2019-10-12 14:16:00,15.5,1020.5,93,195,1.6,1.1,1240.8
53845,2019-10-12 14:16:00,28.9,1025.2,41,280,1.6,1.2,1056.0
53854,2019-10-12 14:16:00,23.4,1010.1,20,96,3.3,0.8,1485.5
53929,2019-10-12 14:16:00,7.5,1019.9,91,293,8.9,1.3,1106.3
53942,2019-10-12 14:16:00,23.5,1012.8,5,282,4.3,0.4,1302.9
53948,2019-10-12 14:16:00,15.3,1022.5,78,19,8.4,0.1,1484.6
53955,2019-10-12 14:16:00,0.8,1020.4,2,125,8.0,1.2,1456.0
57003,2019-10-12 14:16:00,13.1,1007.0,61,106,0.4,1.0,1161.8
57025,2019-10-12 14:16:00,10.9,1010.2,19,2,4.7,1.0,1310.7
57028,2019-10-12 14:16:00,22.5,1015.0,55,224,10.7,1.1,1454.9
57030,2019-10-12 14:16:00,7.5,1022.4,48,156,13.3,0.5,1466.7
57034,2019-10-12 14:16:00,11.1,1020.1,88,259,8.6,0.7,1167.4
57037,2019-10-12 14:16:00,12.4,1014.9,9,107,8.8,1.0,1118.3
57046,2019-10-12 14:16:00,12.6,1006.8,87,225,2.5,1.2,1365.3
57048,2019-10-12 14:16:00,21.8,1006.6,26,68,13.0,1.2,1245.3
57049,2019-10-12 14:16:00,34.6,1025.8,19,79,14.5,0.1,1497.1
57106,2019-10-12 14:16:00,33.4,1009.4,68,36,0.3,1.1,1041.9
57124,2019-10-12 14:16:00,30.1,1021.6,26,346,5.9,0.7,1031.1
57127,2019-10-12 14:16:00,33.7,1024.5,86,231,3.3,0.2,1145.2
57131,2019-10-12 14:16:00,4.5,1012.6,77,22,1.2,1.4,1342.2
57134,2019-10-12 14:16:00,11.0,1013.9,73,12,0.5,1.5,1057.3
57140,2019-10-12 14:16:00,6.2,1015.9,85,129,12.5,1.3,1293.3
57143,2019-10-12 14:16:00,28.1,1010.7,32,42,12.9,1.2,1484.3
57144,2019-10-12 14:16:00,2.2,1019.0,47,139,11.6,0.2,1486.5
57154,2019-10-12 14:16:00,0.8,1015.9,75,359,12.0,1.4,1252.3
57211,2019-10-12 14:16:00,12.6,1018.5,1,224,0.9,1.2,1408.7
57232,2019-10-12 14:16:00,34.2,1023.0,66,182,11.9,1.2,1451.2
57238,2019-10-12 14:16:00,1.5,1023.1,91,224,9.6,0.0,1419.4
57245,2019-10-12 14:16:00,3.7,1025.6,57,295,8.0,0.2,1158.8
57343,2019-10-12 14:16:00,10.1,1007.1,68,108,2.1,0.7,1129.6
58362,2019-10-12 14:16:00,11.8,1019.6,52,298,5.3,0.4,1288.4
56038,2019-10-12 14:16:00,16.2,1002.0,89,24,13.3,0.3,1378.5
56079,2019-10-12 14:16:00,31.5,1011.9,84,307,8.2,1.5,1405.6
56144,2019-10-12 14:16:00,33.7,1002.6,82,167,5.2,1.2,1208.4
56146,2019-10-12 14:16:00,13.4,1014.5,9,297,2.8,1.5,1002.8
56152,2019-10-12 14:16:00,21.0,1017.0,20,208,4.5,1.2,1472.9
56167,2019-10-12 14:16:00,22.6,1001.4,73,62,0.8,1.1,1307.2
56172,2019-10-12 14:16:00,19.9,1003.6,57,275,7.0,0.5,1161.2
56173,2019-10-12 14:16:00,17.0,1016.8,19,8,11.0,1.4,1344.4
56178,2019-10-12 14:16:00,0.3,1004.7,86,211,7.2,0.8,1370.5
56182,2019-10-12 14:16:00,21.3,1008.7,65,77,10.1,1.3,1218.9
56187,2019-10-12 14:16:00,4.7,1009.6,22,111,9.5,0.9,1085.2
56188,2019-10-12 14:16:00,32.7,1020.7,82,317,0.5,0.3,1144.2
56196,2019-10-12 14:16:00,33.4,1008.6,96,13,2.3,1.2,1270.0
56247,2019-10-12 14:16:00,9.2,1019.9,57,24,14.7,0.1,1238.3
56251,2019-10-12 14:16:00,13.2,1000.0,27,170,0.6,0.7,1436.2
56257,2019-10-12 14:16:00,21.2,1007.2,25,168,9.4,0.9,1186.3
56287,2019-10-12 14:16:00,17.5,1011.8,96,176,9.1,1.0,1053.5
56357,2019-10-12 14:16:00,31.0,1014.5,98,150,10.7,0.2,1447.8
56374,2019-10-12 14:16:00,15.3,1017.2,42,96,3.9,0.7,1290.2
56385,2019-10-12 14:16:00,31.9,1018.6,33,289,14.3,0.8,1130.3
56386,2019-10-12 14:16:00,24.1,1006.0,76,200,12.3,0.3,1265.4
56459,2019-10-12 14:16:00,19.4,1009.8,82,232,3.6,1.1,1021.8
56462,2019-10-12 14:16:00,19.4,1002.7,22,291,11.6,0.2,1280.2
56475,2019-10-12 14:16:00,15.3,1010.1,27,184,14.8,1.1,1185.6
56479,2019-10-12 14:16:00,1.3,1002.4,24,55,13.5,0.2,1325.2
56485,2019-10-12 14:16:00,5.7,1009.8,37,285,13.7,0.5,1289.4
56492,2019-10-12 14:16:00,1.1,1009.5,5,158,3.9,0.9,1064.4
56565,2019-10-12 14:16:00,29.9,1020.5,29,182,2.1,0.3,1372.7
56571,2019-10-12 14:16:00,12.2,1001.1,73,197,3.5,0.3,1174.0
56666,2019-10-12 14:16:00,15.3,1017.0,80,353,2.3,0.3,1189.8
56671,2019-10-12 14:16:00,16.4,1017.0,69,317,13.7,0.8,1084.7
57206,2019-10-12 14:16:00,28.5,1019.4,77,204,14.1,0.1,1271.5
57237,2019-10-12 14:16:00,33.2,1012.2,67,128,3.0,1.0,1267.7
57306,2019-10-12 14:16:00,32.9,1004.0,58,258,9.0,0.5,1010.1
57313,2019-10-12 14:16:00,32.4,1016.9,82,318,9.1,0.5,1471.2
57314,2019-10-12 14:16:00,17.2,1002.0,24,106,7.7,0.3,1085.0
57328,2019-10-12 14:16:00,18.3,1024.8,90,335,12.0,0.3,1286.7
57405,2019-10-12 14:16:00,31.2,1021.5,82,118,9.0,0.7,1067.4
57411,2019-10-12 14:16:00,22.6,1001.8,32,127,13.4,0.4,1024.8
57503,2019-10-12 14:16:00,0.1,1000.6,94,65,4.3,0.0,1046.9
57604,2019-10-12 14:16:00,3.1,1003.4,54,323,3.0,0.3,1433.7
57608,2019-10-12 14:16:00,0.3,1025.7,55,323,5.2,0.8,1310.3
54525,2019-10-12 14:16:00,17.9,1006.7,82,216,5.7,1.2,1185.9
54527,2019-10-12 14:16:00,33.8,1022.3,2,357,9.4,1.4,1318.6
54623,2019-10-12 14:16:00,19.0,1003.1,38,32,13.8,0.3,1174.2
55228,2019-10-12 14:16:00,29.4,1002.3,39,250,9.2,0.0,1308.7
55248,2019-10-12 14:16:00,7.6,1023.7,47,1,0.9,1.5,1481.4
55279,2019-10-12 14:16:00,23.8,1017.8,95,10,12.2,1.5,1233.6
55294,2019-10-12 14:16:00,16.9,1015.1,55,240,6.2,0.7,1367.9
55299,2019-10-12 14:16:00,15.5,1017.9,33,240,2.4,1.0,1424.4
55437,2019-10-12 14:16:00,18.6,1008.2,17,134,4.9,0.7,1164.1
55472,2019-10-12 14:16:00,8.7,1024.9,74,109,9.0,0.3,1486.8
55493,2019-10-12 14:16:00,27.5,1000.2,72,172,11.3,0.5,1067.1
55569,2019-10-12 14:16:00,0.2,1011.8,71,300,5.5,1.0,1180.6
55578,2019-10-12 14:16:00,25.0,1015.5,92,76,4.4,0.0,1424.8
55585,2019-10-12 14:16:00,27.3,1010.8,67,286,6.9,0.3,1413.7
55591,2019-10-12 14:16:00,14.7,1016.1,28,213,3.0,0.2,1138.8
55598,2019-10-12 14:16:00,26.4,1004.5,52,32,9.4,1.3,1447.5
55655,2019-10-12 14:16:00,10.7,1024.5,54,130,0.2,0.0,1357.0
55664,2019-10-12 14:16:00,7.0,1014.4,90,200,7.9,1.1,1108.6
55680,2019-10-12 14:16:00,31.8,1017.9,35,60,11.2,0.6,1461.3
55681,2019-10-12 14:16:00,25.9,1010.7,45,307,3.8,0.3,1066.9
55690,2019-10-12 14:16:00,17.8,1002.8,65,175,4.3,0.1,1489.2
55696,2019-10-12 14:16:00,11.2,1022.0,45,272,2.2,0.2,1084.5
55773,2019-10-12 14:16:00,5.6,1025.1,84,174,9.2,0.9,1339.7
56106,2019-10-12 14:16:00,4.8,1003.6,54,226,4.6,0.9,1351.6
56116,2019-10-12 14:16:00,34.8,1013.2,46,20,11.2,0.9,1229.2
56137,2019-10-12 14:16:00,22.1,1003.0,21,223,14.5,0.5,1143.6
56202,2019-10-12 14:16:00,22.7,1026.1,33,111,9.2,0.7,1153.9
56223,2019-10-12 14:16:00,12.6,1014.2,93,291,1.8,1.3,1498.9
56227,2019-10-12 14:16:00,18.1,1021.7,76,320,8.6,0.4,1314.9
56312,2019-10-12 14:16:00,17.7,1006.3,28,226,1.3,0.4,1020.6
56331,2019-10-12 14:16:00,9.0,1009.7,58,288,11.8,1.0,1349.2
56434,2019-10-12 14:16:00,29.5,1011.9,26,349,14.6,0.5,1086.7
51053,2019-10-12 14:16:00,3.4,1005.5,84,123,0.9,0.2,1163.0
51059,2019-10-12 14:16:00,24.9,1021.6,9,226,6.6,0.0,1089.9
51060,2019-10-12 14:16:00,14.0,1004.3,15,111,0.5,0.7,1309.1
51068,2019-10-12 14:16:00,17.1,1006.5,72,257,2.7,0.4,1148.4
51076,2019-10-12 14:16:00,16.5,1026.2,33,224,13.4,1.5,1210.9
51087,2019-10-12 14:16:00,24.0,1019.5,65,210,5.8,0.8,1335.5
51133,2019-10-12 14:16:00,26.0,1022.5,42,137,4.8,1.5,1201.3
51156,2019-10-12 14:16:00,24.2,1023.3,72,78,9.6,1.4,1128.5
51186,2019-10-12 14:16:00,5.5,1002.2,8,40,1.2,1.5,1232.9
51232,2019-10-12 14:16:00,17.9,1015.1,26,230,3.3,1.3,1230.6
51238,2019-10-12 14:16:00,20.0,1001.8,70,37,12.6,0.6,1215.5
51241,2019-10-12 14:16:00,33.9,1020.2,27,220,14.7,1.3,1266.9
51243,2019-10-12 14:16:00,19.2,1004.7,79,110,8.4,0.1,1351.8
51288,2019-10-12 14:16:00,7.2,1007.8,21,243,8.4,0.5,1342.5
51330,2019-10-12 14:16:00,34.1,1003.6,67,262,0.1,1.5,1209.1
51334,2019-10-12 14:16:00,1.6,1010.2,58,264,6.6,1.5,1397.9
51346,2019-10-12 14:16:00,13.5,1001.2,47,209,7.6,0.1,1308.8
51358,2019-10-12 14:16:00,9.6,1018.4,55,249,14.5,1.4,1105.4
51365,2019-10-12 14:16:00,17.0,1017.6,91,151,0.7,0.8,1482.3
51367,2019-10-12 14:16:00,11.7,1024.5,97,338,4.4,0.9,1035.9
51379,2019-10-12 14:16:00,4.7,1011.5,79,83,7.5,0.5,1242.3
51431,2019-10-12 14:16:00,25.0,1019.9,17,4,12.0,0.2,1023.4
51433,2019-10-12 14:16:00,16.3,1015.5,83,37,6.6,0.0,1058.8
51437,2019-10-12 14:16:00,23.4,1012.2,67,135,7.7,0.2,1481.7
51463,2019-10-12 14:16:00,24.7,1008.8,69,193,1.0,0.2,1037.7
51467,2019-10-12 14:16:00,0.4,1004.3,94,199,2.7,1.3,1321.5
51469,2019-10-12 14:16:00,15.2,1024.5,30,225,7.7,1.2,1300.2
51470,2019-10-12 14:16:00,5.0,1012.6,16,239,1.9,1.3,1054.9
51477,2019-10-12 14:16:00,16.0,1016.0,33,352,6.5,1.2,1275.9
51495,2019-10-12 14:16:00,0.1,1012.1,67,273,7.2,0.0,1479.8
51526,2019-10-12 14:16:00,15.3,1010.1,57,321,5.1,1.3,1067.3
51542,2019-10-12 14:16:00,6.5,1011.6,34,204,13.8,0.4,1462.5
51567,2019-10-12 14:16:00,24.8,1026.3,3,199,8.1,1.0,1044.9
51573,2019-10-12 14:16:00,18.2,1021.9,90,244,13.2,1.5,1453.8
51581,2019-10-12 14:16:00,0.3,1025.2,91,94,13.9,0.2,1398.8
51628,2019-10-12 14:16:00,19.4,1019.1,75,33,13.7,1.2,1436.5
51633,2019-10-12 14:16:00,13.8,1023.7,93,258,4.8,1.0,1359.0
51639,2019-10-12 14:16:00,4.5,1015.3,82,335,6.4,1.0,1433.1
51642,2019-10-12 14:16:00,19.1,1024.0,91,41,9.9,0.8,1168.1
51644,2019-10-12 14:16:00,28.4,1011.4,16,353,6.5,0.1,1252.6
51655,2019-10-12 14:16:00,5.9,1016.3,8,252,1.6,0.7,1292.3
51656,2019-10-12 14:16:00,2.6,1013.1,21,35,2.6,0.2,1152.6
51701,2019-10-12 14:16:00,16.0,1026.1,75,160,10.8,0.0,1327.6
51704,2019-10-12 14:16:00,27.7,1024.2,2,190,12.6,0.0,1123.3
51705,2019-10-12 14:16:00,20.1,1022.4,94,339,11.3,0.8,1301.9
51709,2019-10-12 14:16:00,8.5,1001.7,7,237,10.0,1.4,1036.6
51711,2019-10-12 14:16:00,32.1,1023.2,19,209,1.1,0.1,1455.4
51716,2019-10-12 14:16:00,7.5,1012.6,4,251,0.8,0.4,1200.5
51720,2019-10-12 14:16:00,9.9,1023.2,18,181,3.3,0.3,1178.4
51730,2019-10-12 14:16:00,7.4,1021.8,65,49,6.7,1.4,1375.2
51747,2019-10-12 14:16:00,12.5,1019.6,75,166,13.5,0.1,1373.2
51765,2019-10-12 14:16:00,19.5,1002.8,78,190,4.9,1.2,1349.3
51777,2019-10-12 14:16:00,3.5,1001.1,36,348,0.8,1.3,1314.0
51804,2019-10-12 14:16:00,17.7,1014.1,64,270,2.9,0.3,1135.2
51810,2019-10-12 14:16:00,24.7,1002.7,3,316,10.5,1.2,1170.6
51811,2019-10-12 14:16:00,7.5,1009.1,31,71,0.9,0.3,1218.7
51818,2019-10-12 14:16:00,6.9,1022.7,15,273,7.5,0.2,1048.9
51828,2019-10-12 14:16:00,34.5,1024.0,52,108,7.1,0.2,1434.8
51839,2019-10-12 14:16:00,19.1,1025.9,43,249,9.8,0.8,1012.2
51855,2019-10-12 14:16:00,3.5,1017.2,81,83,4.4,1.0,1112.1
51931,2019-10-12 14:16:00,9.9,1005.2,48,148,5.6,0.6,1242.5
52101,2019-10-12 14:16:00,18.0,1016.3,64,318,12.3,1.0,1319.6
52112,2019-10-12 14:16:00,16.5,1013.6,70,248,12.7,1.5,1089.5
52118,2019-10-12 14:16:00,11.7,1011.4,69,98,8.2,0.8,1149.0
52203,2019-10-12 14:16:00,25.6,1005.9,61,103,12.8,1.5,1025.6
52313,2019-10-12 14:16:00,22.8,1012.0,46,120,4.3,1.2,1314.2
56444,2019-10-12 14:16:00,12.8,1012.5,39,194,10.8,0.7,1103.8
56533,2019-10-12 14:16:00,19.0,1013.6,66,242,13.0,0.5,1116.6
56543,2019-10-12 14:16:00,32.7,1021.3,18,232,4.4,0.9,1383.5
56548,2019-10-12 14:16:00,5.6,1017.6,33,230,11.6,0.5,1416.7
56586,2019-10-12 14:16:00,30.5,1016.8,22,152,11.3,1.5,1108.2
56643,2019-10-12 14:16:00,10.5,1024.2,15,140,9.0,0.3,1211.0
56651,2019-10-12 14:16:00,21.4,1017.4,67,335,9.7,0.3,1250.2
56664,2019-10-12 14:16:00,25.0,1004.5,56,7,10.6,0.3,1456.6
56684,2019-10-12 14:16:00,1.0,1006.2,60,88,5.5,0.9,1096.1
56739,2019-10-12 14:16:00,34.0,1015.9,21,65,11.3,0.2,1180.1
56748,2019-10-12 14:16:00,11.9,1001.0,80,154,7.9,0.5,1331.6
56751,2019-10-12 14:16:00,1.4,1025.5,89,280,4.5,0.8,1276.8
56763,2019-10-12 14:16:00,33.7,1002.5,17,328,5.4,0.0,1245.9
56768,2019-10-12 14:16:00,7.1,1012.1,38,283,5.5,1.3,1405.3
56778,2019-10-12 14:16:00,18.7,1020.8,86,342,10.8,0.4,1429.8
56786,2019-10-12 14:16:00,26.8,1004.1,10,236,4.4,1.0,1431.4
56838,2019-10-12 14:16:00,18.5,1011.6,25,323,13.3,0.0,1152.8
56856,2019-10-12 14:16:00,6.0,1016.8,40,41,13.1,0.5,1434.3
56872,2019-10-12 14:16:00,3.7,1022.6,66,116,13.0,0.3,1118.2
56875,2019-10-12 14:16:00,17.6,1016.4,80,200,13.1,1.2,1098.8
56886,2019-10-12 14:16:00,21.2,1014.0,85,98,8.6,0.4,1209.6
56946,2019-10-12 14:16:00,17.3,1011.8,37,152,12.1,0.4,1448.4
56950,2019-10-12 14:16:00,18.2,1006.0,55,282,14.1,0.8,1456.3
56951,2019-10-12 14:16:00,5.6,1023.5,33,276,14.4,0.3,1258.2
56954,2019-10-12 14:16:00,18.9,1012.9,93,14,4.4,0.0,1348.2
56959,2019-10-12 14:16:00,20.1,1018.4,87,237,4.2,1.5,1347.1
56964,2019-10-12 14:16:00,7.4,1023.1,87,310,10.6,0.5,1443.2
56966,2019-10-12 14:16:00,8.6,1005.8,15,285,9.0,1.5,1360.9
56969,2019-10-12 14:16:00,23.4,1021.5,38,134,11.6,1.3,1088.6
56977,2019-10-12 14:16:00,12.8,1006.9,94,336,14.8,0.4,1161.4
56985,2019-10-12 14:16:00,15.1,1003.2,75,316,0.8,0.0,1151.2
56986,2019-10-12 14:16:00,24.4,1023.5,44,105,12.0,0.1,1048.0
56991,2019-10-12 14:16:00,22.8,1014.1,84,317,6.9,1.2,1178.9
59007,2019-10-12 14:16:00,3.2,1024.8,32,158,11.3,1.3,1382.4
58448,2019-10-12 14:16:00,27.1,1006.2,48,286,11.6,1.3,1128.3
58450,2019-10-12 14:16:00,6.7,1005.1,93,140,9.1,1.5,1255.3
58457,2019-10-12 14:16:00,6.8,1012.3,49,152,10.1,1.1,1325.1
58464,2019-10-12 14:16:00,33.5,1005.9,33,26,0.9,0.0,1110.6
58467,2019-10-12 14:16:00,10.7,1022.9,52,98,14.8,0.2,1038.7
58472,2019-10-12 14:16:00,21.3,1015.4,59,260,6.2,0.6,1222.8
58477,2019-10-12 14:16:00,13.2,1001.1,90,207,13.1,0.1,1040.6
58543,2019-10-12 14:16:00,11.5,1010.6,14,253,2.7,0.6,1363.1
58549,2019-10-12 14:16:00,28.5,1016.7,68,31,10.3,1.4,1249.3
58553,2019-10-12 14:16:00,0.8,1010.3,94,147,9.7,0.3,1229.5
58556,2019-10-12 14:16:00,9.3,1002.6,92,304,8.9,0.4,1178.1
58557,2019-10-12 14:16:00,11.5,1003.5,25,303,14.3,1.3,1152.6
58562,2019-10-12 14:16:00,5.1,1013.5,72,318,4.7,0.2,1471.2
58569,2019-10-12 14:16:00,4.8,1012.6,71,333,3.4,0.7,1354.1
58633,2019-10-12 14:16:00,5.7,1005.8,32,42,7.2,0.6,1264.8
58646,2019-10-12 14:16:00,24.5,1011.7,91,82,2.9,1.0,1192.5
58652,2019-10-12 14:16:00,31.0,1004.9,46,244,14.1,0.8,1094.7
58665,2019-10-12 14:16:00,26.7,1021.1,29,241,11.9,0.6,1137.4
58666,2019-10-12 14:16:00,28.9,1017.1,20,328,3.6,1.5,1143.3
58667,2019-10-12 14:16:00,21.6,1018.9,42,120,13.6,1.5,1434.6
58742,2019-10-12 14:16:00,0.3,1016.0,92,149,5.6,0.8,1358.0
58752,2019-10-12 14:16:00,7.4,1008.4,93,258,11.2,0.4,1124.5
58760,2019-10-12 14:16:00,29.3,1019.5,80,339,8.8,0.2,1265.8
57348,2019-10-12 14:16:00,21.8,1013.3,63,173,13.3,1.1,1189.6
57426,2019-10-12 14:16:00,17.3,1022.1,60,337,14.1,1.0,1306.3
57432,2019-10-12 14:16:00,23.4,1025.3,65,236,14.4,1.2,1091.3
57502,2019-10-12 14:16:00,12.9,1024.6,20,323,14.8,1.4,1099.3
57512,2019-10-12 14:16:00,25.2,1000.3,67,324,5.2,0.1,1183.3
57516,2019-10-12 14:16:00,11.9,1015.6,56,56,2.7,0.6,1259.2
57517,2019-10-12 14:16:00,19.0,1012.2,73,19,0.5,0.8,1327.8
57520,2019-10-12 14:16:00,16.0,1013.2,8,91,12.0,1.0,1348.4
57523,2019-10-12 14:16:00,25.1,1008.6,93,17,2.6,0.7,1200.1
57536,2019-10-12 14:16:00,1.2,1002.0,24,75,7.6,0.6,1160.9
57612,2019-10-12 14:16:00,30.9,1001.9,18,128,1.1,0.5,1071.3
57633,2019-10-12 14:16:00,23.7,1018.7,21,271,7.1,0.3,1053.6
