58015,2019-10-12 14:15:00,2.6,1016.8,64,99,3.8,0.8,1393.1
58102,2019-10-12 14:15:00,20.6,1007.9,82,251,3.7,0.3,1148.4
58118,2019-10-12 14:15:00,20.1,1019.5,15,76,4.8,0.3,1452.2
58122,2019-10-12 14:15:00,27.7,1022.3,44,81,9.3,1.2,1149.1
58203,2019-10-12 14:15:00,2.5,1025.8,68,294,14.3,1.5,1333.1
58215,2019-10-12 14:15:00,4.9,1006.4,16,235,4.3,1.3,1101.2
58221,2019-10-12 14:15:00,11.3,1017.6,29,152,3.1,0.6,1255.1
58225,2019-10-12 14:15:00,30.3,1022.4,27,94,13.4,0.1,1479.3
58236,2019-10-12 14:15:00,10.1,1018.6,11,135,13.9,0.9,1158.3
58311,2019-10-12 14:15:00,0.8,1011.7,8,156,6.1,0.3,1271.4
58314,2019-10-12 14:15:00,26.1,1024.2,52,237,0.0,0.7,1009.3
58319,2019-10-12 14:15:00,34.1,1015.3,72,275,9.4,0.5,1376.9
58321,2019-10-12 14:15:00,14.1,1010.2,90,215,7.3,0.7,1135.3
58326,2019-10-12 14:15:00,30.1,1025.8,65,210,9.1,1.2,1436.6
58336,2019-10-12 14:15:00,32.3,1005.1,3,249,12.3,0.5,1299.5
58338,2019-10-12 14:15:00,13.9,1008.9,30,228,5.9,0.8,1176.1
58414,2019-10-12 14:15:00,1.2,1000.3,86,43,12.5,1.0,1322.0
58419,2019-10-12 14:15:00,6.9,1000.5,86,73,5.4,0.5,1095.6
58424,2019-10-12 14:15:00,2.0,1001.2,35,19,7.8,0.8,1136.4
58429,2019-10-12 14:15:00,18.7,1008.2,9,38,7.6,0.1,1272.7
58436,2019-10-12 14:15:00,17.6,1005.1,64,123,14.4,1.2,1433.4
58437,2019-10-12 14:15:00,23.9,1010.0,70,279,0.2,0.2,1112.5
58520,2019-10-12 14:15:00,18.0,1001.3,1,245,3.5,1.4,1204.5
58531,2019-10-12 14:15:00,24.9,1018.3,19,209,11.5,1.0,1305.9
54406,2019-10-12 14:15:00,28.8,1024.0,88,131,10.6,0.6,1171.6
54416,2019-10-12 14:15:00,19.3,1004.5,3,331,7.7,1.5,1016.6
54511,2019-10-12 14:15:00,8.1,1013.0,76,180,8.8,0.0,1372.9
58725,2019-10-12 14:15:00,5.7,1021.7,4,349,3.7,0.1,1413.5
58730,2019-10-12 14:15:00,16.4,1010.4,60,66,11.4,0.2,1376.5
58731,2019-10-12 14:15:00,9.1,1018.3,5,12,14.8,1.0,1075.7
58734,2019-10-12 14:15:00,31.7,1024.2,34,110,1.2,0.5,1001.4
58737,2019-10-12 14:15:00,16.1,1017.2,49,65,5.1,1.5,1452.5
58744,2019-10-12 14:15:00,23.9,1016.6,27,203,2.5,1.3,1092.4
58754,2019-10-12 14:15:00,17.0,1024.3,72,43,8.1,1.5,1499.0
58818,2019-10-12 14:15:00,0.2,1017.9,31,101,6.8,0.0,1003.1
58820,2019-10-12 14:15:00,21.0,1001.2,75,254,1.6,0.2,1041.3
58834,2019-10-12 14:15:00,29.8,1024.8,79,238,10.6,0.4,1424.3
58837,2019-10-12 14:15:00,32.4,1008.9,44,15,2.4,0.2,1177.8
58843,2019-10-12 14:15:00,0.3,1018.2,27,49,12.8,0.1,1478.2
58846,2019-10-12 14:15:00,33.8,1024.0,75,80,5.2,0.8,1363.5
58847,2019-10-12 14:15:00,22.7,1015.9,78,37,10.4,1.2,1089.8
58911,2019-10-12 14:15:00,13.9,1005.2,51,245,0.2,0.5,1155.0
58918,2019-10-12 14:15:00,15.0,1004.2,12,26,0.4,0.2,1341.4
58921,2019-10-12 14:15:00,16.3,1023.2,78,222,12.2,1.1,1222.0
58926,2019-10-12 14:15:00,12.3,1013.1,81,114,2.6,0.1,1272.6
58927,2019-10-12 14:15:00,0.4,1019.0,32,161,2.8,0.9,1038.6
58931,2019-10-12 14:15:00,33.7,1011.4,60,10,14.3,1.0,1166.6
58933,2019-10-12 14:15:00,17.2,1016.5,24,263,0.7,0.1,1120.5
58936,2019-10-12 14:15:00,5.4,1008.9,80,213,0.8,1.5,1465.3
58944,2019-10-12 14:15:00,19.6,1011.5,32,216,13.8,1.0,1020.7
59113,2019-10-12 14:15:00,18.2,1004.8,97,60,2.9,1.1,1412.4
59126,2019-10-12 14:15:00,5.5,1002.5,12,11,14.0,1.0,1128.0
59133,2019-10-12 14:15:00,27.1,1002.9,24,37,14.6,0.2,1042.5
59134,2019-10-12 14:15:00,21.7,1017.0,31,150,13.7,0.9,1421.2
59321,2019-10-12 14:15:00,9.8,1000.8,17,163,2.6,0.9,1390.2
52323,2019-10-12 14:15:00,10.3,1018.2,59,309,0.4,0.1,1313.1
52418,2019-10-12 14:15:00,8.5,1010.9,59,23,10.1,0.1,1084.1
52424,2019-10-12 14:15:00,29.6,1007.5,56,63,10.0,0.2,1128.2
52436,2019-10-12 14:15:00,15.7,1014.1,52,85,7.9,1.2,1337.4
52446,2019-10-12 14:15:00,22.6,1014.0,5,354,5.9,1.4,1276.3
52447,2019-10-12 14:15:00,3.1,1025.2,96,89,14.8,0.9,1167.6
52533,2019-10-12 14:15:00,5.7,1024.1,77,128,12.1,1.2,1029.7
52546,2019-10-12 14:15:00,0.3,1023.0,1,143,2.1,0.0,1285.9
52652,2019-10-12 14:15:00,9.9,1020.2,89,152,10.7,0.4,1345.6
52661,2019-10-12 14:15:00,6.1,1001.8,23,110,9.7,0.2,1424.1
52674,2019-10-12 14:15:00,15.3,1007.8,48,37,1.0,0.4,1124.6
52679,2019-10-12 14:15:00,2.0,1015.8,2,157,12.8,1.0,1483.0
52681,2019-10-12 14:15:00,27.6,1022.1,1,24,7.8,0.4,1099.6
52787,2019-10-12 14:15:00,10.8,1020.0,97,185,4.5,1.4,1293.7
52797,2019-10-12 14:15:00,22.1,1026.3,80,201,6.2,1.5,1101.2
52884,2019-10-12 14:15:00,16.6,1016.3,37,157,11.1,1.0,1153.2
52895,2019-10-12 14:15:00,32.7,1009.7,87,304,5.0,1.4,1168.6
52983,2019-10-12 14:15:00,14.7,1012.4,71,147,1.4,1.4,1067.1
52984,2019-10-12 14:15:00,20.7,1023.6,13,156,12.5,1.2,1431.7
52986,2019-10-12 14:15:00,3.2,1021.1,37,243,7.6,0.8,1332.8
52996,2019-10-12 14:15:00,31.7,1014.4,88,50,0.8,0.1,1412.6
53821,2019-10-12 14:15:00,9.4,1011.4,28,88,14.3,1.3,1304.0
53915,2019-10-12 14:15:00,25.4,1024.8,81,110,10.0,1.2,1437.7
53923,2019-10-12 14:15:00,32.2,1011.1,77,246,10.9,1.2,1369.4
56074,2019-10-12 14:15:00,27.2,1025.9,54,274,0.3,0.4,1101.5
56080,2019-10-12 14:15:00,17.8,1024.1,84,2,8.2,0.2,1325.9
56093,2019-10-12 14:15:00,31.8,1007.5,19,336,12.3,1.4,1221.9
56096,2019-10-12 14:15:00,26.9,1016.0,86,184,8.3,0.2,1374.8
57014,2019-10-12 14:15:00,24.1,1013.6,52,160,11.7,0.9,1015.9
57996,2019-10-12 14:15:00,15.7,1009.2,12,297,6.3,1.4,1451.7
59072,2019-10-12 14:15:00,12.5,1003.9,23,2,1.9,0.5,1214.4
59082,2019-10-12 14:15:00,0.8,1001.3,18,312,8.8,0.2,1279.7
59087,2019-10-12 14:15:00,6.2,1021.3,48,177,9.5,1.4,1356.2
59088,2019-10-12 14:15:00,23.4,1021.5,5,137,0.5,1.2,1087.8
59096,2019-10-12 14:15:00,15.0,1002.4,35,258,2.5,1.2,1132.5
59097,2019-10-12 14:15:00,30.8,1007.9,52,209,4.3,0.8,1234.6
59107,2019-10-12 14:15:00,5.1,1025.4,90,309,4.3,0.0,1325.8
59116,2019-10-12 14:15:00,18.7,1014.4,77,304,4.6,1.2,1001.0
59117,2019-10-12 14:15:00,7.8,1025.0,17,292,1.7,1.0,1207.7
59271,2019-10-12 14:15:00,8.8,1025.6,83,19,11.0,0.9,1314.2
59278,2019-10-12 14:15:00,22.6,1020.0,94,321,8.2,1.4,1399.6
59280,2019-10-12 14:15:00,12.9,1008.6,30,37,11.0,0.5,1213.6
59287,2019-10-12 14:15:00,15.9,1011.4,68,200,14.2,0.4,1231.3
59289,2019-10-12 14:15:00,3.7,1002.3,23,35,0.1,0.4,1171.7
59293,2019-10-12 14:15:00,30.1,1001.2,27,219,14.7,0.7,1146.1
59294,2019-10-12 14:15:00,32.5,1022.9,12,166,12.7,0.8,1180.0
59298,2019-10-12 14:15:00,20.2,1024.9,2,287,14.0,0.8,1263.8
59303,2019-10-12 14:15:00,8.8,1024.6,92,125,14.7,0.5,1056.4
59304,2019-10-12 14:15:00,31.3,1023.7,100,342,1.4,0.2,1498.4
59306,2019-10-12 14:15:00,21.8,1017.4,43,83,0.5,0.9,1364.3
59310,2019-10-12 14:15:00,29.4,1011.2,78,143,4.8,0.6,1007.1
59316,2019-10-12 14:15:00,12.6,1009.5,79,133,10.7,0.2,1408.8
59317,2019-10-12 14:15:00,9.0,1009.0,77,214,5.7,0.3,1400.1
59324,2019-10-12 14:15:00,19.8,1020.0,52,345,5.7,0.5,1441.6
59456,2019-10-12 14:15:00,7.7,1017.1,82,307,9.8,1.0,1497.4
59462,2019-10-12 14:15:00,8.5,1017.7,42,148,9.3,0.0,1444.6
59478,2019-10-12 14:15:00,25.5,1000.4,37,48,3.1,0.8,1488.9
59485,2019-10-12 14:15:00,20.0,1000.2,32,324,4.7,1.0,1294.4
59488,2019-10-12 14:15:00,15.9,1010.3,82,39,13.1,0.7,1109.4
59493,2019-10-12 14:15:00,23.0,1000.2,89,270,2.0,0.6,1390.5
59501,2019-10-12 14:15:00,8.0,1012.9,85,155,10.0,0.8,1273.0
59658,2019-10-12 14:15:00,18.5,1018.7,90,212,7.9,1.3,1146.7
59663,2019-10-12 14:15:00,10.8,1025.7,39,223,8.7,0.0,1088.4
59664,2019-10-12 14:15:00,27.5,1003.7,73,110,1.4,1.2,1178.5
59673,2019-10-12 14:15:00,18.5,1024.1,4,139,0.0,1.1,1144.7
59754,2019-10-12 14:15:00,29.9,1014.6,42,314,9.8,0.3,1265.3
57947,2019-10-12 14:15:00,5.1,1013.9,96,176,1.1,0.6,1482.2
57957,2019-10-12 14:15:00,26.4,1003.6,98,69,9.5,1.3,1149.4
57958,2019-10-12 14:15:00,13.7,1009.3,5,8,13.0,1.5,1072.7
59021,2019-10-12 14:15:00,7.4,1018.3,19,5,5.9,0.3,1233.9
59023,2019-10-12 14:15:00,31.2,1005.2,30,147,9.8,0.5,1003.9
59027,2019-10-12 14:15:00,14.0,1020.6,87,141,1.7,1.5,1400.3
59037,2019-10-12 14:15:00,26.6,1009.6,55,115,14.0,1.4,1212.8
59046,2019-10-12 14:15:00,0.4,1002.2,28,166,6.5,0.1,1163.9
59058,2019-10-12 14:15:00,19.0,1014.6,15,214,4.9,0.8,1266.4
59065,2019-10-12 14:15:00,6.3,1026.1,22,39,8.2,0.0,1010.0
59209,2019-10-12 14:15:00,0.4,1025.3,56,135,0.2,1.3,1201.5
59211,2019-10-12 14:15:00,18.4,1006.4,71,276,8.6,1.3,1445.9
59218,2019-10-12 14:15:00,7.9,1017.4,19,35,5.0,0.8,1363.8
59228,2019-10-12 14:15:00,17.1,1001.5,89,359,5.1,0.1,1334.1
59242,2019-10-12 14:15:00,3.1,1022.9,84,6,11.5,1.0,1137.2
59254,2019-10-12 14:15:00,14.4,1013.9,49,191,6.8,1.4,1293.3
59265,2019-10-12 14:15:00,11.5,1023.7,2,57,1.1,0.3,1415.5
59417,2019-10-12 14:15:00,27.7,1006.6,47,33,8.6,1.0,1335.0
59431,2019-10-12 14:15:00,6.9,1000.1,23,143,1.7,0.1,1444.0
59446,2019-10-12 14:15:00,14.1,1008.5,64,211,4.6,0.3,1220.5
59453,2019-10-12 14:15:00,24.6,1022.6,42,350,14.8,1.1,1110.0
59626,2019-10-12 14:15:00,31.6,1004.6,13,153,7.2,1.0,1213.9
59631,2019-10-12 14:15:00,28.9,1006.2,51,169,14.5,0.8,1019.3
59632,2019-10-12 14:15:00,21.6,1026.0,35,77,12.7,0.2,1232.8
59644,2019-10-12 14:15:00,33.6,1016.3,64,220,9.5,0.0,1069.7
59647,2019-10-12 14:15:00,5.4,1010.6,39,65,11.8,0.6,1120.6
56691,2019-10-12 14:15:00,1.1,1015.6,69,3,6.0,0.6,1099.2
56693,2019-10-12 14:15:00,24.1,1023.7,30,149,12.4,1.1,1274.4
56792,2019-10-12 14:15:00,8.2,1011.0,20,238,7.9,1.4,1437.0
56793,2019-10-12 14:15:00,17.1,1020.8,82,349,4.0,0.0,1070.0
57606,2019-10-12 14:15:00,35.0,1008.2,9,152,3.5,0.4,1342.3
57614,2019-10-12 14:15:00,25.4,1016.6,61,52,4.1,1.3,1305.9
57625,2019-10-12 14:15:00,11.8,1024.7,93,191,7.2,0.7,1467.2
57647,2019-10-12 14:15:00,14.2,1007.5,21,347,3.4,0.5,1467.5
57707,2019-10-12 14:15:00,15.2,1002.8,76,194,14.8,0.8,1359.2
57710,2019-10-12 14:15:00,15.3,1003.7,95,1,10.9,1.5,1244.8
57712,2019-10-12 14:15:00,6.9,1025.8,60,329,10.5,1.2,1049.4
57718,2019-10-12 14:15:00,24.7,1005.4,43,261,11.5,1.4,1185.4
57722,2019-10-12 14:15:00,31.1,1021.3,59,155,4.1,0.1,1288.5
57729,2019-10-12 14:15:00,23.4,1018.9,48,305,3.2,0.6,1103.2
57731,2019-10-12 14:15:00,27.4,1011.1,44,125,14.9,1.5,1228.4
57741,2019-10-12 14:15:00,28.2,1022.6,56,275,8.0,0.6,1251.6
57803,2019-10-12 14:15:00,5.1,1024.4,78,36,8.2,1.1,1189.3
57805,2019-10-12 14:15:00,20.9,1017.3,85,207,14.2,0.4,1361.4
57806,2019-10-12 14:15:00,6.7,1016.6,51,89,12.9,1.0,1342.5
57816,2019-10-12 14:15:00,2.9,1000.4,82,255,6.0,0.4,1091.1
57825,2019-10-12 14:15:00,25.5,1017.8,40,298,5.5,0.4,1445.7
57827,2019-10-12 14:15:00,19.5,1019.9,11,305,7.7,1.0,1009.7
57832,2019-10-12 14:15:00,14.5,1019.8,78,168,5.6,1.2,1208.8
57839,2019-10-12 14:15:00,15.2,1003.4,37,344,7.5,0.5,1007.4
57840,2019-10-12 14:15:00,17.8,1014.2,23,109,14.8,1.3,1354.6
57902,2019-10-12 14:15:00,12.0,1023.4,7,234,13.5,1.2,1265.0
57906,2019-10-12 14:15:00,10.1,1025.5,98,146,9.1,0.6,1246.5
57907,2019-10-12 14:15:00,3.0,1000.6,56,93,8.2,1.1,1297.6
57910,2019-10-12 14:15:00,12.5,1002.0,1,186,2.0,0.6,1169.8
57912,2019-10-12 14:15:00,4.9,1026.0,48,25,1.5,1.3,1418.3
57916,2019-10-12 14:15:00,7.9,1017.1,32,325,13.4,0.4,1349.2
57922,2019-10-12 14:15:00,1.2,1014.0,38,274,11.3,0.4,1482.0
57926,2019-10-12 14:15:00,6.1,1017.1,61,285,9.8,0.1,1479.6
57932,2019-10-12 14:15:00,29.9,1000.5,33,240,2.3,0.7,1193.6
59758,2019-10-12 14:15:00,24.9,1023.2,38,22,1.0,0.4,1240.6
59838,2019-10-12 14:15:00,23.2,1005.1,63,323,5.8,1.1,1006.4
59845,2019-10-12 14:15:00,18.6,1014.1,10,247,3.4,0.2,1054.9
59849,2019-10-12 14:15:00,33.6,1010.8,30,355,7.0,0.5,1112.7
59855,2019-10-12 14:15:00,0.3,1012.6,66,205,13.5,0.2,1416.7
59948,2019-10-12 14:15:00,23.3,1020.4,88,94,7.5,1.0,1127.3
59954,2019-10-12 14:15:00,27.4,1014.6,69,245,9.9,0.5,1005.5
59981,2019-10-12 14:15:00,11.8,1022.4,50,318,8.4,1.4,1275.8
53399,2019-10-12 14:15:00,4.7,1025.3,21,338,4.0,0.1,1193.7
53593,2019-10-12 14:15:00,8.2,1025.4,65,313,11.4,0.3,1411.7
53698,2019-10-12 14:15:00,6.7,1000.5,39,45,0.9,1.0,1075.3
53798,2019-10-12 14:15:00,12.3,1002.2,7,62,3.7,0.0,1274.1
54308,2019-10-12 14:15:00,1.3,1005.8,86,238,13.2,0.9,1054.5
54311,2019-10-12 14:15:00,35.0,1000.0,66,331,13.6,1.3,1179.2
54401,2019-10-12 14:15:00,23.6,1006.7,98,34,8.8,0.7,1167.8
54405,2019-10-12 14:15:00,19.0,1009.0,2,257,8.2,1.5,1348.1
54423,2019-10-12 14:15:00,5.4,1018.7,12,345,10.6,0.0,1201.4
54429,2019-10-12 14:15:00,23.0,1014.4,53,274,14.9,0.1,1211.8
54436,2019-10-12 14:15:00,14.7,1006.3,95,220,13.3,1.5,1071.9
54449,2019-10-12 14:15:00,30.0,1025.3,54,182,7.3,1.4,1461.2
54518,2019-10-12 14:15:00,30.4,1023.5,32,311,3.5,1.0,1144.8
54534,2019-10-12 14:15:00,23.7,1026.4,53,251,4.3,0.8,1454.0
54535,2019-10-12 14:15:00,22.3,1008.6,15,341,12.6,1.3,1000.3
54539,2019-10-12 14:15:00,17.5,1017.7,56,284,8.3,0.4,1200.5
54602,2019-10-12 14:15:00,1.6,1012.3,39,266,8.4,0.9,1485.3
54606,2019-10-12 14:15:00,18.5,1017.1,27,312,0.0,0.2,1009.9
54618,2019-10-12 14:15:00,11.0,1024.7,45,61,6.3,0.2,1038.0
54624,2019-10-12 14:15:00,15.9,1015.6,97,261,2.6,1.2,1171.2
54705,2019-10-12 14:15:00,6.4,1016.1,45,17,3.5,0.6,1334.7
53898,2019-10-12 14:15:00,32.7,1014.6,35,312,6.4,0.8,1317.4
53986,2019-10-12 14:15:00,26.3,1017.3,52,92,8.0,1.1,1223.1
57051,2019-10-12 14:15:00,24.2,1006.5,82,264,2.9,0.1,1148.2
57067,2019-10-12 14:15:00,20.8,1020.8,24,344,5.2,0.3,1042.8
57071,2019-10-12 14:15:00,25.2,1025.1,70,228,0.4,1.1,1220.6
57077,2019-10-12 14:15:00,18.5,1001.6,9,275,0.9,0.7,1171.2
57083,2019-10-12 14:15:00,10.2,1017.9,7,344,1.1,1.5,1406.8
57084,2019-10-12 14:15:00,30.4,1020.6,59,357,0.0,1.3,1264.0
57089,2019-10-12 14:15:00,1.3,1016.0,48,101,10.1,1.2,1276.0
57091,2019-10-12 14:15:00,22.5,1013.7,54,75,13.8,0.1,1075.9
57156,2019-10-12 14:15:00,31.6,1000.5,12,272,7.6,0.9,1159.8
57178,2019-10-12 14:15:00,9.4,1024.9,49,262,12.0,1.4,1442.0
57181,2019-10-12 14:15:00,5.2,1006.9,94,306,3.9,0.8,1416.0
57193,2019-10-12 14:15:00,9.6,1023.8,21,229,13.0,0.5,1204.2
57285,2019-10-12 14:15:00,25.1,1014.6,37,331,10.8,1.5,1221.1
57290,2019-10-12 14:15:00,29.0,1017.1,92,106,7.0,1.2,1466.4
57297,2019-10-12 14:15:00,6.2,1025.3,40,295,14.0,1.2,1077.6
58005,2019-10-12 14:15:00,23.6,1021.1,14,214,8.5,0.1,1375.3
58111,2019-10-12 14:15:00,20.9,1011.9,1,326,9.5,0.4,1178.5
58208,2019-10-12 14:15:00,25.0,1013.2,22,252,10.3,0.8,1166.0
50136,2019-10-12 14:15:00,20.9,1001.9,79,236,5.3,0.2,1458.5
50246,2019-10-12 14:15:00,14.0,1013.9,77,86,3.1,0.5,1424.8
50247,2019-10-12 14:15:00,11.0,1014.5,77,353,3.6,0.4,1486.1
50349,2019-10-12 14:15:00,30.2,1020.7,30,199,5.4,0.6,1107.9
50353,2019-10-12 14:15:00,29.0,1012.9,3,83,6.9,0.1,1055.6
50442,2019-10-12 14:15:00,12.0,1001.8,35,359,5.9,1.5,1228.4
50468,2019-10-12 14:15:00,29.4,1008.4,99,168,8.1,0.2,1499.2
50557,2019-10-12 14:15:00,0.6,1024.4,14,181,12.1,0.2,1085.7
50564,2019-10-12 14:15:00,12.9,1016.4,73,356,10.9,1.1,1392.2
50656,2019-10-12 14:15:00,24.2,1006.3,72,36,1.3,0.9,1478.1
50658,2019-10-12 14:15:00,11.1,1015.5,73,125,12.5,1.0,1321.6
50674,2019-10-12 14:15:00,27.6,1009.3,20,346,5.3,0.9,1332.9
50739,2019-10-12 14:15:00,0.1,1023.2,68,94,7.2,1.2,1453.6
50742,2019-10-12 14:15:00,17.2,1014.9,63,133,7.9,0.9,1216.4
50745,2019-10-12 14:15:00,26.6,1007.7,45,186,6.3,0.4,1138.5
50756,2019-10-12 14:15:00,12.3,1026.1,10,48,3.9,0.4,1390.1
50758,2019-10-12 14:15:00,18.9,1003.8,54,281,14.1,1.3,1274.5
50774,2019-10-12 14:15:00,28.5,1012.5,19,176,3.4,1.2,1452.4
50778,2019-10-12 14:15:00,30.9,1019.0,79,197,10.7,0.2,1207.0
50788,2019-10-12 14:15:00,12.3,1005.4,60,282,8.5,1.2,1479.0
50844,2019-10-12 14:15:00,11.4,1016.6,90,231,6.0,0.7,1244.1
50853,2019-10-12 14:15:00,32.1,1008.6,21,316,13.3,0.2,1088.0
50854,2019-10-12 14:15:00,21.5,1022.3,26,144,8.5,0.7,1050.0
50862,2019-10-12 14:15:00,26.1,1019.9,69,77,7.5,1.1,1315.3
50873,2019-10-12 14:15:00,8.9,1022.5,95,30,14.4,0.0,1223.3
50877,2019-10-12 14:15:00,29.1,1023.6,59,277,9.7,0.6,1260.1
50888,2019-10-12 14:15:00,10.1,1014.1,90,269,3.6,0.6,1132.5
50950,2019-10-12 14:15:00,24.8,1002.4,27,275,5.0,0.6,1388.7
50953,2019-10-12 14:15:00,25.7,1000.9,17,218,2.1,1.0,1314.7
50955,2019-10-12 14:15:00,18.0,1019.8,95,271,2.9,1.2,1369.3
50963,2019-10-12 14:15:00,28.3,1010.2,6,220,0.0,0.2,1439.6
50968,2019-10-12 14:15:00,15.4,1016.2,47,321,8.3,0.8,1248.4
50973,2019-10-12 14:15:00,14.6,1001.9,14,33,14.5,0.5,1384.5
50978,2019-10-12 14:15:00,16.3,1015.3,85,324,14.2,0.2,1269.8
50983,2019-10-12 14:15:00,13.6,1012.2,89,184,6.4,1.3,1465.5
54094,2019-10-12 14:15:00,34.0,1011.4,27,114,5.6,0.4,1474.6
54096,2019-10-12 14:15:00,3.6,1004.7,44,9,1.8,1.2,1073.5
57251,2019-10-12 14:15:00,28.3,1013.2,47,111,8.1,0.2,1386.4
57256,2019-10-12 14:15:00,9.8,1006.3,24,70,9.2,1.5,1127.4
57259,2019-10-12 14:15:00,0.9,1001.8,72,212,5.2,0.1,1175.1
57265,2019-10-12 14:15:00,26.0,1014.1,42,323,12.0,0.8,1007.7
57278,2019-10-12 14:15:00,30.0,1008.8,28,203,13.2,1.3,1472.8
57279,2019-10-12 14:15:00,26.7,1012.8,3,210,1.3,1.3,1023.3
57355,2019-10-12 14:15:00,24.0,1000.0,48,103,9.9,0.2,1157.0
57358,2019-10-12 14:15:00,19.0,1012.2,66,162,3.9,0.2,1439.5
57359,2019-10-12 14:15:00,8.7,1011.4,3,170,13.7,0.1,1493.6
57363,2019-10-12 14:15:00,3.1,1009.9,41,325,10.9,1.5,1372.9
57378,2019-10-12 14:15:00,26.9,1004.7,70,309,11.3,0.0,1139.7
57381,2019-10-12 14:15:00,6.5,1015.7,32,55,5.4,0.8,1068.4
57395,2019-10-12 14:15:00,25.0,1024.6,100,147,10.0,0.9,1261.2
57399,2019-10-12 14:15:00,23.0,1000.7,11,162,13.6,0.3,1234.5
57439,2019-10-12 14:15:00,0.6,1015.8,28,21,7.0,0.0,1398.4
57445,2019-10-12 14:15:00,24.1,1016.7,47,297,5.6,0.5,1290.1
57447,2019-10-12 14:15:00,26.0,1001.2,96,106,3.3,0.2,1174.7
57458,2019-10-12 14:15:00,24.2,1012.8,23,184,3.2,0.4,1245.2
57461,2019-10-12 14:15:00,0.5,1001.7,38,308,13.5,0.9,1097.8
57476,2019-10-12 14:15:00,25.8,1014.8,93,103,13.2,1.1,1040.2
57482,2019-10-12 14:15:00,16.1,1011.3,59,321,4.6,1.3,1281.2
57483,2019-10-12 14:15:00,4.0,1014.6,73,273,5.1,0.2,1033.5
57493,2019-10-12 14:15:00,3.6,1004.8,28,185,6.8,1.3,1388.3
57494,2019-10-12 14:15:00,21.9,1019.5,64,63,9.5,0.4,1162.8
57545,2019-10-12 14:15:00,3.7,1017.2,53,288,1.5,0.2,1336.6
57573,2019-10-12 14:15:00,12.1,1012.2,29,43,12.0,1.2,1025.7
57581,2019-10-12 14:15:00,11.2,1022.6,99,76,2.7,0.1,1440.5
57583,2019-10-12 14:15:00,21.2,1001.2,87,170,2.4,0.2,1314.8
57595,2019-10-12 14:15:00,22.0,1016.5,26,302,10.9,0.1,1283.8
58402,2019-10-12 14:15:00,9.7,1018.4,93,298,0.8,1.2,1074.3
58407,2019-10-12 14:15:00,30.8,1012.5,42,202,2.1,1.5,1158.1
58500,2019-10-12 14:15:00,5.8,1025.9,24,7,6.3,0.6,1460.1
57554,2019-10-12 14:15:00,7.6,1018.6,17,80,7.8,1.3,1020.0
57562,2019-10-12 14:15:00,31.9,1005.5,37,191,11.1,0.4,1425.5
57574,2019-10-12 14:15:00,11.3,1020.8,35,59,12.8,0.8,1118.1
57584,2019-10-12 14:15:00,30.0,1011.7,65,294,13.6,0.8,1195.1
57642,2019-10-12 14:15:00,19.4,1002.7,52,340,1.8,1.1,1485.5
57649,2019-10-12 14:15:00,13.5,1026.0,67,103,13.2,0.6,1486.7
57655,2019-10-12 14:15:00,6.9,1019.0,49,234,9.0,0.6,1248.4
57662,2019-10-12 14:15:00,13.4,1011.3,21,351,12.6,0.0,1416.4
57669,2019-10-12 14:15:00,22.1,1005.7,28,334,2.6,1.0,1449.9
57671,2019-10-12 14:15:00,2.6,1026.3,59,80,1.0,0.0,1118.9
57673,2019-10-12 14:15:00,22.7,1016.4,23,116,11.6,1.4,1327.4
57679,2019-10-12 14:15:00,26.0,1012.4,70,356,1.5,0.1,1445.7
57682,2019-10-12 14:15:00,13.0,1001.3,74,207,4.8,0.4,1498.6
57687,2019-10-12 14:15:00,21.5,1014.2,81,269,13.0,0.7,1281.9
57745,2019-10-12 14:15:00,10.3,1002.5,90,96,4.6,1.1,1148.5
57749,2019-10-12 14:15:00,13.8,1007.0,28,270,9.1,0.0,1498.8
57752,2019-10-12 14:15:00,21.2,1022.7,95,81,1.1,1.5,1270.5
57758,2019-10-12 14:15:00,27.3,1006.6,88,245,0.3,1.5,1014.0
57761,2019-10-12 14:15:00,33.9,1005.8,21,289,12.6,1.3,1326.6
57766,2019-10-12 14:15:00,31.0,1015.7,42,357,10.9,0.1,1112.2
57774,2019-10-12 14:15:00,23.6,1007.9,55,359,0.7,1.2,1378.3
57776,2019-10-12 14:15:00,5.2,1016.4,74,91,9.0,0.8,1247.3
57779,2019-10-12 14:15:00,20.8,1010.0,76,61,14.0,0.3,1483.9
57780,2019-10-12 14:15:00,13.1,1014.1,80,289,7.8,0.5,1328.3
57841,2019-10-12 14:15:00,15.1,1021.4,34,79,1.5,1.5,1442.0
57845,2019-10-12 14:15:00,13.0,1010.4,64,144,0.8,0.8,1488.9
57853,2019-10-12 14:15:00,22.2,1010.6,97,116,3.1,1.5,1060.6
57857,2019-10-12 14:15:00,2.1,1015.8,93,108,7.4,0.7,1300.5
57860,2019-10-12 14:15:00,3.0,1004.9,8,323,13.8,0.4,1198.1
57866,2019-10-12 14:15:00,28.0,1000.7,86,228,7.1,0.0,1279.2
57872,2019-10-12 14:15:00,1.5,1011.3,53,282,8.9,1.2,1401.3
57874,2019-10-12 14:15:00,4.8,1008.1,9,194,9.1,0.0,1201.0
57889,2019-10-12 14:15:00,29.5,1018.1,64,233,6.6,1.4,1082.6
57965,2019-10-12 14:15:00,5.5,1016.4,4,72,4.6,0.8,1277.0
57972,2019-10-12 14:15:00,12.2,1023.3,19,92,12.6,0.2,1253.7
57974,2019-10-12 14:15:00,0.7,1005.1,14,28,9.2,1.3,1101.8
50936,2019-10-12 14:15:00,29.9,1007.3,69,63,9.6,1.5,1392.1
50945,2019-10-12 14:15:00,18.6,1007.5,46,231,7.0,0.4,1291.0
50948,2019-10-12 14:15:00,12.3,1015.3,77,308,2.8,1.4,1134.2
50949,2019-10-12 14:15:00,23.6,1003.2,28,295,8.8,0.4,1314.3
54041,2019-10-12 14:15:00,29.8,1026.0,51,138,14.0,0.6,1143.0
54049,2019-10-12 14:15:00,32.3,1007.9,4,211,11.1,0.8,1313.9
54063,2019-10-12 14:15:00,2.6,1007.1,58,42,13.9,1.4,1045.3
54064,2019-10-12 14:15:00,23.4,1002.5,36,315,14.9,1.4,1250.9
54142,2019-10-12 14:15:00,9.6,1001.1,66,312,7.1,1.5,1052.8
54157,2019-10-12 14:15:00,14.8,1007.8,17,19,9.4,1.5,1185.6
54161,2019-10-12 14:15:00,1.1,1007.7,25,11,7.3,0.2,1121.5
54165,2019-10-12 14:15:00,19.2,1003.3,88,244,5.0,0.2,1227.9
54171,2019-10-12 14:15:00,10.1,1014.6,14,159,9.2,1.5,1426.0
54181,2019-10-12 14:15:00,10.3,1000.8,55,6,13.8,1.4,1237.2
54186,2019-10-12 14:15:00,9.8,1004.2,29,272,11.4,0.1,1393.2
54195,2019-10-12 14:15:00,29.0,1011.2,81,345,5.5,0.3,1332.9
54260,2019-10-12 14:15:00,17.8,1015.7,54,297,2.8,0.7,1215.2
54263,2019-10-12 14:15:00,18.7,1018.0,61,126,0.0,1.0,1100.4
54266,2019-10-12 14:15:00,34.0,1015.0,44,265,12.9,0.7,1048.3
54273,2019-10-12 14:15:00,24.7,1021.6,5,256,6.3,1.2,1342.4
54276,2019-10-12 14:15:00,32.2,1003.4,84,238,4.6,1.3,1146.5
54284,2019-10-12 14:15:00,22.8,1004.6,85,37,5.8,0.9,1486.6
54285,2019-10-12 14:15:00,13.0,1010.1,54,279,9.6,0.8,1135.8
54286,2019-10-12 14:15:00,29.2,1026.4,95,152,14.6,0.7,1249.6
54292,2019-10-12 14:15:00,29.1,1004.3,3,162,13.9,0.1,1463.0
54363,2019-10-12 14:15:00,13.4,1002.4,96,102,8.2,0.0,1225.8
54374,2019-10-12 14:15:00,2.0,1026.4,100,259,4.0,0.8,1034.4
54377,2019-10-12 14:15:00,11.4,1023.0,76,316,7.2,1.4,1425.9
54386,2019-10-12 14:15:00,17.3,1009.1,2,291,5.6,1.5,1424.8
58026,2019-10-12 14:15:00,25.9,1015.1,74,13,6.7,0.5,1165.4
58027,2019-10-12 14:15:00,3.9,1013.3,60,230,8.4,0.6,1229.3
58038,2019-10-12 14:15:00,3.7,1013.6,93,43,1.3,1.5,1286.6
58040,2019-10-12 14:15:00,3.7,1021.6,74,55,11.2,0.2,1222.5
58047,2019-10-12 14:15:00,22.7,1007.5,1,79,7.1,1.4,1047.3
58130,2019-10-12 14:15:00,4.2,1024.2,49,340,0.2,1.5,1210.7
58135,2019-10-12 14:15:00,26.9,1008.7,25,232,13.0,0.8,1178.8
58138,2019-10-12 14:15:00,2.4,1013.6,61,259,7.7,0.1,1489.4
58141,2019-10-12 14:15:00,7.1,1008.4,75,35,8.9,1.4,1287.7
58143,2019-10-12 14:15:00,9.2,1022.2,87,171,9.9,1.4,1284.5
58150,2019-10-12 14:15:00,6.9,1010.5,75,149,11.5,1.5,1079.1
58158,2019-10-12 14:15:00,5.3,1024.7,83,59,10.5,0.6,1351.2
58238,2019-10-12 14:15:00,34.8,1002.5,11,237,8.6,0.8,1192.5
58241,2019-10-12 14:15:00,33.2,1022.0,79,208,6.5,0.0,1498.8
58251,2019-10-12 14:15:00,2.7,1011.0,36,250,10.2,0.5,1187.0
58252,2019-10-12 14:15:00,31.0,1006.5,66,335,3.0,0.7,1465.5
58255,2019-10-12 14:15:00,14.4,1002.4,78,40,1.6,1.1,1499.9
58259,2019-10-12 14:15:00,11.2,1015.3,42,271,13.6,0.7,1475.4
58265,2019-10-12 14:15:00,19.8,1011.8,64,79,9.3,1.4,1093.5
58343,2019-10-12 14:15:00,28.6,1010.9,2,75,12.2,0.6,1269.3
58345,2019-10-12 14:15:00,24.8,1008.1,37,167,5.7,1.4,1249.1
58354,2019-10-12 14:15:00,16.4,1019.0,58,319,3.1,1.1,1229.1
58356,2019-10-12 14:15:00,11.4,1014.0,82,292,11.0,0.0,1281.3
58358,2019-10-12 14:15:00,13.4,1004.9,82,61,10.4,1.4,1123.8
57598,2019-10-12 14:15:00,14.6,1017.7,51,70,1.8,1.4,1308.2
57696,2019-10-12 14:15:00,12.7,1000.4,30,262,6.2,1.1,1102.5
57789,2019-10-12 14:15:00,34.5,1016.3,92,162,6.0,0.0,1425.5
57793,2019-10-12 14:15:00,14.4,1022.4,26,44,6.3,1.4,1409.0
57799,2019-10-12 14:15:00,7.8,1008.2,46,107,9.5,0.3,1225.7
57894,2019-10-12 14:15:00,12.0,1002.9,100,121,4.0,0.4,1137.9
57896,2019-10-12 14:15:00,13.6,1012.2,77,247,0.7,0.7,1191.9
57993,2019-10-12 14:15:00,15.2,1017.4,48,89,1.3,0.1,1441.8
58506,2019-10-12 14:15:00,14.6,1003.0,44,18,7.8,0.0,1116.4
58507,2019-10-12 14:15:00,18.0,1001.3,80,120,7.4,0.6,1146.1
58519,2019-10-12 14:15:00,2.4,1025.5,30,89,3.0,1.4,1140.5
58527,2019-10-12 14:15:00,33.4,1010.5,83,45,7.1,0.1,1314.0
58600,2019-10-12 14:15:00,24.6,1002.6,61,175,4.2,0.3,1315.2
58606,2019-10-12 14:15:00,18.4,1018.5,63,67,8.5,1.3,1281.5
58608,2019-10-12 14:15:00,30.9,1006.1,74,26,3.4,1.5,1320.5
58622,2019-10-12 14:15:00,28.0,1017.6,16,191,8.6,1.3,1379.0
58626,2019-10-12 14:15:00,32.3,1000.9,4,54,8.7,0.7,1131.0
58634,2019-10-12 14:15:00,3.9,1013.7,27,241,7.0,1.3,1303.6
58637,2019-10-12 14:15:00,20.9,1005.9,41,195,0.6,0.5,1306.5
58705,2019-10-12 14:15:00,0.2,1019.1,89,156,2.7,1.1,1077.0
58715,2019-10-12 14:15:00,20.8,1012.8,69,196,3.4,0.4,1113.3
58718,2019-10-12 14:15:00,13.0,1024.4,85,213,6.4,1.4,1382.3
58806,2019-10-12 14:15:00,24.5,1023.3,56,49,13.8,0.3,1362.5
58813,2019-10-12 14:15:00,8.5,1003.0,46,168,12.9,0.1,1339.0
59092,2019-10-12 14:15:00,1.2,1011.4,4,74,9.4,0.0,1463.3
59102,2019-10-12 14:15:00,10.4,1020.6,78,151,8.7,0.1,1004.9
54236,2019-10-12 14:15:00,24.1,1013.5,60,225,7.9,1.4,1053.9
54237,2019-10-12 14:15:00,13.3,1013.3,32,173,2.3,0.1,1073.2
54243,2019-10-12 14:15:00,19.1,1007.9,98,301,5.5,0.8,1008.8
54254,2019-10-12 14:15:00,12.0,1010.9,43,179,7.2,1.5,1009.8
54259,2019-10-12 14:15:00,31.9,1024.4,88,281,0.9,0.2,1232.3
54324,2019-10-12 14:15:00,20.2,1003.6,27,27,8.1,1.3,1165.6
54326,2019-10-12 14:15:00,20.1,1007.3,26,129,0.3,1.4,1296.6
54333,2019-10-12 14:15:00,6.2,1003.2,63,102,10.3,1.2,1060.9
54334,2019-10-12 14:15:00,34.4,1020.5,77,96,10.9,0.4,1460.2
54335,2019-10-12 14:15:00,14.3,1006.9,1,101,3.3,0.2,1146.0
54337,2019-10-12 14:15:00,29.7,1020.1,94,91,2.6,0.6,1311.3
54339,2019-10-12 14:15:00,16.5,1005.5,56,192,2.2,0.9,1137.2
54342,2019-10-12 14:15:00,26.1,1022.3,100,263,4.8,0.4,1109.2
54346,2019-10-12 14:15:00,11.3,1026.4,94,230,6.0,1.3,1472.7
54349,2019-10-12 14:15:00,30.9,1006.7,12,110,11.0,1.2,1357.3
54351,2019-10-12 14:15:00,26.5,1013.2,15,150,2.2,0.2,1007.2
54353,2019-10-12 14:15:00,33.0,1000.7,69,303,6.1,0.3,1210.7
54365,2019-10-12 14:15:00,11.3,1018.2,71,333,9.3,1.5,1155.6
54452,2019-10-12 14:15:00,17.0,1024.4,47,171,13.3,0.9,1359.3
54454,2019-10-12 14:15:00,29.5,1025.3,96,243,9.5,0.9,1020.4
54455,2019-10-12 14:15:00,10.3,1003.9,68,197,1.9,1.1,1077.4
54470,2019-10-12 14:15:00,10.8,1004.7,72,345,10.6,0.2,1494.7
54471,2019-10-12 14:15:00,21.9,1006.4,74,308,12.0,0.7,1096.0
54472,2019-10-12 14:15:00,33.8,1018.1,74,120,5.1,1.2,1192.5
54476,2019-10-12 14:15:00,7.1,1003.4,90,217,5.9,0.5,1360.7
54486,2019-10-12 14:15:00,27.4,1014.6,79,112,0.3,0.6,1380.0
54493,2019-10-12 14:15:00,16.2,1002.3,29,84,10.7,0.9,1357.6
54497,2019-10-12 14:15:00,10.0,1014.8,36,195,10.6,0.0,1169.7
54563,2019-10-12 14:15:00,7.0,1011.0,25,265,1.0,1.3,1125.4
54579,2019-10-12 14:15:00,31.6,1012.4,61,3,7.3,1.0,1295.1
54584,2019-10-12 14:15:00,4.4,1017.4,77,80,9.2,0.4,1200.7
54660,2019-10-12 14:15:00,10.2,1023.8,33,202,8.1,1.2,1120.8
54662,2019-10-12 14:15:00,12.8,1025.5,10,306,6.3,0.9,1281.0
50425,2019-10-12 14:15:00,11.9,1015.3,78,118,2.9,1.3,1031.6
50434,2019-10-12 14:15:00,27.6,1009.1,69,231,2.6,0.8,1440.7
50514,2019-10-12 14:15:00,32.8,1011.8,81,122,1.1,0.0,1257.8
50527,2019-10-12 14:15:00,6.6,1017.7,79,203,6.5,0.3,1413.4
50548,2019-10-12 14:15:00,8.3,1024.5,85,13,12.8,0.5,1421.1
50603,2019-10-12 14:15:00,15.7,1003.9,5,290,13.5,0.8,1325.5
50618,2019-10-12 14:15:00,9.5,1021.0,17,242,12.3,1.2,1460.4
50632,2019-10-12 14:15:00,29.6,1016.6,14,218,9.5,1.1,1451.4
50639,2019-10-12 14:15:00,7.3,1017.5,47,228,10.5,1.0,1204.8
50727,2019-10-12 14:15:00,3.2,1001.5,97,53,0.1,0.0,1357.4
50834,2019-10-12 14:15:00,23.6,1008.9,97,268,14.5,0.0,1355.0
50838,2019-10-12 14:15:00,23.5,1021.3,40,343,12.4,0.4,1017.8
50915,2019-10-12 14:15:00,12.7,1017.7,100,102,2.7,0.1,1283.3
50924,2019-10-12 14:15:00,1.4,1007.3,69,80,7.5,0.8,1343.0
52267,2019-10-12 14:15:00,12.5,1002.5,17,64,13.9,1.2,1023.4
52495,2019-10-12 14:15:00,2.3,1011.4,100,313,4.2,0.6,1326.1
52576,2019-10-12 14:15:00,12.2,1015.4,94,31,14.1,0.0,1098.8
53068,2019-10-12 14:15:00,27.0,1019.3,49,23,6.8,0.4,1393.2
53083,2019-10-12 14:15:00,33.6,1004.0,90,182,4.5,1.0,1193.0
53149,2019-10-12 14:15:00,13.5,1015.7,56,41,5.3,0.6,1151.6
53192,2019-10-12 14:15:00,11.0,1019.9,35,185,8.8,0.4,1052.6
53195,2019-10-12 14:15:00,14.2,1004.2,83,149,6.2,1.4,1289.2
53276,2019-10-12 14:15:00,26.2,1022.3,82,86,7.9,1.0,1050.3
53336,2019-10-12 14:15:00,19.4,1005.6,40,203,0.1,0.6,1317.3
53352,2019-10-12 14:15:00,25.2,1011.5,12,172,9.4,0.2,1013.2
53362,2019-10-12 14:15:00,29.3,1020.3,27,253,5.0,1.3,1131.7
53367,2019-10-12 14:15:00,32.6,1017.6,68,93,14.0,0.4,1335.4
53391,2019-10-12 14:15:00,25.2,1016.9,73,57,4.7,1.1,1466.8
53446,2019-10-12 14:15:00,20.2,1008.9,99,5,6.1,0.9,1008.4
53463,2019-10-12 14:15:00,4.4,1009.9,27,299,8.7,1.3,1308.5
53480,2019-10-12 14:15:00,23.4,1008.9,67,101,5.5,1.0,1442.2
53502,2019-10-12 14:15:00,13.8,1018.9,71,136,10.5,1.4,1309.8
53513,2019-10-12 14:15:00,20.2,1006.9,28,215,11.8,0.9,1136.9
53529,2019-10-12 14:15:00,12.2,1025.4,70,236,9.6,1.2,1316.4
53543,2019-10-12 14:15:00,32.4,1000.6,32,171,6.5,0.1,1176.1
53547,2019-10-12 14:15:00,0.3,1008.3,24,68,12.0,0.1,1332.8
53602,2019-10-12 14:15:00,16.5,1009.7,51,32,4.6,1.3,1269.6
54012,2019-10-12 14:15:00,27.3,1002.9,1,177,14.1,1.0,1227.7
54026,2019-10-12 14:15:00,9.6,1007.6,13,150,1.7,0.3,1254.2
54027,2019-10-12 14:15:00,32.3,1002.2,19,74,2.8,0.5,1227.3
54102,2019-10-12 14:15:00,1.7,1009.9,12,297,7.3,0.1,1019.8
54115,2019-10-12 14:15:00,6.6,1024.3,99,87,4.7,0.6,1456.1
54134,2019-10-12 14:15:00,1.4,1019.5,22,245,3.8,0.1,1408.0
54135,2019-10-12 14:15:00,24.8,1003.5,91,31,2.5,0.8,1145.6
54208,2019-10-12 14:15:00,15.0,1000.7,21,275,8.8,1.1,1435.2
54213,2019-10-12 14:15:00,20.1,1011.2,95,303,9.0,0.0,1023.6
54218,2019-10-12 14:15:00,9.8,1015.8,12,176,11.5,1.3,1298.3
54226,2019-10-12 14:15:00,8.8,1007.5,50,291,0.1,1.5,1287.0
53519,2019-10-12 14:15:00,29.7,1001.7,2,213,10.6,0.5,1217.2
53612,2019-10-12 14:15:00,17.9,1012.7,25,108,0.4,1.1,1321.8
53614,2019-10-12 14:15:00,28.3,1016.3,68,291,10.8,0.2,1054.9
53615,2019-10-12 14:15:00,10.7,1023.0,14,40,13.6,0.2,1067.0
53704,2019-10-12 14:15:00,0.3,1018.1,47,237,6.0,0.3,1496.3
53705,2019-10-12 14:15:00,28.6,1015.6,43,330,8.0,0.6,1241.3
53723,2019-10-12 14:15:00,26.4,1002.2,64,50,0.3,1.4,1409.8
53806,2019-10-12 14:15:00,4.5,1018.7,74,177,2.8,1.0,1492.8
53810,2019-10-12 14:15:00,35.0,1003.0,62,135,0.8,0.3,1243.3
53817,2019-10-12 14:15:00,11.0,1009.7,75,144,3.0,0.8,1259.4
53903,2019-10-12 14:15:00,0.5,1015.9,67,186,2.4,1.3,1357.5
53910,2019-10-12 14:15:00,11.4,1008.8,42,220,2.7,1.0,1091.5
51886,2019-10-12 14:15:00,12.2,1006.7,100,353,10.5,0.4,1144.2
52602,2019-10-12 14:15:00,2.6,1003.7,1,144,2.9,0.2,1203.4
52633,2019-10-12 14:15:00,17.7,1007.4,16,281,3.1,0.5,1033.9
52645,2019-10-12 14:15:00,17.6,1012.1,48,254,8.1,0.0,1420.1
52657,2019-10-12 14:15:00,13.3,1018.5,57,28,5.7,0.0,1430.9
52707,2019-10-12 14:15:00,11.5,1023.5,71,320,9.2,1.1,1128.3
52713,2019-10-12 14:15:00,2.3,1021.6,85,74,4.8,1.2,1236.9
52737,2019-10-12 14:15:00,32.5,1023.7,27,186,10.4,1.3,1182.1
52754,2019-10-12 14:15:00,14.6,1015.4,99,106,1.9,1.1,1161.7
52765,2019-10-12 14:15:00,22.4,1022.0,58,185,3.7,0.3,1382.3
52818,2019-10-12 14:15:00,31.9,1001.4,42,295,5.6,0.9,1027.7
52825,2019-10-12 14:15:00,18.5,1008.4,50,85,11.7,0.4,1451.1
52833,2019-10-12 14:15:00,9.8,1008.1,96,188,11.7,0.1,1222.4
52836,2019-10-12 14:15:00,14.3,1008.7,71,249,6.9,0.3,1010.4
52842,2019-10-12 14:15:00,23.7,1022.5,92,259,6.5,0.4,1066.0
52856,2019-10-12 14:15:00,20.3,1005.7,89,37,3.7,0.2,1076.1
52866,2019-10-12 14:15:00,21.8,1003.4,86,269,6.7,0.8,1453.1
52868,2019-10-12 14:15:00,9.6,1000.4,45,95,3.4,1.4,1406.5
52876,2019-10-12 14:15:00,19.0,1011.0,11,292,5.8,1.3,1421.2
52908,2019-10-12 14:15:00,9.9,1000.8,3,86,4.3,1.4,1296.5
52943,2019-10-12 14:15:00,6.0,1020.3,90,60,4.4,0.6,1216.8
52955,2019-10-12 14:15:00,31.6,1023.8,7,221,3.7,1.1,1407.0
52974,2019-10-12 14:15:00,16.7,1006.7,26,347,11.5,1.5,1397.6
56004,2019-10-12 14:15:00,4.4,1000.9,48,168,12.4,0.9,1217.8
56018,2019-10-12 14:15:00,16.2,1003.4,22,231,1.8,1.4,1082.5
56021,2019-10-12 14:15:00,5.9,1007.3,61,76,9.8,1.5,1499.2
56029,2019-10-12 14:15:00,7.5,1021.2,7,79,3.9,1.1,1469.6
56033,2019-10-12 14:15:00,2.3,1003.3,82,49,5.9,0.8,1203.0
56034,2019-10-12 14:15:00,12.1,1005.2,76,283,1.9,0.0,1003.3
56043,2019-10-12 14:15:00,8.6,1004.3,99,271,9.6,1.1,1058.3
56046,2019-10-12 14:15:00,1.7,1020.2,58,262,5.4,0.3,1104.4
56065,2019-10-12 14:15:00,7.9,1005.8,84,22,6.7,0.8,1099.3
56067,2019-10-12 14:15:00,28.2,1002.0,14,302,12.4,0.8,1097.3
56125,2019-10-12 14:15:00,28.7,1019.2,74,292,4.7,1.1,1058.3
56151,2019-10-12 14:15:00,23.7,1010.1,17,270,11.8,0.5,1416.8
54715,2019-10-12 14:15:00,33.1,1025.6,18,348,13.9,0.8,1072.2
54725,2019-10-12 14:15:00,12.0,1007.7,6,257,1.2,0.2,1034.6
54727,2019-10-12 14:15:00,31.6,1025.1,66,152,9.8,1.4,1354.3
54744,2019-10-12 14:15:00,3.7,1018.6,53,101,10.2,0.0,1244.8
54751,2019-10-12 14:15:00,7.7,1001.4,57,325,13.7,0.2,1383.0
54753,2019-10-12 14:15:00,12.9,1001.1,88,295,14.5,1.3,1208.8
54764,2019-10-12 14:15:00,31.0,1012.5,24,346,12.6,0.1,1291.6
54774,2019-10-12 14:15:00,2.1,1017.6,95,354,14.7,0.7,1003.5
54776,2019-10-12 14:15:00,19.7,1012.0,48,283,11.1,0.4,1334.5
54808,2019-10-12 14:15:00,8.9,1014.2,87,307,11.0,0.5,1383.1
54823,2019-10-12 14:15:00,20.8,1023.5,39,345,3.8,0.1,1054.8
54826,2019-10-12 14:15:00,24.3,1004.7,42,283,13.4,1.2,1430.9
54836,2019-10-12 14:15:00,1.2,1016.0,85,245,10.2,0.8,1338.8
54842,2019-10-12 14:15:00,8.8,1015.0,82,4,2.4,0.3,1438.5
54843,2019-10-12 14:15:00,11.3,1004.4,6,22,11.5,0.3,1188.7
54857,2019-10-12 14:15:00,10.6,1000.0,24,241,5.9,0.1,1284.7
54863,2019-10-12 14:15:00,22.6,1022.5,86,309,14.0,1.4,1332.9
54909,2019-10-12 14:15:00,9.9,1016.9,76,50,9.6,1.2,1108.1
54916,2019-10-12 14:15:00,14.1,1021.7,19,254,2.1,0.0,1388.4
54929,2019-10-12 14:15:00,29.9,1021.4,10,63,7.6,0.0,1435.3
54936,2019-10-12 14:15:00,34.0,1008.9,86,321,10.6,0.7,1041.7
54945,2019-10-12 14:15:00,0.7,1010.3,78,233,4.9,0.4,1172.6
58034,2019-10-12 14:15:00,2.2,1012.2,79,145,8.9,0.1,1144.4
53478,2019-10-12 14:15:00,8.9,1022.8,21,209,14.4,0.9,1410.4
53487,2019-10-12 14:15:00,1.4,1006.9,62,109,11.5,1.5,1414.4
53490,2019-10-12 14:15:00,16.2,1003.5,54,160,6.5,1.4,1244.6
53564,2019-10-12 14:15:00,6.9,1018.4,70,19,14.6,1.5,1249.9
53578,2019-10-12 14:15:00,33.4,1000.3,48,7,12.3,0.8,1459.9
53579,2019-10-12 14:15:00,34.9,1006.6,94,219,11.7,1.0,1199.1
53588,2019-10-12 14:15:00,11.6,1021.0,91,177,7.7,1.1,1497.6
53594,2019-10-12 14:15:00,20.5,1018.0,96,256,6.1,0.8,1245.7
53663,2019-10-12 14:15:00,22.6,1002.0,44,126,1.4,0.3,1228.5
53664,2019-10-12 14:15:00,1.5,1001.0,43,247,1.6,1.5,1275.0
53673,2019-10-12 14:15:00,7.7,1003.7,99,119,14.7,0.9,1362.4
53687,2019-10-12 14:15:00,22.2,1023.1,58,29,1.4,0.4,1376.3
53764,2019-10-12 14:15:00,30.7,1000.3,46,327,13.4,0.9,1279.3
53772,2019-10-12 14:15:00,21.8,1000.4,28,269,14.9,0.2,1218.0
53775,2019-10-12 14:15:00,12.9,1008.5,48,51,9.9,1.0,1101.4
53787,2019-10-12 14:15:00,26.8,1009.9,51,74,2.7,0.4,1044.8
53853,2019-10-12 14:15:00,7.5,1004.5,22,311,3.1,1.5,1170.9
53859,2019-10-12 14:15:00,28.0,1017.8,92,237,9.2,0.7,1309.6
53863,2019-10-12 14:15:00,12.2,1019.8,8,278,10.0,0.7,1253.3
53868,2019-10-12 14:15:00,3.5,1025.8,37,229,9.4,1.5,1055.6
53877,2019-10-12 14:15:00,12.1,1005.2,71,305,0.7,0.4,1050.2
53882,2019-10-12 14:15:00,17.4,1017.1,47,337,12.1,0.1,1427.1
53884,2019-10-12 14:15:00,26.8,1018.5,86,138,5.3,0.8,1478.8
53959,2019-10-12 14:15:00,7.1,1004.9,83,106,0.4,0.7,1381.0
53963,2019-10-12 14:15:00,10.2,1016.1,83,24,0.3,0.4,1446.6
53968,2019-10-12 14:15:00,17.3,1013.1,78,85,0.9,0.7,1337.4
53975,2019-10-12 14:15:00,7.4,1019.9,90,117,12.7,0.6,1117.7
57052,2019-10-12 14:15:00,31.9,1009.3,77,318,2.0,1.0,1122.8
53646,2019-10-12 14:15:00,31.0,1001.9,4,107,3.7,0.5,1297.8
53651,2019-10-12 14:15:00,33.1,1022.5,93,125,8.8,0.5,1098.4
53725,2019-10-12 14:15:00,12.3,1022.6,25,332,1.2,0.5,1349.9
53735,2019-10-12 14:15:00,27.7,1005.9,90,192,6.0,0.1,1270.9
53738,2019-10-12 14:15:00,5.1,1025.6,8,118,0.5,1.4,1340.0
53740,2019-10-12 14:15:00,7.0,1012.3,41,165,14.0,0.0,1368.4
53754,2019-10-12 14:15:00,26.5,1014.0,5,190,5.1,1.3,1389.6
53845,2019-10-12 14:15:00,23.3,1017.9,98,195,13.4,0.6,1293.7
53854,2019-10-12 14:15:00,10.2,1017.4,91,288,8.2,0.1,1296.0
53929,2019-10-12 14:15:00,21.1,1002.1,77,54,1.1,1.2,1214.0
53942,2019-10-12 14:15:00,6.1,1006.1,15,154,0.6,1.1,1437.0
53948,2019-10-12 14:15:00,34.4,1006.3,80,226,9.2,0.0,1331.7
53955,2019-10-12 14:15:00,19.1,1002.0,14,104,7.1,0.3,1425.4
57003,2019-10-12 14:15:00,29.1,1006.4,44,284,11.5,0.7,1210.3
57025,2019-10-12 14:15:00,1.7,1009.2,52,112,9.0,1.3,1244.1
57028,2019-10-12 14:15:00,32.6,1019.6,32,319,8.4,1.4,1080.7
57030,2019-10-12 14:15:00,19.0,1026.1,71,19,5.8,1.5,1202.4
57034,2019-10-12 14:15:00,14.2,1016.8,41,296,14.4,1.1,1445.3
57037,2019-10-12 14:15:00,33.9,1002.4,60,41,9.4,1.4,1301.8
57046,2019-10-12 14:15:00,30.5,1011.8,41,145,11.4,1.5,1031.1
57048,2019-10-12 14:15:00,23.6,1022.0,34,352,7.8,0.8,1123.2
57049,2019-10-12 14:15:00,14.0,1002.1,28,39,3.2,1.2,1234.5
57106,2019-10-12 14:15:00,13.7,1025.8,37,98,1.0,0.3,1141.4
57124,2019-10-12 14:15:00,24.6,1023.3,6,182,3.8,0.9,1474.1
57127,2019-10-12 14:15:00,30.5,1014.3,25,343,0.5,0.2,1071.9
57131,2019-10-12 14:15:00,26.5,1020.6,80,324,5.7,0.2,1431.5
57134,2019-10-12 14:15:00,27.6,1016.1,52,108,13.2,0.7,1111.9
57140,2019-10-12 14:15:00,0.8,1008.2,91,200,9.5,0.7,1424.4
57143,2019-10-12 14:15:00,8.0,1006.2,23,277,6.2,0.7,1491.5
57144,2019-10-12 14:15:00,22.9,1007.7,81,15,2.5,0.7,1456.1
57154,2019-10-12 14:15:00,9.5,1007.3,77,336,14.6,1.1,1042.4
57211,2019-10-12 14:15:00,16.8,1004.7,55,14,5.4,0.4,1269.0
57232,2019-10-12 14:15:00,26.7,1023.3,22,86,8.5,1.1,1209.4
57238,2019-10-12 14:15:00,16.0,1009.2,69,289,10.1,0.5,1274.0
57245,2019-10-12 14:15:00,15.3,1005.8,5,51,2.8,0.4,1273.7
57343,2019-10-12 14:15:00,28.3,1014.5,36,325,12.7,0.1,1061.6
58362,2019-10-12 14:15:00,17.8,1022.3,59,292,3.1,1.5,1218.4
56038,2019-10-12 14:15:00,4.0,1026.3,94,128,11.7,1.4,1466.2
56079,2019-10-12 14:15:00,28.8,1015.8,63,7,7.1,0.6,1457.4
56144,2019-10-12 14:15:00,17.3,1024.1,50,357,1.1,1.2,1239.6
56146,2019-10-12 14:15:00,1.2,1017.1,67,199,1.4,0.9,1304.5
56152,2019-10-12 14:15:00,13.6,1022.4,22,266,7.9,0.2,1224.7
56167,2019-10-12 14:15:00,12.8,1001.0,77,18,4.3,0.6,1203.6
56172,2019-10-12 14:15:00,9.2,1025.9,29,49,1.0,0.9,1022.0
56173,2019-10-12 14:15:00,21.0,1008.4,81,121,9.2,1.5,1130.2
56178,2019-10-12 14:15:00,34.4,1021.4,36,165,7.8,0.8,1422.5
56182,2019-10-12 14:15:00,34.4,1018.4,64,317,0.5,0.7,1369.6
56187,2019-10-12 14:15:00,22.5,1007.5,45,65,3.9,1.2,1324.6
56188,2019-10-12 14:15:00,11.3,1013.7,33,62,1.8,0.9,1329.2
56196,2019-10-12 14:15:00,33.8,1000.9,68,88,8.8,0.2,1349.1
56247,2019-10-12 14:15:00,4.6,1002.5,50,316,3.6,0.8,1232.0
56251,2019-10-12 14:15:00,0.8,1022.9,13,142,8.4,0.9,1467.8
56257,2019-10-12 14:15:00,27.0,1018.9,47,284,8.3,0.2,1107.9
56287,2019-10-12 14:15:00,28.7,1018.5,34,263,5.9,0.0,1478.2
56357,2019-10-12 14:15:00,16.3,1017.4,58,156,6.6,1.0,1066.5
56374,2019-10-12 14:15:00,15.3,1025.3,31,16,2.7,1.0,1048.3
56385,2019-10-12 14:15:00,6.0,1013.6,50,346,8.3,0.7,1425.4
56386,2019-10-12 14:15:00,15.7,1011.6,61,20,7.3,0.1,1418.0
56459,2019-10-12 14:15:00,23.8,1001.2,68,212,10.3,0.8,1311.7
56462,2019-10-12 14:15:00,27.2,1015.4,98,135,0.7,1.1,1397.9
56475,2019-10-12 14:15:00,3.2,1012.1,14,137,7.3,1.1,1483.6
56479,2019-10-12 14:15:00,15.3,1020.0,46,254,13.8,0.1,1297.4
56485,2019-10-12 14:15:00,25.4,1017.2,31,67,0.1,0.9,1218.5
56492,2019-10-12 14:15:00,26.9,1000.3,85,325,5.9,0.1,1137.1
56565,2019-10-12 14:15:00,19.1,1003.5,77,25,13.3,0.2,1022.4
56571,2019-10-12 14:15:00,11.7,1006.0,39,196,1.7,0.8,1161.8
56666,2019-10-12 14:15:00,0.9,1019.8,38,270,14.6,1.1,1014.0
56671,2019-10-12 14:15:00,17.4,1025.3,53,334,14.1,0.8,1141.9
57206,2019-10-12 14:15:00,17.5,1014.9,85,42,13.1,0.5,1265.7
57237,2019-10-12 14:15:00,26.3,1011.1,35,65,0.6,1.3,1189.7
57306,2019-10-12 14:15:00,12.6,1019.6,86,223,10.4,0.6,1491.9
57313,2019-10-12 14:15:00,17.9,1001.9,75,210,6.2,0.7,1435.2
57314,2019-10-12 14:15:00,20.5,1013.2,88,29,3.7,1.2,1317.7
57328,2019-10-12 14:15:00,7.3,1006.8,63,237,3.6,0.9,1266.1
57405,2019-10-12 14:15:00,8.5,1025.7,58,319,3.5,0.6,1269.4
57411,2019-10-12 14:15:00,10.1,1008.1,9,164,1.0,0.3,1150.3
57503,2019-10-12 14:15:00,31.3,1010.4,3,329,8.1,0.9,1224.9
57604,2019-10-12 14:15:00,5.9,1019.1,74,241,14.6,0.7,1056.6
57608,2019-10-12 14:15:00,1.5,1008.6,94,298,11.0,0.2,1403.0
54525,2019-10-12 14:15:00,26.2,1004.4,54,67,1.1,0.5,1024.0
54527,2019-10-12 14:15:00,16.0,1023.0,78,176,11.6,1.1,1387.8
54623,2019-10-12 14:15:00,8.8,1004.5,20,30,3.4,1.2,1295.7
55228,2019-10-12 14:15:00,7.0,1023.7,95,167,1.8,0.3,1309.1
55248,2019-10-12 14:15:00,3.0,1016.2,48,236,3.6,1.2,1159.0
55279,2019-10-12 14:15:00,16.8,1020.1,47,23,6.8,0.3,1059.9
55294,2019-10-12 14:15:00,4.7,1004.6,2,225,2.9,0.8,1286.0
55299,2019-10-12 14:15:00,3.9,1012.2,24,325,5.1,1.3,1374.2
55437,2019-10-12 14:15:00,3.6,1004.3,63,280,0.0,0.9,1473.8
55472,2019-10-12 14:15:00,13.1,1008.2,93,128,8.0,0.3,1231.8
55493,2019-10-12 14:15:00,4.3,1005.9,88,295,7.3,0.8,1395.6
55569,2019-10-12 14:15:00,24.6,1009.0,81,157,7.9,0.7,1010.5
55578,2019-10-12 14:15:00,25.6,1011.7,80,140,3.0,0.5,1002.5
55585,2019-10-12 14:15:00,28.7,1021.7,82,112,1.6,0.6,1238.2
55591,2019-10-12 14:15:00,29.5,1023.0,77,319,8.1,0.7,1075.5
55598,2019-10-12 14:15:00,2.2,1023.1,8,68,11.3,0.7,1068.1
55655,2019-10-12 14:15:00,13.9,1019.4,41,323,1.6,0.3,1411.8
55664,2019-10-12 14:15:00,22.4,1002.2,81,241,6.6,1.3,1377.7
55680,2019-10-12 14:15:00,3.6,1014.7,19,223,0.2,0.2,1126.8
55681,2019-10-12 14:15:00,1.3,1007.7,70,312,6.0,1.2,1118.8
55690,2019-10-12 14:15:00,30.8,1003.4,79,148,1.3,0.2,1049.3
55696,2019-10-12 14:15:00,32.4,1010.4,20,321,10.3,0.3,1182.3
55773,2019-10-12 14:15:00,12.3,1005.6,21,87,10.0,0.6,1358.6
56106,2019-10-12 14:15:00,21.5,1009.7,26,21,3.9,0.2,1453.1
56116,2019-10-12 14:15:00,21.4,1018.4,87,145,14.3,0.9,1024.2
56137,2019-10-12 14:15:00,10.6,1010.5,38,349,7.7,1.3,1060.1
56202,2019-10-12 14:15:00,9.6,1010.1,86,282,1.9,0.6,1355.0
56223,2019-10-12 14:15:00,18.1,1017.9,5,207,2.9,0.5,1250.9
56227,2019-10-12 14:15:00,27.9,1001.7,6,152,0.1,1.2,1060.4
56312,2019-10-12 14:15:00,15.7,1007.9,95,344,9.6,1.2,1489.4
56331,2019-10-12 14:15:00,28.7,1006.6,16,256,14.9,0.5,1298.7
56434,2019-10-12 14:15:00,23.9,1000.6,73,33,10.5,1.2,1030.3
51053,2019-10-12 14:15:00,5.7,1016.7,41,67,3.4,1.3,1113.8
51059,2019-10-12 14:15:00,12.3,1009.6,81,35,10.2,0.2,1332.6
51060,2019-10-12 14:15:00,9.1,1016.8,37,304,14.9,0.3,1077.6
51068,2019-10-12 14:15:00,25.4,1003.1,92,212,6.7,0.7,1314.0
51076,2019-10-12 14:15:00,7.5,1020.9,38,103,4.8,0.1,1024.5
51087,2019-10-12 14:15:00,31.3,1020.6,54,49,11.8,0.1,1085.0
51133,2019-10-12 14:15:00,26.5,1017.0,48,21,1.8,1.5,1196.1
51156,2019-10-12 14:15:00,8.2,1013.8,27,91,14.5,0.9,1175.5
51186,2019-10-12 14:15:00,18.0,1010.2,61,1,2.1,0.9,1418.8
51232,2019-10-12 14:15:00,8.1,1019.6,28,203,5.4,0.9,1456.4
51238,2019-10-12 14:15:00,24.4,1014.1,81,175,2.6,1.5,1136.9
51241,2019-10-12 14:15:00,5.8,1019.7,63,347,10.1,0.9,1202.0
51243,2019-10-12 14:15:00,34.5,1001.8,34,82,4.1,0.1,1246.3
51288,2019-10-12 14:15:00,24.6,1003.2,62,326,11.8,0.0,1062.9
51330,2019-10-12 14:15:00,22.9,1020.1,67,157,9.0,0.6,1396.2
51334,2019-10-12 14:15:00,10.5,1023.6,61,235,8.8,0.3,1089.2
51346,2019-10-12 14:15:00,14.4,1000.4,25,217,2.4,0.1,1045.3
51358,2019-10-12 14:15:00,10.2,1013.4,57,232,14.6,0.5,1294.4
51365,2019-10-12 14:15:00,30.1,1010.7,12,61,3.1,0.5,1176.1
51367,2019-10-12 14:15:00,0.7,1000.6,83,101,5.2,1.4,1459.4
51379,2019-10-12 14:15:00,25.7,1012.4,44,60,8.5,1.2,1064.6
51431,2019-10-12 14:15:00,24.8,1014.1,70,197,13.6,0.9,1384.4
51433,2019-10-12 14:15:00,19.3,1010.9,84,261,5.4,0.3,1181.6
51437,2019-10-12 14:15:00,29.9,1018.1,33,70,5.2,0.2,1387.6
51463,2019-10-12 14:15:00,4.2,1014.7,61,237,3.2,1.2,1283.9
51467,2019-10-12 14:15:00,0.0,1015.1,99,219,10.7,0.0,1472.3
51469,2019-10-12 14:15:00,25.8,1004.0,23,218,4.2,1.0,1048.0
51470,2019-10-12 14:15:00,7.9,1004.0,26,135,13.1,1.3,1275.5
51477,2019-10-12 14:15:00,30.7,1008.7,49,32,3.9,0.5,1485.9
51495,2019-10-12 14:15:00,27.5,1018.5,71,121,4.1,1.3,1133.0
51526,2019-10-12 14:15:00,21.7,1024.4,82,332,8.6,0.4,1349.4
51542,2019-10-12 14:15:00,7.1,1017.7,54,186,6.7,1.4,1130.9
51567,2019-10-12 14:15:00,17.1,1001.9,11,314,6.6,1.5,1492.9
51573,2019-10-12 14:15:00,5.7,1004.5,21,259,13.5,1.5,1308.6
51581,2019-10-12 14:15:00,26.0,1013.7,93,196,0.3,1.4,1478.0
51628,2019-10-12 14:15:00,26.3,1009.5,43,270,4.4,1.1,1194.4
51633,2019-10-12 14:15:00,18.3,1009.2,63,91,11.6,0.0,1004.7
51639,2019-10-12 14:15:00,14.6,1000.3,78,40,10.3,0.9,1379.7
51642,2019-10-12 14:15:00,5.0,1004.0,92,38,5.2,0.7,1254.5
51644,2019-10-12 14:15:00,7.9,1004.6,68,197,4.1,1.0,1160.7
51655,2019-10-12 14:15:00,18.8,1010.4,16,218,3.9,0.5,1375.5
51656,2019-10-12 14:15:00,0.0,1010.7,61,82,13.5,0.5,1383.6
51701,2019-10-12 14:15:00,10.2,1020.3,54,33,7.9,1.2,1009.1
51704,2019-10-12 14:15:00,2.1,1025.9,100,209,14.3,1.4,1220.0
51705,2019-10-12 14:15:00,26.0,1012.3,6,224,14.0,0.4,1340.3
51709,2019-10-12 14:15:00,20.6,1002.3,37,296,0.2,1.2,1252.0
51711,2019-10-12 14:15:00,31.5,1003.7,13,262,2.8,0.9,1154.1
51716,2019-10-12 14:15:00,15.2,1010.9,21,290,9.1,0.3,1041.9
51720,2019-10-12 14:15:00,6.0,1012.9,70,50,12.0,0.2,1435.5
51730,2019-10-12 14:15:00,11.9,1007.5,22,341,14.5,1.3,1471.8
51747,2019-10-12 14:15:00,28.8,1016.6,61,126,4.5,0.4,1130.7
51765,2019-10-12 14:15:00,13.0,1001.5,38,82,5.1,1.3,1098.0
51777,2019-10-12 14:15:00,19.0,1009.5,9,158,6.9,0.2,1224.4
51804,2019-10-12 14:15:00,7.0,1013.9,48,171,14.9,0.0,1312.3
51810,2019-10-12 14:15:00,22.9,1001.6,75,13,3.4,0.6,1030.0
51811,2019-10-12 14:15:00,32.6,1007.3,2,167,0.0,1.4,1062.4
51818,2019-10-12 14:15:00,6.1,1014.7,67,224,2.9,0.7,1407.4
51828,2019-10-12 14:15:00,18.9,1026.0,77,152,0.9,0.3,1282.9
51839,2019-10-12 14:15:00,4.9,1007.9,41,197,7.0,0.2,1099.4
51855,2019-10-12 14:15:00,1.5,1003.7,84,197,6.2,0.0,1088.6
51931,2019-10-12 14:15:00,4.5,1004.1,87,295,12.5,0.4,1334.2
52101,2019-10-12 14:15:00,11.8,1003.9,35,64,8.4,1.4,1074.7
52112,2019-10-12 14:15:00,25.1,1010.8,93,147,8.2,0.8,1218.3
52118,2019-10-12 14:15:00,18.2,1025.3,16,330,10.2,1.0,1153.2
52203,2019-10-12 14:15:00,28.7,1012.8,45,287,6.4,1.0,1228.0
52313,2019-10-12 14:15:00,0.3,1013.1,55,13,6.6,1.2,1232.0
56444,2019-10-12 14:15:00,28.9,1010.8,47,288,9.1,0.2,1328.2
56533,2019-10-12 14:15:00,18.2,1005.7,21,227,2.2,1.5,1273.5
56543,2019-10-12 14:15:00,27.4,1011.0,37,11,7.8,0.8,1036.7
56548,2019-10-12 14:15:00,17.9,1009.4,14,54,0.1,0.7,1163.4
56586,2019-10-12 14:15:00,3.8,1021.2,79,201,6.2,0.8,1268.7
56643,2019-10-12 14:15:00,5.8,1017.7,78,310,14.1,0.1,1017.8
56651,2019-10-12 14:15:00,23.4,1019.9,47,272,2.9,0.3,1217.3
56664,2019-10-12 14:15:00,31.1,1014.7,55,92,13.2,0.7,1400.8
56684,2019-10-12 14:15:00,16.7,1021.9,68,34,9.3,0.9,1178.9
56739,2019-10-12 14:15:00,3.1,1012.8,50,323,14.2,0.3,1087.1
56748,2019-10-12 14:15:00,15.5,1022.8,4,20,1.7,1.0,1214.6
56751,2019-10-12 14:15:00,9.7,1004.4,29,56,0.6,1.4,1083.2
56763,2019-10-12 14:15:00,1.3,1017.9,96,45,3.3,0.6,1128.9
56768,2019-10-12 14:15:00,0.7,1008.9,60,236,8.5,0.0,1007.2
56778,2019-10-12 14:15:00,33.5,1011.0,99,31,11.6,1.3,1355.6
56786,2019-10-12 14:15:00,4.0,1000.5,9,30,4.6,0.0,1392.0
56838,2019-10-12 14:15:00,24.9,1011.8,95,235,6.7,0.2,1305.4
56856,2019-10-12 14:15:00,30.8,1006.1,57,322,11.6,1.1,1349.7
56872,2019-10-12 14:15:00,1.9,1008.4,24,30,1.1,0.9,1478.5
56875,2019-10-12 14:15:00,10.6,1016.4,58,21,3.2,0.9,1283.6
56886,2019-10-12 14:15:00,24.3,1011.6,82,175,11.9,1.1,1393.3
56946,2019-10-12 14:15:00,7.3,1019.9,57,352,2.6,0.4,1240.6
56950,2019-10-12 14:15:00,32.3,1018.5,47,207,10.4,0.9,1390.7
56951,2019-10-12 14:15:00,5.3,1002.7,24,115,11.8,0.5,1151.7
56954,2019-10-12 14:15:00,10.9,1013.1,4,153,5.0,1.2,1297.4
56959,2019-10-12 14:15:00,30.8,1016.6,52,130,3.1,0.7,1407.7
56964,2019-10-12 14:15:00,24.1,1000.4,82,265,5.4,1.5,1130.0
56966,2019-10-12 14:15:00,10.2,1007.5,34,227,9.4,0.1,1462.4
56969,2019-10-12 14:15:00,10.0,1007.3,35,137,8.6,0.9,1100.2
56977,2019-10-12 14:15:00,6.4,1023.6,72,148,3.3,0.6,1306.9
56985,2019-10-12 14:15:00,0.5,1000.9,25,37,0.8,0.6,1400.4
56986,2019-10-12 14:15:00,31.8,1008.2,87,294,3.8,0.3,1012.6
56991,2019-10-12 14:15:00,17.8,1009.6,81,179,6.6,0.6,1123.9
59007,2019-10-12 14:15:00,32.7,1023.2,24,139,7.5,0.2,1167.1
58448,2019-10-12 14:15:00,26.5,1002.9,70,36,0.5,1.4,1326.6
58450,2019-10-12 14:15:00,10.9,1001.7,88,119,14.1,1.3,1461.9
58457,2019-10-12 14:15:00,24.3,1015.5,59,296,12.3,1.4,1159.2
58464,2019-10-12 14:15:00,21.4,1026.0,89,215,5.9,0.8,1361.5
58467,2019-10-12 14:15:00,12.8,1019.8,35,77,7.9,1.5,1274.8
58472,2019-10-12 14:15:00,32.1,1024.1,32,59,10.5,1.0,1051.4
58477,2019-10-12 14:15:00,30.4,1021.1,32,178,4.1,1.4,1490.6
58543,2019-10-12 14:15:00,16.2,1024.0,67,158,8.7,1.4,1407.2
58549,2019-10-12 14:15:00,14.6,1000.3,41,273,2.7,1.0,1272.0
58553,2019-10-12 14:15:00,30.1,1016.6,56,191,3.3,0.2,1139.6
58556,2019-10-12 14:15:00,18.0,1000.2,70,347,5.3,0.4,1275.2
58557,2019-10-12 14:15:00,30.2,1022.4,13,84,12.7,0.6,1023.4
58562,2019-10-12 14:15:00,13.6,1013.5,77,31,10.3,0.0,1411.2
58569,2019-10-12 14:15:00,8.6,1016.2,27,289,7.4,0.5,1115.6
58633,2019-10-12 14:15:00,5.1,1011.5,75,139,7.9,0.7,1156.7
58646,2019-10-12 14:15:00,23.2,1016.8,54,352,4.2,0.5,1283.9
58652,2019-10-12 14:15:00,26.6,1004.8,20,286,3.5,0.8,1326.4
58665,2019-10-12 14:15:00,8.5,1007.9,46,73,5.7,0.3,1017.4
58666,2019-10-12 14:15:00,24.3,1000.9,47,274,12.6,0.4,1198.5
58667,2019-10-12 14:15:00,12.8,1006.1,81,351,1.6,0.9,1416.8
58742,2019-10-12 14:15:00,13.7,1001.3,21,332,0.3,1.1,1181.9
58752,2019-10-12 14:15:00,15.0,1008.9,20,280,5.4,0.4,1255.5
58760,2019-10-12 14:15:00,8.2,1006.4,20,46,14.5,0.5,1024.6
57348,2019-10-12 14:15:00,31.5,1020.3,86,101,5.6,1.0,1314.7
57426,2019-10-12 14:15:00,34.6,1014.1,97,204,10.6,0.8,1164.9
57432,2019-10-12 14:15:00,0.2,1017.5,39,161,5.1,0.1,1315.4
57502,2019-10-12 14:15:00,4.5,1024.0,88,298,11.4,1.5,1035.1
57512,2019-10-12 14:15:00,3.6,1002.9,9,36,11.4,1.4,1172.7
57516,2019-10-12 14:15:00,28.1,1015.7,91,114,6.5,0.3,1303.8
57517,2019-10-12 14:15:00,31.7,1023.4,100,355,7.1,1.0,1038.6
57520,2019-10-12 14:15:00,20.4,1006.5,72,258,12.3,1.0,1181.8
57523,2019-10-12 14:15:00,27.6,1021.7,18,121,9.4,0.6,1176.8
57536,2019-10-12 14:15:00,27.1,1023.2,56,281,8.6,1.3,1401.7
57612,2019-10-12 14:15:00,9.1,1021.6,59,37,14.8,1.0,1416.7
57633,2019-10-12 14:15:00,4.2,1002.1,3,282,4.3,1.3,1075.8
