58015,2019-09-17 13:33:00,5.7,1007.2,41,344,12.1,0.2,1187.8
58102,2019-09-17 13:33:00,0.9,1018.6,91,111,0.0,1.0,1351.3
58118,2019-09-17 13:33:00,7.1,1017.5,43,349,10.2,0.0,1328.0
58122,2019-09-17 13:33:00,12.8,1011.2,46,152,12.5,1.3,1124.9
58203,2019-09-17 13:33:00,5.4,1017.1,89,345,2.1,0.4,1116.7
58215,2019-09-17 13:33:00,22.0,1013.6,80,41,7.9,0.6,1077.7
58221,2019-09-17 13:33:00,6.2,1022.6,75,196,11.1,1.2,1486.1
58225,2019-09-17 13:33:00,31.5,1022.3,33,81,14.5,1.4,1463.8
58236,2019-09-17 13:33:00,22.5,1017.4,2,160,3.3,0.1,1121.1
58311,2019-09-17 13:33:00,0.7,1005.6,100,180,1.9,0.6,1425.7
58314,2019-09-17 13:33:00,24.0,1025.3,58,21,3.6,0.3,1357.4
58319,2019-09-17 13:33:00,34.8,1021.7,68,113,4.5,0.0,1410.1
58321,2019-09-17 13:33:00,14.9,1011.2,73,32,11.3,0.1,1421.3
58326,2019-09-17 13:33:00,29.9,1000.1,62,124,13.7,0.4,1123.8
58336,2019-09-17 13:33:00,13.7,1022.1,39,188,3.9,0.4,1303.9
58338,2019-09-17 13:33:00,21.4,1011.1,59,245,13.3,1.4,1052.1
58414,2019-09-17 13:33:00,34.7,1019.3,78,262,11.0,1.3,1240.4
58419,2019-09-17 13:33:00,6.4,1002.0,11,272,9.1,0.8,1410.7
58424,2019-09-17 13:33:00,2.0,1013.1,34,220,7.7,1.2,1088.9
58429,2019-09-17 13:33:00,31.3,1017.7,42,147,10.3,0.3,1389.7
58436,2019-09-17 13:33:00,27.7,1013.4,16,219,5.7,0.8,1454.2
58437,2019-09-17 13:33:00,32.4,1001.5,81,225,2.2,1.5,1285.8
58520,2019-09-17 13:33:00,32.8,1023.7,46,87,10.5,0.3,1412.1
58531,2019-09-17 13:33:00,28.8,1015.0,92,194,7.7,0.4,1294.5
54406,2019-09-17 13:33:00,18.1,1013.0,78,341,11.5,1.2,1188.8
54416,2019-09-17 13:33:00,19.4,1012.3,88,76,13.6,0.3,1397.3
54511,2019-09-17 13:33:00,19.7,1019.7,11,84,8.1,0.3,1213.4
58725,2019-09-17 13:33:00,2.5,1021.8,15,32,4.3,0.9,1479.3
58730,2019-09-17 13:33:00,17.2,1007.1,32,307,12.7,0.4,1251.4
58731,2019-09-17 13:33:00,31.8,1007.3,74,150,14.1,1.2,1460.9
58734,2019-09-17 13:33:00,33.2,1000.7,60,278,14.6,0.5,1168.0
58737,2019-09-17 13:33:00,11.5,1017.4,39,129,1.9,0.4,1170.7
58744,2019-09-17 13:33:00,19.3,1011.7,72,257,5.3,0.2,1460.6
58754,2019-09-17 13:33:00,7.3,1024.0,26,166,6.5,1.4,1176.7
58818,2019-09-17 13:33:00,32.2,1012.8,68,348,9.7,1.5,1307.4
58820,2019-09-17 13:33:00,4.9,1018.5,42,297,2.9,0.3,1269.2
58834,2019-09-17 13:33:00,29.6,1020.0,92,66,14.7,0.6,1174.9
58837,2019-09-17 13:33:00,23.1,1018.8,53,313,13.1,0.5,1357.4
58843,2019-09-17 13:33:00,12.1,1012.9,14,155,14.4,0.4,1129.9
58846,2019-09-17 13:33:00,15.5,1015.4,71,311,6.0,0.7,1450.2
58847,2019-09-17 13:33:00,2.0,1009.9,68,242,8.0,0.6,1296.6
58911,2019-09-17 13:33:00,15.8,1002.7,17,0,4.5,0.0,1314.3
58918,2019-09-17 13:33:00,9.8,1025.9,79,283,8.0,1.5,1455.1
58921,2019-09-17 13:33:00,33.3,1023.1,75,0,3.1,0.9,1273.5
58926,2019-09-17 13:33:00,23.5,1025.0,33,172,10.5,1.1,1228.1
58927,2019-09-17 13:33:00,13.5,1001.1,36,156,3.8,1.1,1095.8
58931,2019-09-17 13:33:00,30.1,1019.1,12,192,12.0,0.1,1482.0
58933,2019-09-17 13:33:00,28.8,1019.2,19,88,0.3,0.0,1161.3
58936,2019-09-17 13:33:00,20.9,1025.9,13,289,10.0,0.0,1196.8
58944,2019-09-17 13:33:00,5.0,1009.2,90,66,11.0,0.0,1302.7
59113,2019-09-17 13:33:00,10.2,1014.5,60,7,10.1,1.0,1057.7
59126,2019-09-17 13:33:00,3.1,1007.8,88,137,4.5,1.3,1200.2
59133,2019-09-17 13:33:00,23.2,1008.4,58,225,13.9,0.9,1498.8
59134,2019-09-17 13:33:00,17.1,1013.7,30,30,1.4,0.6,1421.8
59321,2019-09-17 13:33:00,19.1,1005.6,11,228,2.8,0.2,1484.0
52323,2019-09-17 13:33:00,25.9,1010.7,67,306,10.6,1.3,1009.5
52418,2019-09-17 13:33:00,26.3,1021.5,41,162,1.0,0.5,1119.6
52424,2019-09-17 13:33:00,4.8,1023.9,8,192,3.8,0.0,1132.4
52436,2019-09-17 13:33:00,26.0,1017.5,91,350,10.8,1.2,1454.1
52446,2019-09-17 13:33:00,33.8,1013.7,26,289,6.7,0.7,1348.1
52447,2019-09-17 13:33:00,28.2,1023.2,11,158,0.9,0.2,1112.3
52533,2019-09-17 13:33:00,4.3,1007.9,26,62,7.0,0.4,1354.9
52546,2019-09-17 13:33:00,20.3,1004.7,61,4,8.4,1.0,1235.3
52652,2019-09-17 13:33:00,20.7,1007.5,57,149,12.7,0.9,1290.1
52661,2019-09-17 13:33:00,23.7,1011.9,26,51,7.1,0.7,1251.5
52674,2019-09-17 13:33:00,8.1,1007.2,36,212,3.9,0.8,1195.8
52679,2019-09-17 13:33:00,34.4,1003.1,42,142,7.0,0.6,1174.0
52681,2019-09-17 13:33:00,13.9,1009.6,37,256,11.1,0.0,1321.2
52787,2019-09-17 13:33:00,18.3,1007.7,29,357,10.2,1.4,1272.9
52797,2019-09-17 13:33:00,5.1,1005.1,64,148,13.1,1.4,1241.3
52884,2019-09-17 13:33:00,14.7,1000.0,89,255,10.8,1.3,1370.2
52895,2019-09-17 13:33:00,5.5,1004.5,49,212,4.2,1.3,1260.2
52983,2019-09-17 13:33:00,34.6,1022.6,59,16,1.1,0.7,1036.3
52984,2019-09-17 13:33:00,15.5,1009.0,48,8,3.8,0.2,1228.4
52986,2019-09-17 13:33:00,6.8,1011.5,11,233,7.2,1.0,1135.9
52996,2019-09-17 13:33:00,20.7,1003.4,92,298,1.5,1.5,1446.2
53821,2019-09-17 13:33:00,23.5,1025.3,23,194,11.2,0.5,1314.3
53915,2019-09-17 13:33:00,31.8,1007.9,50,138,1.9,0.0,1495.3
53923,2019-09-17 13:33:00,16.9,1006.5,28,301,12.2,1.3,1439.2
56074,2019-09-17 13:33:00,2.3,1025.2,56,336,11.9,1.4,1270.4
56080,2019-09-17 13:33:00,17.7,1017.8,29,25,1.8,0.2,1238.9
56093,2019-09-17 13:33:00,27.8,1017.7,75,245,11.1,1.5,1179.6
56096,2019-09-17 13:33:00,32.0,1005.0,75,112,3.5,0.1,1080.9
57014,2019-09-17 13:33:00,12.4,1009.9,100,163,12.8,0.3,1219.7
57996,2019-09-17 13:33:00,13.3,1009.3,66,103,14.3,0.5,1378.0
59072,2019-09-17 13:33:00,17.2,1022.6,93,126,8.5,0.2,1487.3
59082,2019-09-17 13:33:00,30.5,1011.4,100,191,1.9,0.5,1086.1
59087,2019-09-17 13:33:00,0.2,1001.0,49,54,1.6,0.0,1130.2
59088,2019-09-17 13:33:00,13.3,1000.5,50,114,1.0,0.3,1335.0
59096,2019-09-17 13:33:00,33.1,1010.5,11,150,10.6,0.6,1095.1
59097,2019-09-17 13:33:00,22.9,1010.0,73,291,11.4,1.2,1181.2
59107,2019-09-17 13:33:00,28.8,1017.7,51,263,7.4,1.4,1496.2
59116,2019-09-17 13:33:00,1.6,1020.6,80,339,5.3,0.5,1498.0
59117,2019-09-17 13:33:00,27.7,1023.6,15,210,5.6,0.8,1319.2
59271,2019-09-17 13:33:00,33.5,1021.6,9,249,4.7,0.5,1363.1
59278,2019-09-17 13:33:00,23.7,1012.5,27,181,5.2,0.0,1309.9
59280,2019-09-17 13:33:00,29.6,1003.0,55,321,7.3,0.9,1195.6
59287,2019-09-17 13:33:00,13.6,1003.9,46,213,6.0,0.0,1091.8
59289,2019-09-17 13:33:00,7.5,1024.9,4,32,6.3,1.1,1103.8
59293,2019-09-17 13:33:00,19.2,1017.4,46,15,0.1,1.1,1220.7
59294,2019-09-17 13:33:00,0.7,1013.5,74,15,2.5,1.1,1233.7
59298,2019-09-17 13:33:00,11.4,1002.5,18,239,3.1,1.4,1408.5
59303,2019-09-17 13:33:00,2.3,1006.9,36,321,11.1,0.2,1395.4
59304,2019-09-17 13:33:00,31.2,1025.4,39,36,10.0,1.5,1011.5
59306,2019-09-17 13:33:00,5.1,1024.1,93,148,5.6,0.2,1280.6
59310,2019-09-17 13:33:00,0.1,1017.2,52,314,11.2,0.8,1283.0
59316,2019-09-17 13:33:00,26.1,1024.0,39,48,10.9,0.9,1065.2
59317,2019-09-17 13:33:00,14.6,1020.1,47,26,12.0,1.2,1066.0
59324,2019-09-17 13:33:00,20.2,1010.4,51,224,7.7,1.0,1045.3
59456,2019-09-17 13:33:00,17.0,1012.7,28,117,1.2,1.1,1349.5
59462,2019-09-17 13:33:00,18.7,1014.4,18,50,13.4,0.7,1382.2
59478,2019-09-17 13:33:00,25.7,1001.5,12,140,14.8,1.3,1144.0
59485,2019-09-17 13:33:00,13.3,1019.0,54,271,6.6,1.5,1107.8
59488,2019-09-17 13:33:00,26.4,1018.0,53,270,6.4,0.3,1180.0
59493,2019-09-17 13:33:00,34.6,1005.5,4,253,11.2,0.4,1070.6
59501,2019-09-17 13:33:00,30.4,1019.4,39,316,10.9,0.5,1013.9
59658,2019-09-17 13:33:00,32.7,1002.6,37,278,10.8,1.3,1281.2
59663,2019-09-17 13:33:00,33.7,1009.4,90,131,0.1,0.9,1002.6
59664,2019-09-17 13:33:00,3.2,1010.2,1,134,3.3,1.5,1241.0
59673,2019-09-17 13:33:00,14.3,1022.0,75,105,10.4,1.2,1212.6
59754,2019-09-17 13:33:00,29.6,1020.9,12,306,2.7,1.5,1060.2
57947,2019-09-17 13:33:00,5.7,1013.3,79,250,8.7,0.3,1408.3
57957,2019-09-17 13:33:00,22.6,1015.0,35,86,13.2,0.3,1408.4
57958,2019-09-17 13:33:00,23.8,1008.5,52,264,6.6,0.1,1271.6
59021,2019-09-17 13:33:00,14.3,1016.0,5,158,0.6,1.5,1341.3
59023,2019-09-17 13:33:00,6.6,1015.4,22,78,0.4,1.5,1017.7
59027,2019-09-17 13:33:00,4.2,1002.3,15,284,12.8,0.5,1338.5
59037,2019-09-17 13:33:00,18.6,1022.1,43,290,2.6,0.5,1015.5
59046,2019-09-17 13:33:00,21.8,1025.1,57,45,11.3,0.4,1272.6
59058,2019-09-17 13:33:00,29.0,1002.9,21,354,14.3,0.5,1193.2
59065,2019-09-17 13:33:00,19.3,1008.7,6,224,1.2,0.0,1399.7
59209,2019-09-17 13:33:00,9.0,1016.9,72,114,10.5,0.5,1150.5
59211,2019-09-17 13:33:00,4.4,1016.9,32,216,3.2,0.3,1308.4
59218,2019-09-17 13:33:00,5.2,1013.4,97,196,13.3,0.4,1008.8
59228,2019-09-17 13:33:00,21.5,1025.4,95,289,5.3,0.0,1030.0
59242,2019-09-17 13:33:00,16.8,1001.0,2,159,9.1,0.4,1264.7
59254,2019-09-17 13:33:00,22.9,1000.8,51,289,9.9,0.5,1496.9
59265,2019-09-17 13:33:00,6.8,1018.8,99,118,2.7,1.5,1452.9
59417,2019-09-17 13:33:00,7.0,1009.3,17,249,2.5,0.6,1048.5
59431,2019-09-17 13:33:00,16.9,1010.2,44,158,3.4,0.9,1198.6
59446,2019-09-17 13:33:00,34.7,1012.9,24,133,5.7,1.4,1442.5
59453,2019-09-17 13:33:00,23.1,1005.2,61,99,13.0,0.7,1023.8
59626,2019-09-17 13:33:00,6.4,1018.1,12,250,7.1,1.1,1170.0
59631,2019-09-17 13:33:00,7.0,1009.7,83,249,5.4,0.1,1240.6
59632,2019-09-17 13:33:00,14.3,1014.7,89,274,9.2,1.2,1482.2
59644,2019-09-17 13:33:00,26.4,1008.3,96,28,9.5,0.7,1112.9
59647,2019-09-17 13:33:00,17.6,1020.6,18,247,7.4,1.2,1146.9
56691,2019-09-17 13:33:00,33.6,1018.0,22,316,10.2,1.1,1309.8
56693,2019-09-17 13:33:00,7.5,1016.5,57,297,10.5,0.9,1194.1
56792,2019-09-17 13:33:00,20.6,1002.1,5,270,10.1,0.3,1458.5
56793,2019-09-17 13:33:00,25.4,1006.6,59,286,12.5,1.1,1475.2
57606,2019-09-17 13:33:00,8.5,1024.2,24,59,6.7,0.4,1156.7
57614,2019-09-17 13:33:00,5.5,1016.2,74,228,8.0,1.0,1445.8
57625,2019-09-17 13:33:00,10.7,1020.1,90,194,14.2,1.3,1239.6
57647,2019-09-17 13:33:00,18.3,1004.4,96,3,10.1,0.5,1098.9
57707,2019-09-17 13:33:00,22.0,1002.7,85,177,3.9,0.7,1358.8
57710,2019-09-17 13:33:00,0.8,1005.9,26,216,5.1,0.2,1355.8
57712,2019-09-17 13:33:00,5.7,1007.7,83,218,6.5,0.3,1129.4
57718,2019-09-17 13:33:00,13.8,1021.2,38,22,6.1,0.8,1467.6
57722,2019-09-17 13:33:00,15.7,1023.9,69,80,2.1,0.4,1309.1
57729,2019-09-17 13:33:00,34.2,1019.8,48,107,11.7,1.2,1164.2
57731,2019-09-17 13:33:00,9.5,1019.9,53,314,5.7,0.2,1054.3
57741,2019-09-17 13:33:00,20.4,1002.6,78,82,2.5,1.4,1436.5
57803,2019-09-17 13:33:00,20.9,1000.0,35,293,9.1,1.4,1496.3
57805,2019-09-17 13:33:00,4.0,1005.8,16,293,12.2,0.6,1153.8
57806,2019-09-17 13:33:00,6.5,1019.8,41,32,11.3,0.5,1378.8
57816,2019-09-17 13:33:00,1.2,1016.4,45,126,13.7,0.9,1226.1
57825,2019-09-17 13:33:00,22.8,1005.5,18,301,9.2,1.1,1047.7
57827,2019-09-17 13:33:00,19.3,1013.8,100,258,1.6,1.5,1002.7
57832,2019-09-17 13:33:00,31.9,1007.1,17,32,7.0,0.4,1004.9
57839,2019-09-17 13:33:00,18.0,1013.3,64,165,8.3,0.3,1320.4
57840,2019-09-17 13:33:00,25.3,1005.1,33,75,2.3,1.3,1126.7
57902,2019-09-17 13:33:00,30.5,1001.1,43,253,1.4,0.9,1070.2
57906,2019-09-17 13:33:00,26.0,1025.3,28,145,9.0,0.7,1094.5
57907,2019-09-17 13:33:00,7.6,1022.9,55,335,10.7,1.3,1292.7
57910,2019-09-17 13:33:00,17.8,1015.2,4,133,6.0,0.3,1364.4
57912,2019-09-17 13:33:00,25.1,1010.3,37,302,4.5,1.0,1129.8
57916,2019-09-17 13:33:00,14.1,1010.8,13,66,3.2,0.3,1498.2
57922,2019-09-17 13:33:00,9.6,1006.0,30,296,8.9,1.5,1327.7
57926,2019-09-17 13:33:00,8.6,1006.3,84,11,3.0,0.2,1434.1
57932,2019-09-17 13:33:00,25.9,1019.4,57,15,6.2,0.8,1417.9
59758,2019-09-17 13:33:00,16.1,1012.9,38,211,14.7,0.5,1118.9
59838,2019-09-17 13:33:00,3.5,1001.6,90,75,2.8,0.7,1095.3
59845,2019-09-17 13:33:00,20.2,1014.4,75,207,0.9,1.3,1206.9
59849,2019-09-17 13:33:00,0.4,1025.9,15,173,11.8,0.2,1102.6
59855,2019-09-17 13:33:00,29.7,1000.4,91,340,3.8,0.3,1428.3
59948,2019-09-17 13:33:00,18.4,1001.6,81,19,12.4,0.6,1468.5
59954,2019-09-17 13:33:00,13.7,1009.1,19,321,9.7,0.5,1363.4
59981,2019-09-17 13:33:00,33.2,1026.0,52,280,14.6,0.5,1276.4
53399,2019-09-17 13:33:00,28.5,1008.3,95,77,5.4,0.4,1125.2
53593,2019-09-17 13:33:00,8.5,1013.3,53,233,4.9,0.4,1116.7
53698,2019-09-17 13:33:00,26.4,1005.4,80,257,9.5,1.4,1084.6
53798,2019-09-17 13:33:00,26.5,1012.6,91,82,14.3,0.5,1290.9
54308,2019-09-17 13:33:00,16.1,1003.9,89,336,9.9,0.3,1194.4
54311,2019-09-17 13:33:00,34.9,1006.6,95,252,13.9,1.4,1355.7
54401,2019-09-17 13:33:00,23.6,1011.1,91,203,8.7,1.3,1170.0
54405,2019-09-17 13:33:00,21.6,1005.9,43,128,11.2,0.9,1024.4
54423,2019-09-17 13:33:00,21.1,1008.8,85,28,8.9,1.3,1072.4
54429,2019-09-17 13:33:00,17.6,1000.3,11,146,7.9,0.8,1089.6
54436,2019-09-17 13:33:00,30.9,1022.5,37,39,13.8,0.6,1309.7
54449,2019-09-17 13:33:00,7.5,1019.7,20,228,1.9,1.4,1415.8
54518,2019-09-17 13:33:00,0.8,1011.9,71,289,12.7,1.1,1037.1
54534,2019-09-17 13:33:00,4.1,1022.7,43,307,14.2,1.2,1172.3
54535,2019-09-17 13:33:00,6.0,1021.0,5,342,1.7,0.0,1103.7
54539,2019-09-17 13:33:00,5.3,1013.3,82,21,6.7,0.0,1456.4
54602,2019-09-17 13:33:00,20.6,1016.9,83,150,11.3,0.4,1320.9
54606,2019-09-17 13:33:00,5.6,1007.6,50,322,4.5,1.5,1073.5
54618,2019-09-17 13:33:00,25.3,1024.9,28,71,5.9,0.7,1138.0
54624,2019-09-17 13:33:00,16.7,1018.8,12,112,4.1,1.2,1458.9
54705,2019-09-17 13:33:00,28.6,1022.8,60,7,0.9,1.3,1283.1
53898,2019-09-17 13:33:00,27.7,1008.0,81,108,0.7,0.1,1443.9
53986,2019-09-17 13:33:00,5.0,1019.4,56,232,2.3,1.4,1283.6
57051,2019-09-17 13:33:00,11.1,1011.9,13,62,14.2,0.0,1055.6
57067,2019-09-17 13:33:00,22.0,1014.6,65,336,11.1,1.1,1252.2
57071,2019-09-17 13:33:00,4.3,1012.9,65,318,1.1,0.0,1429.1
57077,2019-09-17 13:33:00,7.3,1020.3,53,115,5.2,0.3,1132.3
57083,2019-09-17 13:33:00,4.4,1004.4,75,353,11.3,1.4,1050.9
57084,2019-09-17 13:33:00,28.4,1019.7,74,205,3.1,0.9,1079.9
57089,2019-09-17 13:33:00,34.9,1022.7,89,345,12.8,0.0,1076.2
57091,2019-09-17 13:33:00,19.7,1022.1,82,232,12.9,0.9,1113.0
57156,2019-09-17 13:33:00,34.7,1015.8,7,211,3.9,0.0,1454.8
57178,2019-09-17 13:33:00,30.3,1001.1,52,2,13.3,0.1,1104.0
57181,2019-09-17 13:33:00,20.7,1001.6,2,141,12.9,0.2,1375.1
57193,2019-09-17 13:33:00,18.9,1024.6,95,321,14.9,0.7,1197.3
57285,2019-09-17 13:33:00,33.5,1021.8,2,332,5.6,0.4,1357.9
57290,2019-09-17 13:33:00,5.1,1013.9,1,291,11.5,0.7,1424.6
57297,2019-09-17 13:33:00,4.6,1004.8,27,217,4.7,1.1,1223.1
58005,2019-09-17 13:33:00,10.8,1002.1,10,117,12.0,0.3,1246.7
58111,2019-09-17 13:33:00,34.7,1026.0,54,330,9.3,0.6,1176.9
58208,2019-09-17 13:33:00,9.9,1021.3,38,78,1.3,0.1,1059.9
50136,2019-09-17 13:33:00,32.4,1012.1,69,91,7.1,1.4,1489.4
50246,2019-09-17 13:33:00,8.0,1010.0,32,278,14.9,0.0,1207.6
50247,2019-09-17 13:33:00,9.2,1005.5,28,50,7.6,0.4,1218.6
50349,2019-09-17 13:33:00,19.9,1021.3,3,243,0.9,0.0,1000.6
50353,2019-09-17 13:33:00,8.8,1001.6,24,142,2.4,1.1,1305.8
50442,2019-09-17 13:33:00,16.0,1012.4,88,168,1.7,1.0,1160.0
50468,2019-09-17 13:33:00,0.7,1024.3,56,97,1.0,1.4,1217.2
50557,2019-09-17 13:33:00,29.0,1016.6,69,38,10.6,1.0,1368.3
50564,2019-09-17 13:33:00,19.6,1009.1,55,77,5.0,0.6,1172.6
50656,2019-09-17 13:33:00,24.3,1014.8,79,34,11.5,1.3,1313.5
50658,2019-09-17 13:33:00,26.2,1015.9,15,80,5.2,0.5,1168.7
50674,2019-09-17 13:33:00,20.7,1008.5,17,261,7.1,0.4,1081.3
50739,2019-09-17 13:33:00,15.6,1003.1,93,83,2.7,1.5,1412.7
50742,2019-09-17 13:33:00,22.1,1004.9,25,204,0.4,1.0,1407.9
50745,2019-09-17 13:33:00,1.8,1014.9,78,55,0.9,1.1,1012.4
50756,2019-09-17 13:33:00,19.1,1022.9,97,18,12.1,0.5,1128.9
50758,2019-09-17 13:33:00,4.9,1019.3,44,114,1.4,0.0,1077.9
50774,2019-09-17 13:33:00,16.0,1021.7,2,343,11.8,1.0,1261.8
50778,2019-09-17 13:33:00,19.5,1004.0,11,196,10.2,0.3,1349.5
50788,2019-09-17 13:33:00,25.3,1018.3,12,156,9.9,0.3,1033.5
50844,2019-09-17 13:33:00,29.7,1003.1,40,67,8.0,0.2,1465.7
50853,2019-09-17 13:33:00,27.4,1008.5,11,308,5.9,0.8,1407.0
50854,2019-09-17 13:33:00,32.4,1016.5,44,232,12.0,0.9,1193.5
50862,2019-09-17 13:33:00,4.9,1008.0,4,77,3.0,1.0,1351.1
50873,2019-09-17 13:33:00,10.8,1014.1,74,214,0.2,0.8,1038.7
50877,2019-09-17 13:33:00,9.2,1018.1,64,131,1.9,0.2,1060.2
50888,2019-09-17 13:33:00,17.4,1003.5,36,76,3.0,1.1,1350.7
50950,2019-09-17 13:33:00,26.5,1005.4,61,117,12.9,0.7,1317.4
50953,2019-09-17 13:33:00,8.8,1017.5,33,33,0.8,0.5,1016.9
50955,2019-09-17 13:33:00,13.1,1018.6,70,287,2.0,0.1,1236.8
50963,2019-09-17 13:33:00,26.4,1019.6,50,267,10.1,0.5,1455.0
50968,2019-09-17 13:33:00,19.8,1016.6,88,355,10.0,1.1,1320.9
50973,2019-09-17 13:33:00,23.4,1015.6,32,43,9.3,1.5,1365.8
50978,2019-09-17 13:33:00,27.3,1015.6,85,35,14.4,0.5,1048.2
50983,2019-09-17 13:33:00,33.2,1002.0,93,263,0.3,1.4,1248.2
54094,2019-09-17 13:33:00,14.3,1006.1,51,287,4.7,0.6,1145.7
54096,2019-09-17 13:33:00,29.8,1024.0,40,181,14.8,1.4,1388.6
57251,2019-09-17 13:33:00,20.0,1024.1,66,86,0.9,0.1,1204.6
57256,2019-09-17 13:33:00,13.2,1000.7,29,168,9.7,0.1,1024.0
57259,2019-09-17 13:33:00,6.9,1011.2,47,77,0.0,1.3,1231.0
57265,2019-09-17 13:33:00,14.3,1011.2,25,36,2.4,0.3,1166.8
57278,2019-09-17 13:33:00,32.7,1005.1,8,210,2.4,0.8,1081.0
57279,2019-09-17 13:33:00,21.3,1005.4,84,336,3.1,1.5,1359.2
57355,2019-09-17 13:33:00,18.0,1019.6,81,213,10.5,1.0,1142.3
57358,2019-09-17 13:33:00,10.8,1007.2,93,294,1.4,0.8,1376.4
57359,2019-09-17 13:33:00,25.6,1007.1,86,16,1.7,0.8,1075.1
57363,2019-09-17 13:33:00,31.5,1022.6,56,96,14.2,0.6,1410.0
57378,2019-09-17 13:33:00,4.7,1024.9,22,226,14.0,0.9,1138.5
57381,2019-09-17 13:33:00,19.0,1009.2,87,215,10.9,0.2,1373.2
57395,2019-09-17 13:33:00,21.5,1012.6,66,237,12.8,1.4,1182.0
57399,2019-09-17 13:33:00,34.1,1019.9,24,81,11.0,0.3,1478.9
57439,2019-09-17 13:33:00,0.1,1014.1,35,28,7.5,1.2,1198.0
57445,2019-09-17 13:33:00,12.7,1014.6,31,236,9.5,0.8,1286.6
57447,2019-09-17 13:33:00,9.1,1025.7,34,43,9.5,0.2,1163.0
57458,2019-09-17 13:33:00,13.0,1010.5,38,263,4.4,0.4,1107.1
57461,2019-09-17 13:33:00,26.9,1008.1,86,70,11.3,1.2,1152.1
57476,2019-09-17 13:33:00,33.6,1025.7,78,238,4.5,0.7,1265.6
57482,2019-09-17 13:33:00,27.6,1019.0,99,68,12.4,0.7,1235.8
57483,2019-09-17 13:33:00,15.7,1007.4,32,323,3.4,0.4,1159.2
57493,2019-09-17 13:33:00,17.2,1014.5,35,286,7.4,1.2,1039.3
57494,2019-09-17 13:33:00,24.2,1009.6,39,209,7.8,0.7,1321.5
57545,2019-09-17 13:33:00,32.4,1026.4,19,76,0.2,0.0,1089.1
57573,2019-09-17 13:33:00,12.3,1006.2,96,136,13.6,1.4,1383.6
57581,2019-09-17 13:33:00,30.5,1011.3,11,61,8.1,0.9,1238.7
57583,2019-09-17 13:33:00,13.8,1024.1,36,236,6.9,1.4,1477.8
57595,2019-09-17 13:33:00,9.0,1006.3,70,322,6.8,0.0,1127.2
58402,2019-09-17 13:33:00,23.9,1025.1,56,218,10.8,0.7,1424.4
58407,2019-09-17 13:33:00,15.1,1007.6,40,167,8.0,0.5,1151.8
58500,2019-09-17 13:33:00,6.6,1016.5,9,150,12.3,0.7,1421.5
57554,2019-09-17 13:33:00,1.2,1015.1,96,309,1.5,1.3,1226.2
57562,2019-09-17 13:33:00,9.6,1015.5,56,137,6.1,0.6,1005.0
57574,2019-09-17 13:33:00,0.3,1003.3,55,8,9.5,0.5,1471.7
57584,2019-09-17 13:33:00,17.0,1016.7,57,110,9.7,1.2,1253.8
57642,2019-09-17 13:33:00,20.3,1021.8,31,53,8.5,1.3,1253.6
57649,2019-09-17 13:33:00,29.0,1005.1,20,339,10.1,1.0,1178.4
57655,2019-09-17 13:33:00,31.7,1010.6,4,347,5.0,1.4,1052.9
57662,2019-09-17 13:33:00,3.8,1023.8,44,244,0.2,1.5,1226.6
57669,2019-09-17 13:33:00,1.9,1000.9,79,13,13.2,1.2,1292.5
57671,2019-09-17 13:33:00,0.2,1002.9,94,83,8.6,0.0,1450.2
57673,2019-09-17 13:33:00,1.4,1017.0,59,304,2.9,0.2,1468.4
57679,2019-09-17 13:33:00,26.0,1019.6,52,298,12.9,1.0,1119.4
57682,2019-09-17 13:33:00,11.7,1017.7,21,314,6.8,0.6,1202.5
57687,2019-09-17 13:33:00,2.6,1007.2,46,162,5.1,1.5,1365.6
57745,2019-09-17 13:33:00,4.2,1021.0,9,219,4.8,0.6,1206.8
57749,2019-09-17 13:33:00,4.4,1025.9,28,358,6.0,1.4,1118.5
57752,2019-09-17 13:33:00,8.3,1017.9,43,126,7.3,1.4,1464.6
57758,2019-09-17 13:33:00,0.0,1001.4,20,303,2.6,0.8,1368.5
57761,2019-09-17 13:33:00,27.3,1005.7,64,289,11.3,1.1,1163.0
57766,2019-09-17 13:33:00,28.1,1025.1,84,350,2.8,1.4,1370.6
57774,2019-09-17 13:33:00,16.3,1000.0,89,262,1.6,1.0,1411.4
57776,2019-09-17 13:33:00,15.8,1013.6,21,282,11.2,1.1,1257.6
57779,2019-09-17 13:33:00,0.6,1006.8,96,259,1.5,1.0,1270.8
57780,2019-09-17 13:33:00,15.3,1019.3,89,243,12.7,0.8,1391.4
57841,2019-09-17 13:33:00,25.1,1000.9,34,115,12.7,0.9,1133.8
57845,2019-09-17 13:33:00,2.6,1003.0,39,165,0.3,0.3,1461.5
57853,2019-09-17 13:33:00,26.8,1009.5,98,65,6.0,1.3,1193.6
57857,2019-09-17 13:33:00,20.5,1001.3,14,248,8.9,0.2,1373.2
57860,2019-09-17 13:33:00,11.1,1011.1,86,333,1.2,1.1,1191.2
57866,2019-09-17 13:33:00,15.7,1009.9,99,155,5.0,0.9,1047.3
57872,2019-09-17 13:33:00,29.3,1008.3,92,11,5.0,0.9,1301.6
57874,2019-09-17 13:33:00,19.0,1021.4,2,179,8.9,0.3,1153.1
57889,2019-09-17 13:33:00,9.4,1020.1,100,214,4.9,1.3,1483.7
57965,2019-09-17 13:33:00,0.1,1025.3,89,283,10.2,0.6,1226.8
57972,2019-09-17 13:33:00,33.3,1017.5,11,40,12.5,0.5,1420.6
57974,2019-09-17 13:33:00,12.0,1019.7,60,211,2.6,0.9,1163.0
50936,2019-09-17 13:33:00,31.4,1019.5,82,84,0.3,0.9,1412.2
50945,2019-09-17 13:33:00,23.0,1022.0,59,247,12.8,1.0,1216.2
50948,2019-09-17 13:33:00,20.3,1018.5,61,247,6.2,0.6,1185.9
50949,2019-09-17 13:33:00,21.0,1014.9,79,130,6.8,0.1,1452.0
54041,2019-09-17 13:33:00,2.9,1020.0,96,233,13.2,1.2,1141.8
54049,2019-09-17 13:33:00,6.6,1014.9,49,231,3.1,0.7,1012.2
54063,2019-09-17 13:33:00,21.9,1024.7,82,52,9.4,1.0,1499.4
54064,2019-09-17 13:33:00,26.9,1004.6,79,351,4.2,0.4,1363.7
54142,2019-09-17 13:33:00,31.2,1004.5,35,78,14.6,0.9,1482.0
54157,2019-09-17 13:33:00,6.9,1022.2,81,278,11.7,1.3,1072.8
54161,2019-09-17 13:33:00,22.7,1003.5,69,240,14.9,0.6,1494.6
54165,2019-09-17 13:33:00,18.8,1001.1,36,115,6.2,0.1,1276.7
54171,2019-09-17 13:33:00,4.5,1004.1,80,148,11.8,0.1,1136.3
54181,2019-09-17 13:33:00,7.3,1005.7,98,17,4.9,0.5,1214.3
54186,2019-09-17 13:33:00,25.1,1014.8,25,209,5.0,0.1,1084.6
54195,2019-09-17 13:33:00,9.5,1021.9,38,76,4.5,1.2,1237.9
54260,2019-09-17 13:33:00,15.0,1010.9,62,204,11.0,0.4,1406.7
54263,2019-09-17 13:33:00,11.4,1012.5,11,215,14.9,0.3,1019.7
54266,2019-09-17 13:33:00,34.0,1022.7,60,41,9.7,1.1,1424.0
54273,2019-09-17 13:33:00,30.4,1006.7,24,190,13.1,0.0,1498.3
54276,2019-09-17 13:33:00,17.6,1025.6,54,66,12.5,1.0,1352.9
54284,2019-09-17 13:33:00,28.4,1021.6,88,207,11.3,0.1,1314.4
54285,2019-09-17 13:33:00,11.2,1002.4,59,144,4.8,1.3,1139.1
54286,2019-09-17 13:33:00,1.9,1009.0,28,195,3.7,1.4,1242.3
54292,2019-09-17 13:33:00,13.3,1022.9,96,307,10.0,1.2,1213.8
54363,2019-09-17 13:33:00,2.5,1012.9,89,174,7.0,1.1,1179.8
54374,2019-09-17 13:33:00,29.2,1012.1,97,17,3.7,1.1,1402.4
54377,2019-09-17 13:33:00,22.3,1022.6,100,313,3.1,0.7,1292.3
54386,2019-09-17 13:33:00,26.5,1025.4,27,72,4.4,0.9,1305.5
58026,2019-09-17 13:33:00,9.6,1009.2,26,122,3.6,0.5,1076.5
58027,2019-09-17 13:33:00,30.3,1008.2,71,64,12.0,1.1,1023.3
58038,2019-09-17 13:33:00,20.9,1024.3,9,333,5.4,1.5,1020.6
58040,2019-09-17 13:33:00,0.0,1007.1,60,319,1.6,0.9,1313.1
58047,2019-09-17 13:33:00,34.8,1014.0,43,46,8.2,0.3,1260.8
58130,2019-09-17 13:33:00,24.9,1004.1,70,262,13.0,0.7,1258.5
58135,2019-09-17 13:33:00,28.4,1008.0,73,131,13.8,1.2,1182.7
58138,2019-09-17 13:33:00,16.1,1024.2,36,143,12.8,0.2,1490.0
58141,2019-09-17 13:33:00,21.3,1023.1,98,46,4.1,1.5,1424.8
58143,2019-09-17 13:33:00,5.0,1013.8,94,227,14.9,1.4,1221.1
58150,2019-09-17 13:33:00,27.1,1016.1,8,193,1.8,0.0,1415.5
58158,2019-09-17 13:33:00,0.2,1006.4,1,64,0.6,0.3,1495.7
58238,2019-09-17 13:33:00,25.5,1004.1,34,241,6.4,0.2,1078.4
58241,2019-09-17 13:33:00,8.8,1024.3,6,244,3.6,0.2,1480.6
58251,2019-09-17 13:33:00,16.2,1015.0,13,188,2.1,1.5,1229.2
58252,2019-09-17 13:33:00,19.0,1014.8,98,120,6.8,0.5,1309.4
58255,2019-09-17 13:33:00,33.2,1009.7,96,351,11.8,0.4,1327.3
58259,2019-09-17 13:33:00,2.5,1016.5,86,93,3.4,0.6,1054.7
58265,2019-09-17 13:33:00,26.6,1023.2,61,300,10.7,0.0,1090.8
58343,2019-09-17 13:33:00,8.1,1022.0,82,272,4.9,0.6,1106.1
58345,2019-09-17 13:33:00,27.3,1004.0,30,63,11.7,0.0,1143.6
58354,2019-09-17 13:33:00,19.1,1014.5,53,162,6.5,0.9,1259.2
58356,2019-09-17 13:33:00,30.4,1016.1,45,184,7.3,0.0,1327.4
58358,2019-09-17 13:33:00,28.1,1026.3,66,353,2.4,1.0,1220.0
57598,2019-09-17 13:33:00,18.4,1016.9,11,122,5.9,1.1,1403.5
57696,2019-09-17 13:33:00,22.2,1003.0,45,357,7.0,0.0,1161.6
57789,2019-09-17 13:33:00,24.8,1012.2,60,39,12.0,0.8,1116.6
57793,2019-09-17 13:33:00,5.9,1011.3,1,97,3.7,0.9,1429.4
57799,2019-09-17 13:33:00,17.8,1005.0,81,344,14.6,0.6,1114.8
57894,2019-09-17 13:33:00,5.5,1007.1,16,275,14.8,0.4,1176.1
57896,2019-09-17 13:33:00,12.4,1024.3,98,129,4.8,0.8,1115.9
57993,2019-09-17 13:33:00,28.8,1016.0,17,174,11.9,0.4,1014.9
58506,2019-09-17 13:33:00,3.3,1020.0,87,299,5.0,1.4,1212.3
58507,2019-09-17 13:33:00,20.6,1000.8,34,214,14.1,0.0,1319.7
58519,2019-09-17 13:33:00,11.3,1014.0,48,102,2.1,0.4,1436.5
58527,2019-09-17 13:33:00,16.3,1010.0,73,341,11.3,0.8,1126.9
58600,2019-09-17 13:33:00,10.9,1026.1,100,320,9.1,0.5,1472.7
58606,2019-09-17 13:33:00,31.9,1016.0,67,262,6.5,1.1,1187.8
58608,2019-09-17 13:33:00,17.7,1008.9,92,30,6.2,0.2,1027.0
58622,2019-09-17 13:33:00,0.6,1007.7,37,16,3.4,0.4,1454.2
58626,2019-09-17 13:33:00,13.8,1001.5,6,101,5.8,1.3,1498.7
58634,2019-09-17 13:33:00,2.4,1009.4,33,154,10.2,0.6,1332.4
58637,2019-09-17 13:33:00,11.4,1012.6,87,58,10.3,1.3,1148.1
58705,2019-09-17 13:33:00,26.7,1011.7,45,30,5.1,0.8,1075.5
58715,2019-09-17 13:33:00,26.6,1005.2,8,135,9.2,0.5,1204.0
58718,2019-09-17 13:33:00,28.2,1014.0,43,81,11.6,1.0,1468.0
58806,2019-09-17 13:33:00,6.8,1008.7,38,280,7.8,0.3,1329.7
58813,2019-09-17 13:33:00,29.8,1024.9,51,68,12.1,1.4,1311.7
59092,2019-09-17 13:33:00,29.0,1020.2,9,331,11.9,1.2,1027.8
59102,2019-09-17 13:33:00,16.8,1024.1,68,324,0.1,0.9,1295.1
54236,2019-09-17 13:33:00,32.1,1012.7,67,298,11.4,1.5,1386.3
54237,2019-09-17 13:33:00,34.7,1012.8,49,238,3.2,0.6,1327.4
54243,2019-09-17 13:33:00,31.3,1017.1,78,61,7.5,1.4,1032.6
54254,2019-09-17 13:33:00,3.4,1025.1,44,211,8.7,0.2,1291.5
54259,2019-09-17 13:33:00,4.4,1010.3,46,77,6.2,1.5,1352.2
54324,2019-09-17 13:33:00,30.6,1018.4,26,122,9.4,1.3,1136.8
54326,2019-09-17 13:33:00,31.9,1018.5,80,83,2.4,0.9,1400.5
54333,2019-09-17 13:33:00,33.9,1023.9,10,218,5.7,1.2,1117.1
54334,2019-09-17 13:33:00,19.0,1025.6,90,306,14.1,1.0,1091.7
54335,2019-09-17 13:33:00,15.5,1018.8,92,162,1.4,0.8,1366.9
54337,2019-09-17 13:33:00,10.3,1006.7,10,339,11.9,0.8,1253.2
54339,2019-09-17 13:33:00,3.5,1018.9,40,85,4.8,0.0,1161.2
54342,2019-09-17 13:33:00,32.7,1006.4,58,301,2.0,1.0,1148.6
54346,2019-09-17 13:33:00,19.5,1021.2,84,259,13.2,0.6,1299.2
54349,2019-09-17 13:33:00,27.4,1010.5,59,240,3.4,1.5,1275.1
54351,2019-09-17 13:33:00,4.9,1004.7,23,199,10.7,0.2,1359.0
54353,2019-09-17 13:33:00,22.2,1005.2,41,163,1.7,0.1,1337.5
54365,2019-09-17 13:33:00,11.9,1001.0,57,205,2.9,1.5,1458.3
54452,2019-09-17 13:33:00,26.1,1005.8,78,301,5.5,0.7,1104.5
54454,2019-09-17 13:33:00,19.3,1004.6,73,206,6.4,1.1,1474.1
54455,2019-09-17 13:33:00,21.1,1009.4,43,280,12.3,0.6,1099.2
54470,2019-09-17 13:33:00,27.2,1004.8,13,192,3.0,0.4,1077.2
54471,2019-09-17 13:33:00,10.4,1006.2,14,183,7.2,1.0,1113.6
54472,2019-09-17 13:33:00,32.3,1025.5,10,291,8.6,1.0,1407.1
54476,2019-09-17 13:33:00,33.9,1010.4,68,125,3.8,0.9,1397.3
54486,2019-09-17 13:33:00,16.7,1009.2,2,24,13.0,1.3,1380.8
54493,2019-09-17 13:33:00,25.1,1017.1,78,121,4.0,1.0,1101.7
54497,2019-09-17 13:33:00,13.6,1014.7,34,224,1.2,0.7,1394.2
54563,2019-09-17 13:33:00,18.9,1006.2,90,301,10.8,0.4,1400.9
54579,2019-09-17 13:33:00,6.5,1006.6,86,329,1.8,0.2,1357.0
54584,2019-09-17 13:33:00,30.5,1009.2,54,322,13.5,1.4,1328.5
54660,2019-09-17 13:33:00,28.4,1019.5,85,130,0.5,1.0,1354.3
54662,2019-09-17 13:33:00,28.5,1013.5,55,258,4.4,1.1,1015.3
50425,2019-09-17 13:33:00,24.8,1011.6,52,320,2.2,0.4,1474.7
50434,2019-09-17 13:33:00,28.6,1016.9,76,202,2.8,0.4,1358.2
50514,2019-09-17 13:33:00,4.4,1000.1,92,310,3.3,0.4,1013.1
50527,2019-09-17 13:33:00,29.3,1015.1,68,228,6.3,0.1,1416.8
50548,2019-09-17 13:33:00,17.3,1001.4,3,41,11.5,0.1,1292.3
50603,2019-09-17 13:33:00,30.6,1021.6,23,311,11.8,0.5,1123.9
50618,2019-09-17 13:33:00,3.8,1007.3,30,10,13.9,0.4,1367.7
50632,2019-09-17 13:33:00,25.1,1002.0,34,113,14.6,0.4,1451.5
50639,2019-09-17 13:33:00,18.0,1008.6,52,38,8.7,0.2,1124.9
50727,2019-09-17 13:33:00,9.8,1013.9,93,323,0.3,1.1,1335.9
50834,2019-09-17 13:33:00,3.1,1025.9,52,87,9.2,0.8,1353.1
50838,2019-09-17 13:33:00,15.4,1007.9,31,208,5.5,0.3,1323.5
50915,2019-09-17 13:33:00,2.5,1010.0,47,305,13.8,0.9,1325.4
50924,2019-09-17 13:33:00,30.9,1013.5,68,81,6.7,1.5,1193.2
52267,2019-09-17 13:33:00,15.7,1014.9,3,213,14.1,0.9,1004.8
52495,2019-09-17 13:33:00,18.3,1005.0,43,149,14.2,0.1,1252.1
52576,2019-09-17 13:33:00,23.3,1004.0,55,22,10.6,1.2,1407.7
53068,2019-09-17 13:33:00,28.1,1025.6,56,222,0.9,1.4,1303.4
53083,2019-09-17 13:33:00,14.2,1004.1,33,288,5.8,1.0,1060.0
53149,2019-09-17 13:33:00,30.1,1023.3,54,176,12.5,0.0,1194.9
53192,2019-09-17 13:33:00,2.4,1021.6,87,14,6.1,0.0,1345.2
53195,2019-09-17 13:33:00,35.0,1023.4,89,306,14.8,1.1,1358.8
53276,2019-09-17 13:33:00,12.5,1010.0,44,67,14.9,1.1,1196.6
53336,2019-09-17 13:33:00,10.0,1024.2,29,210,0.2,0.9,1048.8
53352,2019-09-17 13:33:00,3.4,1021.9,5,275,0.0,0.2,1060.5
53362,2019-09-17 13:33:00,22.1,1013.0,31,281,8.1,0.3,1356.9
53367,2019-09-17 13:33:00,29.8,1004.4,88,340,3.0,1.1,1044.3
53391,2019-09-17 13:33:00,27.9,1023.5,15,62,2.2,0.2,1412.7
53446,2019-09-17 13:33:00,31.8,1024.9,99,54,10.5,1.0,1438.8
53463,2019-09-17 13:33:00,17.8,1012.2,63,280,13.4,0.1,1365.8
53480,2019-09-17 13:33:00,9.5,1013.9,2,257,3.0,0.8,1284.1
53502,2019-09-17 13:33:00,33.1,1010.0,18,313,8.6,1.5,1479.7
53513,2019-09-17 13:33:00,16.3,1000.4,40,237,5.0,0.2,1378.6
53529,2019-09-17 13:33:00,29.9,1009.9,93,43,4.3,1.4,1289.7
53543,2019-09-17 13:33:00,24.7,1015.9,38,17,1.5,0.2,1406.9
53547,2019-09-17 13:33:00,11.5,1026.0,84,120,0.6,1.2,1408.6
53602,2019-09-17 13:33:00,21.3,1015.4,94,214,11.0,0.9,1017.6
54012,2019-09-17 13:33:00,22.6,1013.8,35,127,1.9,1.0,1196.8
54026,2019-09-17 13:33:00,3.7,1025.0,15,66,13.4,1.1,1319.1
54027,2019-09-17 13:33:00,30.1,1014.8,90,90,2.6,1.3,1306.0
54102,2019-09-17 13:33:00,33.2,1002.7,17,318,6.1,1.4,1317.6
54115,2019-09-17 13:33:00,1.2,1024.5,29,263,2.0,0.6,1313.9
54134,2019-09-17 13:33:00,22.0,1008.8,83,138,8.0,0.8,1376.3
54135,2019-09-17 13:33:00,9.1,1004.7,49,318,14.5,0.6,1359.5
54208,2019-09-17 13:33:00,3.9,1021.3,84,135,4.0,1.5,1266.1
54213,2019-09-17 13:33:00,18.4,1015.3,19,205,10.8,0.2,1108.7
54218,2019-09-17 13:33:00,8.4,1024.4,13,152,5.7,0.6,1291.8
54226,2019-09-17 13:33:00,15.3,1016.2,36,254,4.4,0.8,1050.4
53519,2019-09-17 13:33:00,17.9,1013.4,46,173,3.9,0.8,1044.4
53612,2019-09-17 13:33:00,9.5,1019.1,55,135,4.5,0.4,1083.1
53614,2019-09-17 13:33:00,28.0,1007.2,75,176,8.7,1.4,1196.6
53615,2019-09-17 13:33:00,5.8,1003.5,91,356,2.4,1.0,1306.5
53704,2019-09-17 13:33:00,33.4,1022.9,19,153,13.8,1.1,1473.6
53705,2019-09-17 13:33:00,30.7,1011.0,48,150,7.7,1.4,1011.9
53723,2019-09-17 13:33:00,2.7,1004.8,12,289,10.1,1.3,1066.1
53806,2019-09-17 13:33:00,7.2,1019.6,26,128,10.3,0.4,1110.5
53810,2019-09-17 13:33:00,26.5,1025.6,19,30,1.0,0.5,1180.3
53817,2019-09-17 13:33:00,7.4,1014.9,43,129,10.0,0.9,1406.3
53903,2019-09-17 13:33:00,10.0,1012.3,90,343,2.2,0.0,1295.2
53910,2019-09-17 13:33:00,4.9,1017.2,3,355,5.8,1.1,1121.2
51886,2019-09-17 13:33:00,1.5,1021.2,81,153,9.3,0.6,1014.7
52602,2019-09-17 13:33:00,3.2,1022.2,8,77,9.2,0.5,1371.1
52633,2019-09-17 13:33:00,16.3,1008.0,31,263,13.6,1.1,1087.4
52645,2019-09-17 13:33:00,5.3,1010.9,63,3,1.1,0.8,1405.2
52657,2019-09-17 13:33:00,18.8,1009.1,6,185,14.3,0.1,1324.6
52707,2019-09-17 13:33:00,34.3,1013.1,75,166,12.5,0.1,1100.6
52713,2019-09-17 13:33:00,16.4,1017.7,43,183,12.4,0.8,1344.1
52737,2019-09-17 13:33:00,1.1,1019.6,17,170,12.0,0.3,1045.2
52754,2019-09-17 13:33:00,21.6,1015.2,56,35,9.3,0.5,1010.2
52765,2019-09-17 13:33:00,26.8,1023.3,24,188,8.6,0.9,1396.3
52818,2019-09-17 13:33:00,6.2,1004.5,31,1,6.4,0.9,1039.0
52825,2019-09-17 13:33:00,28.9,1022.9,88,111,9.5,1.2,1201.0
52833,2019-09-17 13:33:00,6.0,1010.2,28,151,3.4,0.3,1246.9
52836,2019-09-17 13:33:00,25.1,1020.1,52,229,9.6,0.7,1255.9
52842,2019-09-17 13:33:00,14.7,1022.2,24,335,10.5,0.2,1073.6
52856,2019-09-17 13:33:00,21.2,1024.1,78,312,13.0,0.1,1297.5
52866,2019-09-17 13:33:00,32.6,1002.1,91,215,5.8,0.1,1145.6
52868,2019-09-17 13:33:00,26.7,1023.9,6,264,5.2,0.0,1299.2
52876,2019-09-17 13:33:00,14.6,1011.3,43,32,0.8,0.2,1458.6
52908,2019-09-17 13:33:00,30.5,1022.7,60,326,10.3,0.9,1433.2
52943,2019-09-17 13:33:00,33.9,1012.4,16,53,2.7,0.9,1466.1
52955,2019-09-17 13:33:00,16.4,1013.9,8,161,12.9,1.2,1372.0
52974,2019-09-17 13:33:00,22.4,1013.3,52,262,5.6,0.6,1142.0
56004,2019-09-17 13:33:00,13.1,1008.5,98,319,3.4,1.3,1255.7
56018,2019-09-17 13:33:00,1.2,1005.8,18,54,0.4,1.2,1446.1
56021,2019-09-17 13:33:00,2.2,1018.4,50,258,1.3,0.4,1189.2
56029,2019-09-17 13:33:00,32.3,1006.8,58,98,9.8,0.5,1330.4
56033,2019-09-17 13:33:00,9.5,1016.8,32,263,1.5,0.4,1449.8
56034,2019-09-17 13:33:00,18.5,1022.9,73,42,3.7,0.9,1271.2
56043,2019-09-17 13:33:00,20.9,1020.3,57,94,11.4,1.3,1164.5
56046,2019-09-17 13:33:00,18.6,1013.4,45,104,3.9,0.9,1483.5
56065,2019-09-17 13:33:00,17.1,1004.2,20,275,11.7,0.2,1266.9
56067,2019-09-17 13:33:00,25.6,1009.5,26,187,2.0,1.3,1454.3
56125,2019-09-17 13:33:00,11.5,1025.1,47,143,11.6,1.0,1041.7
56151,2019-09-17 13:33:00,33.9,1014.0,23,201,7.6,1.0,1058.8
54715,2019-09-17 13:33:00,2.2,1002.9,93,94,13.2,1.5,1088.9
54725,2019-09-17 13:33:00,22.9,1017.0,73,216,14.5,0.5,1158.5
54727,2019-09-17 13:33:00,27.4,1011.0,54,199,14.1,1.5,1386.4
54744,2019-09-17 13:33:00,21.9,1001.0,60,189,11.5,0.9,1199.6
54751,2019-09-17 13:33:00,0.8,1021.4,40,208,6.9,0.3,1361.7
54753,2019-09-17 13:33:00,14.2,1021.1,17,164,11.1,1.2,1075.0
54764,2019-09-17 13:33:00,14.1,1005.6,69,98,4.1,0.9,1270.6
54774,2019-09-17 13:33:00,3.6,1004.9,40,163,2.9,1.1,1301.9
54776,2019-09-17 13:33:00,13.7,1009.4,35,118,3.4,0.5,1337.3
54808,2019-09-17 13:33:00,29.9,1021.9,14,288,10.5,0.5,1419.1
54823,2019-09-17 13:33:00,30.8,1010.4,58,330,6.0,0.9,1482.0
54826,2019-09-17 13:33:00,15.4,1001.8,67,307,12.4,1.3,1433.7
54836,2019-09-17 13:33:00,4.6,1024.3,15,102,9.5,0.4,1438.9
54842,2019-09-17 13:33:00,23.7,1006.0,93,156,13.6,0.1,1271.5
54843,2019-09-17 13:33:00,16.8,1001.2,9,53,10.8,0.1,1185.3
54857,2019-09-17 13:33:00,3.5,1004.9,4,225,9.4,0.9,1280.0
54863,2019-09-17 13:33:00,9.5,1001.7,95,266,13.7,0.0,1359.3
54909,2019-09-17 13:33:00,3.4,1012.0,74,233,3.7,0.1,1223.2
54916,2019-09-17 13:33:00,26.1,1015.5,46,78,11.2,1.0,1424.5
54929,2019-09-17 13:33:00,3.4,1016.3,79,13,7.0,1.3,1209.2
54936,2019-09-17 13:33:00,11.3,1001.1,83,353,13.0,1.2,1253.9
54945,2019-09-17 13:33:00,31.9,1019.1,40,154,4.8,0.9,1366.1
58034,2019-09-17 13:33:00,29.7,1018.7,22,342,10.7,0.2,1079.8
53478,2019-09-17 13:33:00,22.3,1018.4,64,274,5.0,0.9,1123.8
53487,2019-09-17 13:33:00,14.1,1020.4,7,344,12.5,0.8,1169.1
53490,2019-09-17 13:33:00,10.0,1020.7,81,49,10.5,0.0,1240.5
53564,2019-09-17 13:33:00,12.2,1010.5,3,104,6.9,1.5,1320.6
53578,2019-09-17 13:33:00,11.4,1004.4,39,200,7.0,0.1,1358.5
53579,2019-09-17 13:33:00,24.0,1015.1,35,172,2.0,0.0,1383.3
53588,2019-09-17 13:33:00,3.0,1025.5,99,137,9.9,0.3,1497.4
53594,2019-09-17 13:33:00,25.9,1020.6,70,201,13.6,0.4,1219.2
53663,2019-09-17 13:33:00,6.4,1006.9,12,104,4.5,0.9,1136.4
53664,2019-09-17 13:33:00,31.4,1001.4,32,138,10.2,0.5,1021.6
53673,2019-09-17 13:33:00,23.6,1010.7,13,282,4.0,0.2,1337.2
53687,2019-09-17 13:33:00,16.3,1015.8,67,314,14.4,0.4,1429.8
53764,2019-09-17 13:33:00,26.3,1024.7,13,20,1.3,1.1,1255.2
53772,2019-09-17 13:33:00,13.1,1018.6,62,317,8.2,0.9,1405.8
53775,2019-09-17 13:33:00,14.5,1004.2,99,119,7.0,0.2,1216.8
53787,2019-09-17 13:33:00,17.6,1025.0,62,69,1.8,0.4,1297.4
53853,2019-09-17 13:33:00,12.8,1008.8,4,247,3.2,0.0,1049.5
53859,2019-09-17 13:33:00,31.9,1025.3,65,268,7.0,1.3,1036.3
53863,2019-09-17 13:33:00,7.8,1015.9,54,89,8.7,1.5,1255.8
53868,2019-09-17 13:33:00,23.5,1010.1,82,139,9.3,0.7,1206.9
53877,2019-09-17 13:33:00,23.5,1021.0,17,228,4.5,0.4,1142.4
53882,2019-09-17 13:33:00,13.5,1015.8,16,166,3.1,0.7,1130.6
53884,2019-09-17 13:33:00,20.7,1020.6,25,358,3.5,1.3,1331.9
53959,2019-09-17 13:33:00,11.0,1024.3,100,1,4.9,0.8,1005.3
53963,2019-09-17 13:33:00,3.5,1007.2,22,207,10.4,1.3,1229.3
53968,2019-09-17 13:33:00,22.1,1002.6,65,248,10.1,1.5,1073.7
53975,2019-09-17 13:33:00,14.2,1008.3,95,68,2.4,0.6,1421.9
57052,2019-09-17 13:33:00,13.1,1010.8,98,24,3.1,0.8,1491.5
53646,2019-09-17 13:33:00,22.5,1009.1,19,206,11.0,0.3,1347.4
53651,2019-09-17 13:33:00,30.8,1012.5,22,304,9.4,0.1,1200.9
53725,2019-09-17 13:33:00,16.8,1026.2,53,148,3.0,0.2,1088.4
53735,2019-09-17 13:33:00,27.9,1012.3,68,75,6.6,0.5,1021.0
53738,2019-09-17 13:33:00,31.4,1007.5,18,213,9.8,1.1,1077.7
53740,2019-09-17 13:33:00,3.2,1013.1,98,34,5.8,1.0,1478.8
53754,2019-09-17 13:33:00,1.7,1012.1,88,168,7.5,0.3,1407.9
53845,2019-09-17 13:33:00,3.4,1009.4,98,113,5.8,0.9,1205.4
53854,2019-09-17 13:33:00,22.7,1005.9,81,56,5.1,1.3,1440.9
53929,2019-09-17 13:33:00,33.6,1007.9,22,89,1.2,1.0,1489.1
53942,2019-09-17 13:33:00,34.0,1013.5,78,5,4.8,0.1,1032.4
53948,2019-09-17 13:33:00,13.5,1010.6,54,250,9.8,0.7,1284.8
53955,2019-09-17 13:33:00,19.8,1023.0,25,234,10.6,0.8,1486.0
57003,2019-09-17 13:33:00,18.1,1021.0,25,67,3.9,0.9,1476.2
57025,2019-09-17 13:33:00,9.1,1017.2,56,15,5.7,0.5,1053.9
57028,2019-09-17 13:33:00,26.8,1008.5,26,221,5.8,1.1,1021.5
57030,2019-09-17 13:33:00,5.4,1001.9,60,252,5.6,0.3,1194.0
57034,2019-09-17 13:33:00,16.8,1006.3,62,41,9.8,0.9,1307.9
57037,2019-09-17 13:33:00,21.0,1005.9,50,112,0.1,0.9,1379.5
57046,2019-09-17 13:33:00,27.6,1019.5,21,29,14.2,1.4,1178.6
57048,2019-09-17 13:33:00,10.4,1018.4,67,267,1.5,0.6,1186.7
57049,2019-09-17 13:33:00,5.4,1014.8,23,285,10.9,0.8,1024.0
57106,2019-09-17 13:33:00,22.8,1005.6,40,59,0.6,1.3,1403.3
57124,2019-09-17 13:33:00,0.2,1017.1,64,350,3.8,0.0,1409.3
57127,2019-09-17 13:33:00,18.7,1024.2,43,102,11.3,0.8,1322.0
57131,2019-09-17 13:33:00,12.8,1026.3,66,191,0.4,0.7,1446.1
57134,2019-09-17 13:33:00,20.0,1009.6,47,282,14.5,0.6,1224.3
57140,2019-09-17 13:33:00,21.4,1006.7,66,270,2.5,0.4,1358.6
57143,2019-09-17 13:33:00,33.9,1023.4,73,85,4.8,0.6,1182.3
57144,2019-09-17 13:33:00,12.8,1017.2,22,139,6.5,1.4,1465.1
57154,2019-09-17 13:33:00,32.8,1022.5,31,114,14.7,0.9,1139.3
57211,2019-09-17 13:33:00,24.8,1010.2,31,75,4.4,0.3,1304.6
57232,2019-09-17 13:33:00,25.9,1001.6,91,184,4.0,1.5,1261.0
57238,2019-09-17 13:33:00,24.5,1024.6,13,272,1.0,1.3,1334.4
57245,2019-09-17 13:33:00,29.8,1009.3,87,167,14.9,0.5,1226.3
57343,2019-09-17 13:33:00,4.5,1015.3,92,212,1.7,0.9,1144.6
58362,2019-09-17 13:33:00,32.3,1004.9,97,114,14.5,1.5,1389.2
56038,2019-09-17 13:33:00,11.4,1019.6,52,168,3.7,0.7,1361.8
56079,2019-09-17 13:33:00,28.8,1005.6,26,26,7.4,1.1,1253.4
56144,2019-09-17 13:33:00,26.5,1014.7,60,31,8.2,1.0,1146.7
56146,2019-09-17 13:33:00,34.5,1000.6,55,234,9.7,1.1,1131.4
56152,2019-09-17 13:33:00,21.5,1018.2,19,111,4.8,0.5,1003.7
56167,2019-09-17 13:33:00,32.0,1020.0,94,275,8.6,1.4,1496.4
56172,2019-09-17 13:33:00,29.2,1014.8,92,196,11.8,1.0,1166.5
56173,2019-09-17 13:33:00,11.1,1017.0,24,284,8.3,0.9,1394.4
56178,2019-09-17 13:33:00,17.4,1008.0,68,144,7.2,0.9,1163.2
56182,2019-09-17 13:33:00,0.7,1002.7,68,130,4.4,0.0,1000.7
56187,2019-09-17 13:33:00,8.5,1000.0,12,312,1.6,0.2,1212.9
56188,2019-09-17 13:33:00,28.2,1015.9,41,258,1.1,1.5,1497.0
56196,2019-09-17 13:33:00,10.3,1014.4,14,356,7.5,0.0,1274.7
56247,2019-09-17 13:33:00,17.5,1023.2,57,282,12.6,1.1,1219.7
56251,2019-09-17 13:33:00,22.1,1025.1,30,322,1.8,1.2,1141.9
56257,2019-09-17 13:33:00,12.7,1009.6,28,220,10.3,0.7,1346.5
56287,2019-09-17 13:33:00,18.0,1024.4,6,111,2.9,1.0,1258.8
56357,2019-09-17 13:33:00,5.1,1003.8,41,287,6.8,1.2,1182.7
56374,2019-09-17 13:33:00,16.7,1020.6,66,297,0.9,0.7,1049.1
56385,2019-09-17 13:33:00,31.3,1004.9,19,24,13.8,1.4,1309.0
56386,2019-09-17 13:33:00,32.8,1017.0,49,137,10.2,0.1,1428.7
56459,2019-09-17 13:33:00,14.9,1011.9,9,279,2.4,1.2,1164.9
56462,2019-09-17 13:33:00,19.1,1006.1,29,159,11.9,0.5,1288.1
56475,2019-09-17 13:33:00,2.8,1006.0,80,89,3.2,0.2,1016.2
56479,2019-09-17 13:33:00,8.9,1019.1,15,111,6.3,1.0,1424.2
56485,2019-09-17 13:33:00,10.2,1022.3,42,348,14.4,0.5,1264.0
56492,2019-09-17 13:33:00,6.6,1021.1,35,193,14.9,1.0,1200.8
56565,2019-09-17 13:33:00,16.7,1020.2,13,51,10.0,0.3,1089.1
56571,2019-09-17 13:33:00,24.6,1023.6,91,182,3.7,0.4,1165.0
56666,2019-09-17 13:33:00,12.3,1015.4,38,340,13.9,1.4,1352.2
56671,2019-09-17 13:33:00,2.5,1004.6,9,1,8.4,1.4,1258.3
57206,2019-09-17 13:33:00,24.0,1016.8,71,246,11.8,0.2,1353.2
57237,2019-09-17 13:33:00,18.2,1018.9,75,320,11.5,1.2,1456.8
57306,2019-09-17 13:33:00,7.6,1006.3,20,260,3.9,0.0,1122.4
57313,2019-09-17 13:33:00,19.0,1023.2,2,213,7.0,1.4,1119.0
57314,2019-09-17 13:33:00,5.6,1013.3,34,260,11.9,0.4,1072.0
57328,2019-09-17 13:33:00,30.3,1021.6,61,177,1.2,1.0,1074.4
57405,2019-09-17 13:33:00,25.1,1001.5,16,145,12.0,1.0,1132.0
57411,2019-09-17 13:33:00,16.9,1008.7,78,8,13.1,1.5,1285.6
57503,2019-09-17 13:33:00,0.7,1019.3,70,259,5.1,0.6,1106.3
57604,2019-09-17 13:33:00,19.1,1004.8,3,339,14.5,1.4,1356.4
57608,2019-09-17 13:33:00,22.6,1013.3,78,277,14.8,1.2,1084.3
54525,2019-09-17 13:33:00,8.5,1025.3,72,218,12.3,0.1,1423.0
54527,2019-09-17 13:33:00,18.2,1005.0,74,358,2.3,0.6,1252.9
54623,2019-09-17 13:33:00,11.4,1012.3,74,349,10.7,0.3,1496.0
55228,2019-09-17 13:33:00,13.0,1016.2,78,93,8.5,1.0,1438.3
55248,2019-09-17 13:33:00,3.3,1019.9,78,163,7.7,1.3,1443.9
55279,2019-09-17 13:33:00,9.2,1004.0,6,57,8.2,1.0,1360.5
55294,2019-09-17 13:33:00,4.0,1018.4,90,73,7.4,1.0,1215.0
55299,2019-09-17 13:33:00,24.5,1010.2,44,267,2.6,0.4,1447.2
55437,2019-09-17 13:33:00,3.6,1021.6,57,238,12.5,0.5,1067.1
55472,2019-09-17 13:33:00,9.2,1024.1,88,65,8.8,0.0,1037.2
55493,2019-09-17 13:33:00,8.3,1015.9,35,177,10.0,0.3,1132.0
55569,2019-09-17 13:33:00,8.5,1003.0,46,258,7.4,0.8,1306.8
55578,2019-09-17 13:33:00,8.2,1006.0,4,143,8.7,0.3,1468.9
55585,2019-09-17 13:33:00,29.1,1011.6,15,219,3.3,0.6,1172.5
55591,2019-09-17 13:33:00,26.3,1014.1,92,194,2.1,0.9,1120.6
55598,2019-09-17 13:33:00,21.1,1019.5,87,258,8.7,0.0,1419.6
55655,2019-09-17 13:33:00,12.8,1006.4,8,291,8.7,1.0,1295.4
55664,2019-09-17 13:33:00,26.1,1021.6,88,48,11.9,1.4,1189.1
55680,2019-09-17 13:33:00,23.1,1014.4,86,108,0.2,0.8,1379.1
55681,2019-09-17 13:33:00,4.7,1010.6,98,295,0.8,0.8,1309.5
55690,2019-09-17 13:33:00,9.0,1015.5,55,99,14.4,0.9,1263.5
55696,2019-09-17 13:33:00,25.8,1023.8,98,157,9.6,0.9,1179.7
55773,2019-09-17 13:33:00,12.9,1018.9,59,270,4.5,0.3,1339.4
56106,2019-09-17 13:33:00,24.2,1011.3,25,281,2.9,0.2,1195.1
56116,2019-09-17 13:33:00,31.4,1004.1,14,276,12.6,0.8,1461.7
56137,2019-09-17 13:33:00,10.9,1015.6,19,96,0.7,0.8,1231.1
56202,2019-09-17 13:33:00,8.8,1010.0,64,251,14.4,1.3,1447.7
56223,2019-09-17 13:33:00,10.5,1004.6,45,176,4.0,1.3,1164.6
56227,2019-09-17 13:33:00,31.0,1008.6,30,181,4.9,0.3,1068.8
56312,2019-09-17 13:33:00,11.9,1011.8,94,309,14.6,1.5,1238.9
56331,2019-09-17 13:33:00,19.5,1004.1,72,39,3.6,0.6,1345.9
56434,2019-09-17 13:33:00,18.9,1019.3,77,211,7.4,0.9,1079.7
51053,2019-09-17 13:33:00,19.9,1005.2,70,258,8.5,0.7,1012.1
51059,2019-09-17 13:33:00,7.1,1002.4,98,1,10.7,0.2,1062.0
51060,2019-09-17 13:33:00,18.7,1008.0,21,219,8.9,1.5,1175.5
51068,2019-09-17 13:33:00,32.3,1019.4,1,178,8.9,0.1,1143.6
51076,2019-09-17 13:33:00,4.1,1011.2,90,150,9.6,0.7,1067.5
51087,2019-09-17 13:33:00,13.0,1015.5,21,75,5.6,0.1,1279.5
51133,2019-09-17 13:33:00,7.9,1012.1,43,318,11.8,1.4,1273.1
51156,2019-09-17 13:33:00,8.8,1019.9,48,295,4.1,0.8,1207.9
51186,2019-09-17 13:33:00,0.1,1016.6,75,346,3.3,0.8,1391.2
51232,2019-09-17 13:33:00,8.7,1009.2,50,152,8.9,0.9,1254.6
51238,2019-09-17 13:33:00,4.0,1011.3,8,90,0.1,0.9,1150.7
51241,2019-09-17 13:33:00,12.7,1010.3,11,71,2.7,1.3,1171.4
51243,2019-09-17 13:33:00,9.6,1012.1,64,213,14.2,0.6,1072.4
51288,2019-09-17 13:33:00,16.1,1007.6,29,228,3.5,1.0,1353.0
51330,2019-09-17 13:33:00,27.2,1010.4,100,103,9.0,1.4,1460.7
51334,2019-09-17 13:33:00,33.7,1006.0,66,293,2.8,0.3,1008.4
51346,2019-09-17 13:33:00,14.9,1019.2,16,318,14.8,1.1,1286.2
51358,2019-09-17 13:33:00,34.3,1003.4,83,270,12.7,1.1,1237.7
51365,2019-09-17 13:33:00,3.4,1016.6,100,142,9.2,1.5,1453.8
51367,2019-09-17 13:33:00,27.8,1022.2,3,146,6.7,0.7,1500.0
51379,2019-09-17 13:33:00,20.1,1003.0,89,315,8.4,0.8,1033.3
51431,2019-09-17 13:33:00,5.3,1003.8,17,207,0.4,1.4,1364.3
51433,2019-09-17 13:33:00,21.2,1017.6,78,127,10.4,0.0,1456.2
51437,2019-09-17 13:33:00,21.6,1006.2,7,341,3.7,0.0,1149.0
51463,2019-09-17 13:33:00,14.3,1000.2,52,192,12.2,1.1,1473.2
51467,2019-09-17 13:33:00,21.9,1003.8,45,273,2.8,0.8,1201.0
51469,2019-09-17 13:33:00,28.4,1013.5,19,125,2.2,1.5,1397.8
51470,2019-09-17 13:33:00,21.4,1003.1,54,277,10.5,1.1,1351.8
51477,2019-09-17 13:33:00,0.7,1025.2,71,239,9.5,0.1,1462.6
51495,2019-09-17 13:33:00,8.0,1019.6,63,100,5.6,0.6,1214.6
51526,2019-09-17 13:33:00,20.6,1013.8,94,49,12.8,0.4,1434.3
51542,2019-09-17 13:33:00,15.4,1007.1,52,43,8.9,1.3,1290.9
51567,2019-09-17 13:33:00,2.8,1025.6,72,359,3.6,1.4,1425.6
51573,2019-09-17 13:33:00,6.0,1021.5,94,212,2.8,1.5,1279.9
51581,2019-09-17 13:33:00,22.0,1001.0,58,12,8.5,0.3,1364.7
51628,2019-09-17 13:33:00,9.2,1019.0,33,228,12.8,0.0,1326.5
51633,2019-09-17 13:33:00,16.2,1024.9,65,217,5.7,0.3,1051.7
51639,2019-09-17 13:33:00,33.3,1001.4,100,96,4.5,0.4,1247.0
51642,2019-09-17 13:33:00,28.1,1010.2,66,330,6.9,0.3,1267.7
51644,2019-09-17 13:33:00,34.7,1021.1,81,61,4.3,0.8,1214.4
51655,2019-09-17 13:33:00,9.3,1014.3,46,21,13.9,0.9,1220.4
51656,2019-09-17 13:33:00,5.3,1019.1,20,260,12.8,0.6,1254.1
51701,2019-09-17 13:33:00,7.5,1021.7,51,140,1.6,1.5,1423.7
51704,2019-09-17 13:33:00,21.0,1023.3,50,53,6.4,0.9,1465.1
51705,2019-09-17 13:33:00,19.4,1025.9,8,61,4.4,1.2,1037.4
51709,2019-09-17 13:33:00,30.7,1011.8,86,43,6.2,0.0,1045.3
51711,2019-09-17 13:33:00,24.2,1008.9,93,47,8.8,0.6,1460.4
51716,2019-09-17 13:33:00,33.6,1020.5,83,175,4.8,0.8,1060.3
51720,2019-09-17 13:33:00,24.3,1002.3,55,302,10.9,0.1,1477.3
51730,2019-09-17 13:33:00,0.1,1022.8,31,38,3.1,1.5,1416.1
51747,2019-09-17 13:33:00,31.0,1010.9,97,237,14.5,1.3,1161.4
51765,2019-09-17 13:33:00,16.1,1005.0,77,180,9.5,0.2,1148.6
51777,2019-09-17 13:33:00,19.8,1000.4,24,99,0.8,1.3,1277.5
51804,2019-09-17 13:33:00,7.3,1008.0,90,173,1.3,0.3,1027.2
51810,2019-09-17 13:33:00,5.7,1023.4,37,62,5.5,1.3,1445.4
51811,2019-09-17 13:33:00,5.6,1008.1,37,35,11.1,0.0,1289.5
51818,2019-09-17 13:33:00,18.1,1005.9,12,305,6.9,0.3,1415.2
51828,2019-09-17 13:33:00,3.0,1019.8,50,328,6.3,0.2,1374.2
51839,2019-09-17 13:33:00,22.9,1011.9,38,53,14.5,0.6,1044.0
51855,2019-09-17 13:33:00,7.2,1023.4,47,54,13.5,1.4,1331.5
51931,2019-09-17 13:33:00,11.2,1010.3,67,129,2.5,0.5,1310.4
52101,2019-09-17 13:33:00,22.6,1006.8,31,335,3.7,1.2,1294.6
52112,2019-09-17 13:33:00,19.4,1014.2,98,109,3.2,0.7,1409.6
52118,2019-09-17 13:33:00,16.0,1020.1,22,332,12.0,0.3,1093.6
52203,2019-09-17 13:33:00,29.5,1019.6,29,207,5.4,0.6,1300.1
52313,2019-09-17 13:33:00,12.5,1002.8,32,7,9.6,1.0,1475.8
56444,2019-09-17 13:33:00,13.4,1016.1,79,158,1.8,1.1,1286.8
56533,2019-09-17 13:33:00,31.8,1013.4,74,92,12.5,0.2,1064.4
56543,2019-09-17 13:33:00,1.8,1014.2,55,356,12.3,0.7,1480.7
56548,2019-09-17 13:33:00,14.0,1005.1,34,121,10.9,0.0,1224.1
56586,2019-09-17 13:33:00,3.3,1013.0,92,203,2.8,0.5,1138.1
56643,2019-09-17 13:33:00,34.4,1016.4,1,149,1.3,0.9,1388.4
56651,2019-09-17 13:33:00,17.9,1024.6,50,98,3.9,0.4,1038.4
56664,2019-09-17 13:33:00,17.1,1008.4,64,32,12.2,0.0,1027.8
56684,2019-09-17 13:33:00,20.3,1007.4,96,272,9.7,0.2,1129.4
56739,2019-09-17 13:33:00,20.9,1012.5,18,344,10.9,0.9,1158.3
56748,2019-09-17 13:33:00,28.8,1025.3,60,215,6.4,0.9,1311.1
56751,2019-09-17 13:33:00,29.8,1018.5,6,288,0.6,0.4,1315.8
56763,2019-09-17 13:33:00,18.2,1022.3,67,322,3.2,0.5,1336.6
56768,2019-09-17 13:33:00,34.0,1024.2,43,179,6.4,1.1,1454.9
56778,2019-09-17 13:33:00,8.3,1007.3,10,189,12.3,0.9,1167.5
56786,2019-09-17 13:33:00,13.7,1004.8,76,253,4.5,0.8,1131.2
56838,2019-09-17 13:33:00,30.6,1011.5,75,119,11.8,0.8,1130.3
56856,2019-09-17 13:33:00,11.4,1025.9,49,84,0.8,1.0,1184.1
56872,2019-09-17 13:33:00,30.6,1012.6,79,207,13.0,0.4,1404.7
56875,2019-09-17 13:33:00,8.2,1017.7,66,343,3.7,0.0,1191.4
56886,2019-09-17 13:33:00,9.1,1004.0,51,253,7.0,0.0,1394.3
56946,2019-09-17 13:33:00,20.0,1022.2,59,241,12.3,0.3,1205.4
56950,2019-09-17 13:33:00,13.7,1026.4,73,83,0.1,0.6,1297.6
56951,2019-09-17 13:33:00,29.1,1023.3,51,166,14.5,0.0,1205.6
56954,2019-09-17 13:33:00,28.5,1020.1,72,196,2.9,1.3,1289.2
56959,2019-09-17 13:33:00,3.4,1009.1,67,242,6.3,1.2,1186.4
56964,2019-09-17 13:33:00,3.0,1014.3,13,219,13.3,0.4,1123.0
56966,2019-09-17 13:33:00,29.3,1003.4,77,197,2.5,0.6,1099.7
56969,2019-09-17 13:33:00,23.6,1015.9,90,315,10.3,0.4,1107.3
56977,2019-09-17 13:33:00,23.7,1000.7,26,125,8.0,0.7,1338.2
56985,2019-09-17 13:33:00,2.1,1024.2,63,13,10.3,0.2,1060.1
56986,2019-09-17 13:33:00,24.8,1014.0,79,152,14.7,1.4,1139.1
56991,2019-09-17 13:33:00,5.2,1016.7,97,34,12.9,1.0,1382.7
59007,2019-09-17 13:33:00,0.7,1009.8,26,26,13.2,1.4,1043.9
58448,2019-09-17 13:33:00,3.9,1005.0,80,159,11.4,0.9,1487.1
58450,2019-09-17 13:33:00,13.0,1006.5,49,115,3.0,1.0,1060.6
58457,2019-09-17 13:33:00,27.1,1005.5,69,161,6.5,0.1,1274.9
58464,2019-09-17 13:33:00,8.9,1020.0,50,186,10.3,1.4,1063.6
58467,2019-09-17 13:33:00,17.7,1003.3,96,162,7.3,1.0,1159.8
58472,2019-09-17 13:33:00,20.6,1002.5,59,37,4.0,1.1,1316.8
58477,2019-09-17 13:33:00,17.0,1024.8,93,134,1.6,0.5,1400.0
58543,2019-09-17 13:33:00,20.1,1024.0,4,27,13.5,1.3,1336.4
58549,2019-09-17 13:33:00,22.7,1014.4,50,188,0.8,0.4,1287.2
58553,2019-09-17 13:33:00,14.2,1002.8,98,283,9.3,1.5,1351.9
58556,2019-09-17 13:33:00,21.5,1001.7,47,149,14.6,0.6,1170.5
58557,2019-09-17 13:33:00,34.0,1025.3,72,145,8.3,0.6,1137.6
58562,2019-09-17 13:33:00,13.8,1015.9,30,13,11.1,0.2,1217.6
58569,2019-09-17 13:33:00,30.9,1015.6,77,64,14.9,0.1,1051.0
58633,2019-09-17 13:33:00,25.7,1014.6,10,299,9.3,0.7,1059.3
58646,2019-09-17 13:33:00,6.9,1000.7,5,265,10.1,0.7,1311.7
58652,2019-09-17 13:33:00,28.7,1016.7,27,237,8.1,0.7,1338.3
58665,2019-09-17 13:33:00,20.2,1024.7,16,295,1.4,1.2,1177.9
58666,2019-09-17 13:33:00,27.7,1024.7,49,38,9.8,0.9,1459.2
58667,2019-09-17 13:33:00,17.2,1005.6,31,77,1.5,0.7,1391.6
58742,2019-09-17 13:33:00,33.2,1010.0,98,233,6.2,0.0,1024.3
58752,2019-09-17 13:33:00,10.9,1010.3,85,230,2.1,0.3,1329.3
58760,2019-09-17 13:33:00,8.7,1015.5,31,182,1.5,1.0,1258.5
57348,2019-09-17 13:33:00,15.6,1019.4,3,229,5.7,0.8,1282.4
57426,2019-09-17 13:33:00,11.4,1007.2,43,31,13.0,1.1,1112.9
57432,2019-09-17 13:33:00,1.5,1019.5,59,320,0.1,1.4,1345.3
57502,2019-09-17 13:33:00,6.2,1010.0,42,221,4.3,1.1,1416.5
57512,2019-09-17 13:33:00,5.2,1015.1,77,73,4.2,1.4,1088.9
57516,2019-09-17 13:33:00,22.5,1000.7,35,283,13.2,0.4,1309.8
57517,2019-09-17 13:33:00,19.0,1009.7,11,86,8.5,0.0,1457.4
57520,2019-09-17 13:33:00,15.0,1021.1,31,122,1.2,1.1,1411.7
57523,2019-09-17 13:33:00,19.1,1024.4,39,135,4.7,0.2,1022.4
57536,2019-09-17 13:33:00,2.3,1004.4,76,158,0.9,0.1,1464.8
57612,2019-09-17 13:33:00,17.4,1007.2,81,65,5.7,0.6,1481.0
57633,2019-09-17 13:33:00,32.9,1025.0,59,182,13.1,0.4,1061.9
