58015,2019-10-12 14:57:00,34.2,1014.0,31,261,10.7,0.8,1302.8
58102,2019-10-12 14:57:00,25.6,1005.6,68,195,3.3,0.5,1323.0
58118,2019-10-12 14:57:00,17.5,1024.0,58,100,5.9,0.0,1039.6
58122,2019-10-12 14:57:00,18.7,1019.2,14,71,7.3,0.4,1073.3
58203,2019-10-12 14:57:00,15.3,1007.3,64,54,14.8,1.3,1204.8
58215,2019-10-12 14:57:00,17.5,1023.8,18,186,14.4,0.0,1215.4
58221,2019-10-12 14:57:00,11.5,1011.0,41,273,13.8,1.3,1473.3
58225,2019-10-12 14:57:00,15.8,1002.6,61,109,8.3,1.3,1006.3
58236,2019-10-12 14:57:00,17.1,1011.3,4,116,4.1,1.1,1338.4
58311,2019-10-12 14:57:00,3.4,1010.2,31,91,5.6,1.1,1040.9
58314,2019-10-12 14:57:00,0.6,1013.1,12,122,5.3,1.1,1161.1
58319,2019-10-12 14:57:00,9.5,1014.3,73,81,12.9,0.8,1112.6
58321,2019-10-12 14:57:00,17.9,1023.6,72,331,3.4,0.6,1358.2
58326,2019-10-12 14:57:00,4.9,1001.8,82,219,10.6,0.0,1275.2
58336,2019-10-12 14:57:00,0.9,1007.5,20,346,5.1,1.4,1469.2
58338,2019-10-12 14:57:00,14.2,1019.4,68,280,3.7,0.8,1142.3
58414,2019-10-12 14:57:00,2.2,1007.6,33,10,4.0,0.3,1216.9
58419,2019-10-12 14:57:00,12.8,1022.6,21,322,7.5,0.6,1327.2
58424,2019-10-12 14:57:00,17.9,1001.8,96,357,8.3,0.6,1268.0
58429,2019-10-12 14:57:00,18.7,1003.7,65,66,13.1,0.3,1369.7
58436,2019-10-12 14:57:00,2.5,1023.5,41,108,5.2,0.4,1494.2
58437,2019-10-12 14:57:00,30.8,1015.9,73,38,6.2,0.8,1466.6
58520,2019-10-12 14:57:00,31.1,1025.8,46,272,1.8,0.0,1462.3
58531,2019-10-12 14:57:00,34.8,1024.2,86,319,5.6,0.1,1308.8
54406,2019-10-12 14:57:00,8.6,1000.9,84,309,1.0,0.7,1171.3
54416,2019-10-12 14:57:00,27.9,1002.2,16,198,2.6,1.1,1118.8
54511,2019-10-12 14:57:00,27.2,1017.9,2,158,8.4,0.2,1091.5
58725,2019-10-12 14:57:00,25.6,1008.1,25,197,5.0,0.1,1162.3
58730,2019-10-12 14:57:00,28.9,1010.9,34,105,4.9,0.0,1327.3
58731,2019-10-12 14:57:00,26.7,1024.2,4,195,14.1,0.6,1242.2
58734,2019-10-12 14:57:00,31.3,1009.0,14,241,14.6,0.2,1122.2
58737,2019-10-12 14:57:00,32.1,1006.3,95,55,0.4,0.3,1296.1
58744,2019-10-12 14:57:00,24.4,1013.2,41,272,4.7,0.5,1482.0
58754,2019-10-12 14:57:00,2.5,1009.4,64,229,3.8,1.4,1226.6
58818,2019-10-12 14:57:00,30.2,1002.3,70,271,14.8,0.6,1463.4
58820,2019-10-12 14:57:00,33.1,1010.4,5,149,1.2,1.4,1122.2
58834,2019-10-12 14:57:00,16.7,1000.1,62,24,5.6,0.9,1443.1
58837,2019-10-12 14:57:00,5.3,1006.4,98,123,2.5,0.0,1210.5
58843,2019-10-12 14:57:00,30.4,1008.0,49,316,6.8,0.1,1496.2
58846,2019-10-12 14:57:00,24.8,1018.8,13,165,0.4,0.4,1260.4
58847,2019-10-12 14:57:00,26.9,1010.4,64,76,14.2,0.0,1376.7
58911,2019-10-12 14:57:00,19.3,1010.9,1,127,1.0,0.5,1379.7
58918,2019-10-12 14:57:00,7.8,1021.1,27,112,9.1,1.0,1396.0
58921,2019-10-12 14:57:00,15.4,1003.7,50,159,0.3,1.3,1249.1
58926,2019-10-12 14:57:00,34.6,1007.5,44,346,10.1,1.4,1048.6
58927,2019-10-12 14:57:00,0.1,1025.6,80,148,6.5,1.5,1174.5
58931,2019-10-12 14:57:00,2.3,1003.1,19,245,4.2,0.0,1023.2
58933,2019-10-12 14:57:00,1.7,1009.1,20,196,7.0,0.4,1141.5
58936,2019-10-12 14:57:00,31.9,1009.9,24,261,5.9,0.6,1220.1
58944,2019-10-12 14:57:00,23.9,1006.3,74,178,11.4,0.8,1210.2
59113,2019-10-12 14:57:00,10.3,1006.6,62,90,6.9,1.5,1069.8
59126,2019-10-12 14:57:00,21.9,1022.8,46,117,0.1,0.8,1239.3
59133,2019-10-12 14:57:00,29.9,1000.7,73,115,6.2,0.4,1211.6
59134,2019-10-12 14:57:00,2.9,1004.3,36,26,4.7,1.2,1408.1
59321,2019-10-12 14:57:00,22.2,1006.5,55,235,0.3,0.3,1355.0
52323,2019-10-12 14:57:00,21.6,1017.9,34,145,7.7,0.2,1265.7
52418,2019-10-12 14:57:00,9.3,1013.5,81,239,12.9,1.3,1168.9
52424,2019-10-12 14:57:00,2.3,1002.3,23,87,2.1,0.9,1145.5
52436,2019-10-12 14:57:00,1.1,1008.0,2,252,3.7,1.5,1470.3
52446,2019-10-12 14:57:00,6.1,1017.2,38,194,2.3,1.0,1424.5
52447,2019-10-12 14:57:00,33.2,1006.7,83,110,4.7,1.1,1186.9
52533,2019-10-12 14:57:00,32.5,1000.3,29,60,7.3,0.3,1248.5
52546,2019-10-12 14:57:00,17.2,1008.2,45,335,3.4,0.9,1142.5
52652,2019-10-12 14:57:00,8.6,1018.4,79,253,7.9,1.5,1168.0
52661,2019-10-12 14:57:00,2.7,1004.7,28,225,4.0,0.5,1285.9
52674,2019-10-12 14:57:00,9.7,1022.1,22,188,9.6,0.6,1379.6
52679,2019-10-12 14:57:00,12.1,1013.8,81,166,1.7,0.9,1340.5
52681,2019-10-12 14:57:00,20.2,1019.4,81,205,3.1,0.2,1112.5
52787,2019-10-12 14:57:00,6.2,1020.1,19,62,11.3,1.3,1038.7
52797,2019-10-12 14:57:00,18.1,1022.9,8,7,3.7,0.4,1320.5
52884,2019-10-12 14:57:00,20.0,1021.0,9,85,13.5,0.9,1198.8
52895,2019-10-12 14:57:00,11.5,1015.0,5,137,9.6,0.8,1221.8
52983,2019-10-12 14:57:00,2.2,1010.0,26,237,2.1,0.4,1125.5
52984,2019-10-12 14:57:00,29.1,1003.1,72,354,5.2,1.0,1245.5
52986,2019-10-12 14:57:00,19.5,1021.6,9,276,14.3,0.1,1457.0
52996,2019-10-12 14:57:00,8.5,1015.5,6,326,8.2,1.3,1292.4
53821,2019-10-12 14:57:00,19.0,1022.6,30,96,4.1,1.5,1276.1
53915,2019-10-12 14:57:00,16.2,1014.1,98,30,9.4,1.3,1376.6
53923,2019-10-12 14:57:00,6.0,1012.6,38,289,6.4,1.4,1221.3
56074,2019-10-12 14:57:00,21.2,1010.7,99,261,7.9,1.1,1060.3
56080,2019-10-12 14:57:00,31.7,1024.2,75,181,11.3,0.7,1088.6
56093,2019-10-12 14:57:00,10.0,1020.2,96,118,11.5,1.2,1164.6
56096,2019-10-12 14:57:00,6.3,1016.8,18,319,11.7,1.4,1281.9
57014,2019-10-12 14:57:00,7.9,1012.9,66,343,2.3,0.3,1490.0
57996,2019-10-12 14:57:00,21.4,1023.3,16,97,14.0,0.1,1185.7
59072,2019-10-12 14:57:00,19.6,1005.7,9,159,1.1,1.5,1016.0
59082,2019-10-12 14:57:00,6.4,1006.6,50,359,6.1,1.4,1203.7
59087,2019-10-12 14:57:00,32.2,1025.0,99,22,3.1,0.3,1146.6
59088,2019-10-12 14:57:00,22.1,1009.7,43,201,10.5,0.1,1248.3
59096,2019-10-12 14:57:00,9.6,1020.9,91,220,9.8,0.6,1231.4
59097,2019-10-12 14:57:00,13.7,1008.7,89,228,5.0,1.0,1182.3
59107,2019-10-12 14:57:00,24.1,1024.8,78,222,13.5,1.5,1280.1
59116,2019-10-12 14:57:00,5.0,1010.5,62,116,7.5,1.1,1097.1
59117,2019-10-12 14:57:00,32.4,1000.3,69,268,1.4,0.2,1457.2
59271,2019-10-12 14:57:00,30.2,1015.9,41,295,1.3,1.2,1009.2
59278,2019-10-12 14:57:00,27.0,1018.0,44,248,7.9,0.1,1268.4
59280,2019-10-12 14:57:00,8.8,1004.8,79,163,4.1,0.4,1438.0
59287,2019-10-12 14:57:00,5.6,1013.7,50,18,11.2,0.5,1067.7
59289,2019-10-12 14:57:00,30.3,1006.0,60,72,8.9,0.3,1286.7
59293,2019-10-12 14:57:00,17.1,1009.6,85,97,10.4,0.3,1291.6
59294,2019-10-12 14:57:00,9.9,1007.7,69,329,10.1,0.2,1116.9
59298,2019-10-12 14:57:00,26.6,1024.5,97,340,8.8,0.9,1242.6
59303,2019-10-12 14:57:00,31.1,1005.2,90,199,4.9,1.2,1086.9
59304,2019-10-12 14:57:00,5.7,1017.6,92,352,3.4,0.3,1389.3
59306,2019-10-12 14:57:00,29.4,1007.7,7,193,10.9,0.2,1035.9
59310,2019-10-12 14:57:00,33.7,1012.8,13,216,6.3,0.4,1356.9
59316,2019-10-12 14:57:00,31.7,1015.1,32,276,2.5,0.0,1377.3
59317,2019-10-12 14:57:00,11.3,1008.2,11,332,12.3,0.2,1258.4
59324,2019-10-12 14:57:00,32.6,1006.6,66,70,13.8,1.5,1324.3
59456,2019-10-12 14:57:00,22.2,1007.5,51,224,7.3,1.0,1044.8
59462,2019-10-12 14:57:00,29.0,1015.8,42,84,13.1,0.8,1049.8
59478,2019-10-12 14:57:00,32.7,1023.6,88,222,11.8,0.5,1259.4
59485,2019-10-12 14:57:00,4.1,1018.1,3,105,3.5,1.1,1264.4
59488,2019-10-12 14:57:00,22.1,1016.7,31,225,14.2,0.9,1356.7
59493,2019-10-12 14:57:00,8.1,1008.2,64,118,2.2,0.8,1146.2
59501,2019-10-12 14:57:00,22.2,1016.1,55,241,7.7,1.3,1460.0
59658,2019-10-12 14:57:00,4.4,1018.0,90,301,4.4,1.5,1458.3
59663,2019-10-12 14:57:00,22.6,1009.5,54,184,5.3,1.2,1012.8
59664,2019-10-12 14:57:00,5.5,1005.6,73,117,2.0,0.7,1451.6
59673,2019-10-12 14:57:00,13.6,1000.8,30,338,7.4,0.7,1312.4
59754,2019-10-12 14:57:00,17.1,1005.9,4,24,6.6,1.3,1286.4
57947,2019-10-12 14:57:00,24.5,1024.9,97,271,9.5,0.9,1388.6
57957,2019-10-12 14:57:00,15.8,1011.2,31,229,1.0,0.6,1070.6
57958,2019-10-12 14:57:00,24.1,1010.4,42,6,8.2,0.2,1151.2
59021,2019-10-12 14:57:00,32.2,1024.5,37,23,2.9,0.8,1476.3
59023,2019-10-12 14:57:00,34.3,1009.0,17,100,6.9,0.0,1020.4
59027,2019-10-12 14:57:00,1.5,1006.9,1,108,10.1,1.4,1057.8
59037,2019-10-12 14:57:00,33.8,1011.9,37,165,7.3,0.2,1335.8
59046,2019-10-12 14:57:00,23.6,1022.0,100,34,0.8,0.0,1243.4
59058,2019-10-12 14:57:00,6.1,1003.8,97,215,1.5,0.5,1405.2
59065,2019-10-12 14:57:00,27.9,1014.7,1,23,9.1,0.4,1113.6
59209,2019-10-12 14:57:00,5.6,1024.9,42,169,12.0,0.2,1069.5
59211,2019-10-12 14:57:00,9.7,1014.8,30,340,11.0,0.4,1471.6
59218,2019-10-12 14:57:00,10.9,1008.3,45,178,4.8,0.1,1423.1
59228,2019-10-12 14:57:00,18.9,1026.3,94,80,13.5,0.5,1397.3
59242,2019-10-12 14:57:00,34.8,1005.2,27,314,3.3,0.8,1375.9
59254,2019-10-12 14:57:00,33.6,1010.5,90,8,5.8,1.0,1275.3
59265,2019-10-12 14:57:00,10.6,1018.7,17,189,2.3,1.2,1164.0
59417,2019-10-12 14:57:00,22.2,1019.2,45,97,6.7,0.6,1268.9
59431,2019-10-12 14:57:00,29.3,1024.3,45,2,13.3,1.0,1338.0
59446,2019-10-12 14:57:00,32.0,1010.7,92,34,9.2,0.0,1179.5
59453,2019-10-12 14:57:00,16.9,1011.4,76,33,5.8,0.3,1435.4
59626,2019-10-12 14:57:00,15.9,1026.1,14,227,6.5,1.3,1442.3
59631,2019-10-12 14:57:00,15.1,1024.2,86,208,8.3,0.5,1223.6
59632,2019-10-12 14:57:00,2.2,1020.3,31,36,4.6,0.5,1398.5
59644,2019-10-12 14:57:00,23.8,1000.2,38,145,1.3,0.8,1321.1
59647,2019-10-12 14:57:00,26.9,1020.1,33,355,11.2,0.5,1029.1
56691,2019-10-12 14:57:00,24.4,1010.1,59,242,0.4,0.7,1387.1
56693,2019-10-12 14:57:00,18.9,1013.6,25,265,12.9,0.2,1052.4
56792,2019-10-12 14:57:00,23.2,1001.4,57,28,8.8,0.5,1327.8
56793,2019-10-12 14:57:00,21.8,1026.0,84,315,11.1,0.7,1404.0
57606,2019-10-12 14:57:00,22.7,1003.4,97,175,2.0,0.6,1488.2
57614,2019-10-12 14:57:00,17.5,1013.1,25,193,12.7,0.8,1090.0
57625,2019-10-12 14:57:00,22.0,1021.2,17,154,13.8,0.4,1017.9
57647,2019-10-12 14:57:00,19.7,1010.0,68,170,12.2,0.2,1453.8
57707,2019-10-12 14:57:00,4.3,1014.7,40,261,3.3,0.7,1332.3
57710,2019-10-12 14:57:00,0.8,1006.1,91,40,14.2,0.2,1168.0
57712,2019-10-12 14:57:00,18.2,1010.9,69,16,2.1,0.4,1127.4
57718,2019-10-12 14:57:00,16.0,1001.3,65,87,12.5,1.1,1211.2
57722,2019-10-12 14:57:00,27.4,1025.3,76,263,5.2,0.2,1301.3
57729,2019-10-12 14:57:00,6.1,1005.2,18,310,4.3,1.5,1112.8
57731,2019-10-12 14:57:00,11.7,1005.3,21,245,13.8,1.2,1177.4
57741,2019-10-12 14:57:00,10.9,1018.9,96,161,13.2,1.5,1319.2
57803,2019-10-12 14:57:00,11.3,1020.9,31,144,7.7,0.1,1045.7
57805,2019-10-12 14:57:00,13.6,1017.8,90,296,12.5,0.6,1433.1
57806,2019-10-12 14:57:00,25.0,1014.4,82,295,13.9,0.5,1048.4
57816,2019-10-12 14:57:00,17.0,1016.6,47,181,11.7,0.1,1312.3
57825,2019-10-12 14:57:00,10.8,1006.3,76,138,14.7,0.1,1240.2
57827,2019-10-12 14:57:00,32.5,1000.9,56,128,3.9,0.0,1499.5
57832,2019-10-12 14:57:00,8.1,1017.5,37,176,1.6,1.3,1129.4
57839,2019-10-12 14:57:00,27.1,1025.0,56,207,11.8,0.5,1430.3
57840,2019-10-12 14:57:00,8.3,1011.2,44,335,5.2,1.0,1180.7
57902,2019-10-12 14:57:00,25.7,1008.5,62,78,9.1,0.0,1404.2
57906,2019-10-12 14:57:00,13.1,1017.7,17,77,11.4,0.0,1374.6
57907,2019-10-12 14:57:00,2.7,1000.5,29,271,10.0,0.8,1323.9
57910,2019-10-12 14:57:00,18.0,1002.4,60,27,13.6,0.6,1276.6
57912,2019-10-12 14:57:00,23.1,1024.4,41,192,5.1,0.1,1177.4
57916,2019-10-12 14:57:00,6.4,1004.9,62,114,8.1,1.3,1301.6
57922,2019-10-12 14:57:00,10.1,1024.0,62,11,1.1,1.0,1086.2
57926,2019-10-12 14:57:00,19.9,1009.6,5,224,1.7,1.1,1420.2
57932,2019-10-12 14:57:00,14.3,1022.4,39,176,9.3,0.2,1097.7
59758,2019-10-12 14:57:00,3.9,1022.2,12,308,0.1,0.4,1498.7
59838,2019-10-12 14:57:00,3.6,1014.4,92,263,3.9,1.2,1499.0
59845,2019-10-12 14:57:00,8.1,1003.2,41,198,7.0,1.2,1096.9
59849,2019-10-12 14:57:00,18.4,1004.5,99,316,13.1,0.8,1495.9
59855,2019-10-12 14:57:00,3.1,1013.9,82,151,9.6,0.4,1444.5
59948,2019-10-12 14:57:00,5.1,1013.8,28,195,12.4,1.0,1493.1
59954,2019-10-12 14:57:00,17.4,1003.7,85,100,1.5,0.0,1470.5
59981,2019-10-12 14:57:00,21.2,1023.5,46,277,13.2,0.3,1029.6
53399,2019-10-12 14:57:00,15.0,1019.4,67,1,9.5,0.3,1423.6
53593,2019-10-12 14:57:00,7.3,1021.5,29,304,6.5,0.7,1192.2
53698,2019-10-12 14:57:00,30.4,1003.2,50,316,5.0,0.1,1123.3
53798,2019-10-12 14:57:00,31.8,1005.4,20,314,12.9,0.4,1250.7
54308,2019-10-12 14:57:00,2.3,1020.7,58,128,3.8,0.7,1437.8
54311,2019-10-12 14:57:00,22.9,1002.9,38,219,1.9,0.6,1131.3
54401,2019-10-12 14:57:00,18.2,1002.3,7,27,0.1,0.3,1425.6
54405,2019-10-12 14:57:00,9.3,1011.2,64,348,0.1,1.0,1366.3
54423,2019-10-12 14:57:00,14.7,1008.1,59,69,5.5,0.0,1162.8
54429,2019-10-12 14:57:00,32.4,1022.3,51,167,12.0,0.7,1191.1
54436,2019-10-12 14:57:00,6.2,1007.8,35,28,12.9,0.4,1081.7
54449,2019-10-12 14:57:00,19.6,1013.8,43,1,14.0,0.6,1245.6
54518,2019-10-12 14:57:00,28.1,1021.5,28,309,8.9,0.2,1099.3
54534,2019-10-12 14:57:00,27.7,1014.3,8,260,10.1,1.3,1136.4
54535,2019-10-12 14:57:00,32.9,1025.1,78,255,5.2,0.3,1172.9
54539,2019-10-12 14:57:00,12.4,1024.4,52,311,10.4,0.1,1105.7
54602,2019-10-12 14:57:00,3.4,1025.1,98,70,9.4,0.8,1354.7
54606,2019-10-12 14:57:00,7.9,1013.9,50,131,2.2,1.2,1175.0
54618,2019-10-12 14:57:00,9.5,1026.0,91,89,11.2,0.8,1491.6
54624,2019-10-12 14:57:00,25.4,1001.8,9,45,13.9,0.7,1034.5
54705,2019-10-12 14:57:00,21.3,1002.2,53,120,10.6,0.1,1066.4
53898,2019-10-12 14:57:00,8.3,1010.2,3,135,4.2,1.5,1488.3
53986,2019-10-12 14:57:00,30.8,1007.0,91,142,12.5,0.4,1173.0
57051,2019-10-12 14:57:00,21.1,1008.2,9,123,8.8,1.2,1334.3
57067,2019-10-12 14:57:00,19.1,1011.2,61,351,13.0,0.0,1288.9
57071,2019-10-12 14:57:00,14.4,1000.8,94,308,14.1,1.5,1284.7
57077,2019-10-12 14:57:00,2.2,1000.4,42,103,0.9,1.5,1473.7
57083,2019-10-12 14:57:00,20.6,1002.6,91,4,11.8,0.6,1306.8
57084,2019-10-12 14:57:00,0.8,1003.7,33,36,4.6,1.2,1063.3
57089,2019-10-12 14:57:00,29.3,1006.2,71,246,2.2,1.5,1308.6
57091,2019-10-12 14:57:00,32.2,1004.1,82,0,1.0,0.3,1437.9
57156,2019-10-12 14:57:00,12.1,1016.3,3,145,2.4,1.2,1106.2
57178,2019-10-12 14:57:00,19.1,1002.9,62,71,6.3,1.3,1197.1
57181,2019-10-12 14:57:00,16.4,1018.7,47,158,9.4,0.8,1316.6
57193,2019-10-12 14:57:00,26.7,1015.7,12,182,14.3,0.5,1414.6
57285,2019-10-12 14:57:00,19.2,1013.3,40,14,2.6,1.3,1362.2
57290,2019-10-12 14:57:00,26.4,1012.9,14,336,8.5,1.0,1154.8
57297,2019-10-12 14:57:00,2.1,1015.9,40,93,0.6,0.1,1321.0
58005,2019-10-12 14:57:00,23.3,1023.1,61,300,3.8,0.8,1142.1
58111,2019-10-12 14:57:00,15.5,1023.7,38,318,3.7,0.0,1054.6
58208,2019-10-12 14:57:00,2.8,1002.1,96,128,1.0,0.8,1119.1
50136,2019-10-12 14:57:00,9.1,1023.4,17,139,5.3,1.1,1441.1
50246,2019-10-12 14:57:00,14.5,1001.1,16,25,0.2,0.4,1239.8
50247,2019-10-12 14:57:00,17.6,1012.5,88,257,11.9,0.9,1483.9
50349,2019-10-12 14:57:00,7.8,1010.5,32,61,2.7,1.5,1408.8
50353,2019-10-12 14:57:00,2.6,1014.0,59,207,12.0,0.6,1221.9
50442,2019-10-12 14:57:00,11.7,1018.0,51,37,13.2,1.4,1345.8
50468,2019-10-12 14:57:00,9.9,1018.4,88,301,4.6,0.3,1070.2
50557,2019-10-12 14:57:00,27.6,1000.4,27,253,10.9,0.9,1279.6
50564,2019-10-12 14:57:00,4.1,1011.1,89,210,7.4,0.7,1082.6
50656,2019-10-12 14:57:00,24.6,1023.5,9,253,6.1,1.4,1222.0
50658,2019-10-12 14:57:00,8.8,1002.3,66,41,2.4,0.5,1420.3
50674,2019-10-12 14:57:00,34.4,1018.9,74,107,13.8,1.1,1265.3
50739,2019-10-12 14:57:00,30.5,1002.8,60,158,4.7,1.1,1020.9
50742,2019-10-12 14:57:00,12.2,1006.6,90,359,7.2,0.5,1474.3
50745,2019-10-12 14:57:00,23.6,1020.3,56,108,3.8,0.9,1273.9
50756,2019-10-12 14:57:00,23.8,1012.8,25,267,11.2,0.9,1115.0
50758,2019-10-12 14:57:00,14.3,1023.8,40,331,5.8,0.2,1238.0
50774,2019-10-12 14:57:00,3.6,1023.3,62,338,9.6,0.3,1404.6
50778,2019-10-12 14:57:00,32.5,1006.0,95,255,6.0,1.3,1334.9
50788,2019-10-12 14:57:00,10.8,1020.4,98,4,0.2,0.5,1214.4
50844,2019-10-12 14:57:00,26.8,1002.5,31,220,6.8,1.4,1271.9
50853,2019-10-12 14:57:00,12.6,1007.5,18,224,7.0,1.1,1310.1
50854,2019-10-12 14:57:00,15.5,1016.2,17,199,13.2,1.0,1252.5
50862,2019-10-12 14:57:00,5.5,1005.1,31,224,8.6,0.3,1327.1
50873,2019-10-12 14:57:00,32.6,1002.3,64,269,7.0,1.0,1324.3
50877,2019-10-12 14:57:00,29.7,1022.3,54,107,9.0,1.1,1201.5
50888,2019-10-12 14:57:00,23.0,1014.9,70,230,3.6,0.1,1021.3
50950,2019-10-12 14:57:00,32.5,1007.7,17,45,0.9,1.5,1451.7
50953,2019-10-12 14:57:00,32.4,1004.9,70,227,2.5,1.3,1259.1
50955,2019-10-12 14:57:00,26.3,1022.1,79,226,4.9,1.1,1203.2
50963,2019-10-12 14:57:00,3.1,1025.1,9,142,11.0,0.5,1269.5
50968,2019-10-12 14:57:00,12.6,1022.2,7,299,1.4,1.4,1402.9
50973,2019-10-12 14:57:00,6.3,1011.4,47,342,9.6,1.5,1494.8
50978,2019-10-12 14:57:00,1.1,1010.9,11,20,3.5,1.2,1464.7
50983,2019-10-12 14:57:00,4.6,1007.4,64,58,8.2,0.3,1067.7
54094,2019-10-12 14:57:00,4.7,1020.3,18,315,2.0,0.7,1347.3
54096,2019-10-12 14:57:00,34.9,1013.2,4,312,6.9,0.5,1397.2
57251,2019-10-12 14:57:00,16.2,1017.0,49,38,7.5,0.3,1045.5
57256,2019-10-12 14:57:00,4.1,1007.6,18,239,12.7,0.4,1357.9
57259,2019-10-12 14:57:00,19.3,1004.9,10,177,5.9,0.6,1198.6
57265,2019-10-12 14:57:00,31.9,1004.1,20,315,9.9,0.2,1456.6
57278,2019-10-12 14:57:00,0.9,1010.0,15,25,4.5,0.2,1292.6
57279,2019-10-12 14:57:00,31.5,1011.3,86,193,2.7,0.2,1383.7
57355,2019-10-12 14:57:00,12.4,1003.5,10,146,4.1,0.2,1211.5
57358,2019-10-12 14:57:00,20.5,1026.2,29,81,4.8,0.3,1112.5
57359,2019-10-12 14:57:00,3.7,1013.3,77,127,9.8,1.0,1478.7
57363,2019-10-12 14:57:00,3.8,1022.9,28,84,13.0,0.1,1245.3
57378,2019-10-12 14:57:00,29.8,1018.2,82,123,0.4,0.6,1136.3
57381,2019-10-12 14:57:00,9.4,1005.2,58,9,5.9,0.9,1086.7
57395,2019-10-12 14:57:00,26.2,1023.6,80,209,6.1,1.5,1172.4
57399,2019-10-12 14:57:00,8.4,1021.7,82,85,10.3,0.9,1252.8
57439,2019-10-12 14:57:00,3.2,1020.1,71,22,4.3,1.1,1229.4
57445,2019-10-12 14:57:00,8.5,1000.5,89,17,10.7,0.1,1442.8
57447,2019-10-12 14:57:00,4.5,1019.5,30,19,7.3,0.4,1169.0
57458,2019-10-12 14:57:00,31.9,1021.2,70,158,1.6,1.5,1401.4
57461,2019-10-12 14:57:00,25.8,1017.4,25,225,14.0,0.2,1304.4
57476,2019-10-12 14:57:00,22.9,1022.9,7,215,14.4,0.2,1311.6
57482,2019-10-12 14:57:00,8.5,1010.3,33,283,3.0,0.9,1145.1
57483,2019-10-12 14:57:00,7.8,1017.7,95,343,3.9,0.0,1148.8
57493,2019-10-12 14:57:00,30.8,1000.7,98,168,3.3,0.5,1230.7
57494,2019-10-12 14:57:00,23.6,1022.5,82,168,12.1,1.1,1445.6
57545,2019-10-12 14:57:00,4.2,1023.5,82,172,8.1,1.3,1391.4
57573,2019-10-12 14:57:00,22.9,1017.4,50,109,4.8,1.5,1279.0
57581,2019-10-12 14:57:00,14.0,1000.4,59,68,7.8,1.1,1354.5
57583,2019-10-12 14:57:00,33.3,1020.5,62,126,10.2,1.5,1143.8
57595,2019-10-12 14:57:00,3.8,1025.9,44,114,12.0,0.0,1469.9
58402,2019-10-12 14:57:00,30.1,1002.2,14,296,11.3,0.2,1490.1
58407,2019-10-12 14:57:00,14.2,1014.1,3,174,12.1,1.2,1004.4
58500,2019-10-12 14:57:00,15.1,1021.4,31,213,0.0,0.3,1392.1
57554,2019-10-12 14:57:00,32.2,1022.6,47,70,12.1,0.1,1461.8
57562,2019-10-12 14:57:00,33.2,1001.8,43,118,10.2,1.1,1161.4
57574,2019-10-12 14:57:00,30.4,1013.8,53,122,3.5,0.7,1397.7
57584,2019-10-12 14:57:00,13.3,1006.9,91,39,4.1,0.0,1021.6
57642,2019-10-12 14:57:00,7.1,1020.8,73,67,10.2,0.2,1412.8
57649,2019-10-12 14:57:00,13.1,1014.0,55,328,12.5,0.1,1496.1
57655,2019-10-12 14:57:00,24.4,1025.1,33,278,8.0,0.1,1172.6
57662,2019-10-12 14:57:00,1.0,1018.4,69,105,6.3,0.2,1071.4
57669,2019-10-12 14:57:00,0.3,1023.5,58,137,14.5,0.5,1130.4
57671,2019-10-12 14:57:00,31.0,1006.6,76,342,6.3,0.1,1034.7
57673,2019-10-12 14:57:00,7.8,1005.3,61,349,13.5,0.9,1454.5
57679,2019-10-12 14:57:00,12.6,1017.5,100,314,12.6,0.3,1344.0
57682,2019-10-12 14:57:00,1.9,1004.7,44,68,10.9,0.0,1033.7
57687,2019-10-12 14:57:00,23.9,1001.3,95,224,3.7,0.9,1260.1
57745,2019-10-12 14:57:00,19.6,1026.1,74,281,8.1,0.9,1295.9
57749,2019-10-12 14:57:00,12.9,1014.8,82,325,6.0,0.4,1367.5
57752,2019-10-12 14:57:00,15.0,1003.9,79,188,12.6,0.6,1403.3
57758,2019-10-12 14:57:00,16.4,1012.1,74,152,11.2,0.8,1323.0
57761,2019-10-12 14:57:00,28.5,1008.9,27,353,14.2,1.1,1281.7
57766,2019-10-12 14:57:00,18.2,1018.5,10,102,11.5,0.3,1184.4
57774,2019-10-12 14:57:00,34.4,1013.5,48,114,7.7,0.6,1343.5
57776,2019-10-12 14:57:00,2.7,1010.9,71,183,13.2,1.2,1445.5
57779,2019-10-12 14:57:00,31.7,1012.1,36,287,10.5,0.5,1389.4
57780,2019-10-12 14:57:00,5.3,1005.5,1,172,5.2,1.3,1447.1
57841,2019-10-12 14:57:00,6.8,1010.1,95,185,8.2,0.2,1369.4
57845,2019-10-12 14:57:00,3.0,1014.7,7,354,2.8,0.1,1314.4
57853,2019-10-12 14:57:00,22.3,1007.5,97,37,9.1,0.7,1149.5
57857,2019-10-12 14:57:00,28.9,1000.0,10,16,6.2,0.9,1118.2
57860,2019-10-12 14:57:00,21.0,1013.0,36,161,13.1,0.5,1061.8
57866,2019-10-12 14:57:00,0.4,1026.3,92,214,4.7,0.9,1064.2
57872,2019-10-12 14:57:00,22.5,1025.6,51,258,5.3,1.1,1181.7
57874,2019-10-12 14:57:00,14.4,1014.0,4,63,7.7,0.1,1277.3
57889,2019-10-12 14:57:00,33.4,1015.3,61,193,0.3,0.3,1464.9
57965,2019-10-12 14:57:00,0.0,1016.8,67,40,0.4,1.3,1453.4
57972,2019-10-12 14:57:00,13.0,1001.8,21,291,8.7,0.2,1476.4
57974,2019-10-12 14:57:00,27.8,1023.6,17,97,5.2,0.7,1441.1
50936,2019-10-12 14:57:00,18.0,1016.8,72,29,1.7,0.3,1446.4
50945,2019-10-12 14:57:00,3.5,1005.0,62,357,6.1,0.7,1287.1
50948,2019-10-12 14:57:00,20.6,1021.3,90,318,14.7,1.3,1161.4
50949,2019-10-12 14:57:00,32.8,1002.8,71,28,10.5,1.0,1060.2
54041,2019-10-12 14:57:00,5.8,1018.0,46,308,4.8,1.3,1378.1
54049,2019-10-12 14:57:00,26.3,1016.2,33,18,8.3,0.9,1000.6
54063,2019-10-12 14:57:00,29.1,1002.3,58,261,6.3,1.0,1468.0
54064,2019-10-12 14:57:00,8.5,1024.7,82,188,14.1,0.3,1278.5
54142,2019-10-12 14:57:00,26.4,1007.5,43,185,10.0,1.2,1214.3
54157,2019-10-12 14:57:00,23.0,1007.4,4,296,1.3,1.5,1101.7
54161,2019-10-12 14:57:00,16.8,1005.0,54,142,5.5,1.5,1351.7
54165,2019-10-12 14:57:00,31.1,1019.7,36,351,6.7,0.4,1076.9
54171,2019-10-12 14:57:00,5.8,1016.9,10,356,5.9,0.3,1231.4
54181,2019-10-12 14:57:00,20.5,1005.5,7,112,5.6,0.1,1117.4
54186,2019-10-12 14:57:00,0.1,1001.9,87,338,2.7,1.1,1381.7
54195,2019-10-12 14:57:00,22.0,1001.2,65,81,6.2,0.3,1204.5
54260,2019-10-12 14:57:00,1.8,1015.7,18,29,13.9,1.0,1309.7
54263,2019-10-12 14:57:00,6.1,1015.1,59,42,2.9,0.0,1005.3
54266,2019-10-12 14:57:00,2.8,1005.4,59,207,2.0,0.4,1308.7
54273,2019-10-12 14:57:00,8.3,1023.5,88,70,13.8,0.7,1297.8
54276,2019-10-12 14:57:00,26.9,1013.5,69,179,7.4,1.3,1112.3
54284,2019-10-12 14:57:00,20.4,1007.8,66,14,14.7,1.5,1114.6
54285,2019-10-12 14:57:00,10.8,1019.2,7,343,6.3,1.2,1137.4
54286,2019-10-12 14:57:00,15.9,1003.0,50,71,4.5,1.2,1434.5
54292,2019-10-12 14:57:00,18.4,1015.6,98,255,4.8,1.3,1074.4
54363,2019-10-12 14:57:00,2.4,1019.0,87,298,2.0,0.3,1397.3
54374,2019-10-12 14:57:00,5.3,1010.9,33,305,6.4,0.2,1235.1
54377,2019-10-12 14:57:00,26.2,1012.4,85,151,6.4,0.9,1134.9
54386,2019-10-12 14:57:00,2.9,1010.8,61,15,6.6,0.1,1183.5
58026,2019-10-12 14:57:00,18.1,1016.2,50,320,8.2,0.4,1354.1
58027,2019-10-12 14:57:00,2.7,1008.4,36,180,6.6,1.1,1309.3
58038,2019-10-12 14:57:00,29.2,1015.3,31,39,11.2,1.4,1235.5
58040,2019-10-12 14:57:00,9.7,1001.1,19,241,7.4,0.2,1491.3
58047,2019-10-12 14:57:00,31.2,1020.3,72,68,6.5,0.9,1059.0
58130,2019-10-12 14:57:00,25.6,1016.1,31,121,10.0,0.1,1481.1
58135,2019-10-12 14:57:00,23.0,1024.5,44,18,4.3,0.9,1411.2
58138,2019-10-12 14:57:00,3.3,1006.0,34,218,9.3,1.5,1101.4
58141,2019-10-12 14:57:00,15.0,1015.3,69,1,12.1,1.1,1221.8
58143,2019-10-12 14:57:00,14.2,1013.4,22,189,12.7,1.5,1216.2
58150,2019-10-12 14:57:00,10.9,1016.2,65,348,10.4,0.7,1375.2
58158,2019-10-12 14:57:00,7.8,1022.3,10,136,7.3,1.0,1223.6
58238,2019-10-12 14:57:00,27.1,1023.0,27,356,12.8,1.0,1313.6
58241,2019-10-12 14:57:00,30.5,1004.8,71,112,10.4,0.3,1276.5
58251,2019-10-12 14:57:00,25.3,1012.3,74,234,6.2,0.9,1457.5
58252,2019-10-12 14:57:00,1.3,1025.7,14,35,13.2,1.4,1445.9
58255,2019-10-12 14:57:00,21.1,1007.6,71,3,11.3,1.3,1176.5
58259,2019-10-12 14:57:00,31.7,1009.8,62,116,13.3,0.0,1100.0
58265,2019-10-12 14:57:00,11.5,1015.0,75,132,12.0,1.5,1110.2
58343,2019-10-12 14:57:00,25.8,1009.4,53,332,3.8,0.2,1008.9
58345,2019-10-12 14:57:00,20.6,1006.0,44,127,10.7,0.1,1172.4
58354,2019-10-12 14:57:00,9.1,1006.7,67,334,5.8,0.0,1466.5
58356,2019-10-12 14:57:00,4.5,1021.9,4,331,4.1,0.9,1131.6
58358,2019-10-12 14:57:00,25.9,1006.2,94,148,6.6,0.2,1175.9
57598,2019-10-12 14:57:00,17.1,1003.9,21,296,5.4,1.1,1000.4
57696,2019-10-12 14:57:00,20.9,1006.6,58,112,9.5,1.2,1207.6
57789,2019-10-12 14:57:00,25.2,1017.6,10,37,7.0,0.8,1338.4
57793,2019-10-12 14:57:00,8.4,1001.6,89,145,6.8,0.5,1282.1
57799,2019-10-12 14:57:00,13.8,1005.6,80,192,14.5,0.7,1164.9
57894,2019-10-12 14:57:00,22.7,1024.7,24,173,10.0,0.9,1402.4
57896,2019-10-12 14:57:00,1.8,1005.9,97,341,11.5,0.5,1146.5
57993,2019-10-12 14:57:00,26.6,1005.6,31,348,1.2,0.2,1025.8
58506,2019-10-12 14:57:00,8.5,1018.9,5,349,3.7,0.3,1273.5
58507,2019-10-12 14:57:00,33.3,1005.9,83,315,5.3,1.4,1095.9
58519,2019-10-12 14:57:00,5.1,1025.1,47,41,5.0,0.2,1389.8
58527,2019-10-12 14:57:00,14.1,1017.6,53,162,2.4,1.0,1115.6
58600,2019-10-12 14:57:00,33.7,1019.5,81,251,11.1,0.0,1128.5
58606,2019-10-12 14:57:00,8.5,1006.9,56,263,0.6,1.3,1391.4
58608,2019-10-12 14:57:00,22.1,1001.5,20,145,3.8,0.1,1175.5
58622,2019-10-12 14:57:00,13.0,1024.6,21,35,11.4,0.0,1025.2
58626,2019-10-12 14:57:00,18.3,1000.1,65,248,11.3,0.8,1205.1
58634,2019-10-12 14:57:00,18.3,1019.1,94,177,0.0,1.2,1008.0
58637,2019-10-12 14:57:00,32.1,1013.2,32,118,13.5,1.4,1080.7
58705,2019-10-12 14:57:00,17.6,1022.9,54,134,8.2,0.9,1455.8
58715,2019-10-12 14:57:00,30.4,1023.5,32,26,10.3,0.3,1079.3
58718,2019-10-12 14:57:00,31.1,1015.4,67,87,7.0,0.3,1185.4
58806,2019-10-12 14:57:00,9.3,1009.9,38,331,4.9,0.4,1215.7
58813,2019-10-12 14:57:00,34.9,1003.0,89,109,8.9,0.1,1015.9
59092,2019-10-12 14:57:00,5.7,1023.9,94,359,6.1,0.4,1432.1
59102,2019-10-12 14:57:00,21.7,1000.6,72,58,11.0,1.0,1294.1
54236,2019-10-12 14:57:00,24.5,1007.7,11,48,5.9,1.1,1028.1
54237,2019-10-12 14:57:00,8.4,1024.2,94,44,3.7,0.5,1330.9
54243,2019-10-12 14:57:00,32.2,1024.0,78,109,13.9,0.2,1331.2
54254,2019-10-12 14:57:00,8.5,1006.8,26,140,1.9,0.0,1319.9
54259,2019-10-12 14:57:00,6.7,1019.9,96,166,3.4,0.9,1357.2
54324,2019-10-12 14:57:00,21.0,1009.1,19,283,2.3,0.7,1000.0
54326,2019-10-12 14:57:00,18.9,1007.4,53,230,6.9,1.3,1088.2
54333,2019-10-12 14:57:00,23.4,1013.8,60,274,0.3,1.2,1055.6
54334,2019-10-12 14:57:00,2.9,1001.8,97,338,1.7,1.1,1064.3
54335,2019-10-12 14:57:00,1.8,1004.6,4,316,10.7,0.9,1235.7
54337,2019-10-12 14:57:00,24.8,1014.9,47,273,2.8,0.7,1069.0
54339,2019-10-12 14:57:00,16.2,1002.7,76,261,3.8,0.3,1013.1
54342,2019-10-12 14:57:00,18.8,1000.1,14,108,10.4,0.9,1365.3
54346,2019-10-12 14:57:00,18.9,1021.9,3,315,10.7,1.3,1314.3
54349,2019-10-12 14:57:00,11.7,1000.8,24,248,6.2,0.6,1449.1
54351,2019-10-12 14:57:00,17.6,1021.8,30,203,5.5,1.3,1291.2
54353,2019-10-12 14:57:00,25.8,1026.4,32,247,1.5,1.2,1272.5
54365,2019-10-12 14:57:00,4.9,1011.9,34,256,1.5,1.5,1404.0
54452,2019-10-12 14:57:00,18.9,1004.8,48,270,7.3,0.3,1388.2
54454,2019-10-12 14:57:00,0.7,1005.8,36,181,1.6,0.1,1148.8
54455,2019-10-12 14:57:00,26.4,1020.2,81,37,11.8,1.5,1143.3
54470,2019-10-12 14:57:00,16.9,1016.4,12,297,2.0,0.0,1203.8
54471,2019-10-12 14:57:00,10.4,1010.6,78,68,12.6,0.8,1168.9
54472,2019-10-12 14:57:00,15.3,1000.2,41,50,14.0,0.0,1096.0
54476,2019-10-12 14:57:00,0.1,1001.8,96,122,1.7,1.5,1007.2
54486,2019-10-12 14:57:00,22.5,1014.0,56,50,10.1,0.2,1394.2
54493,2019-10-12 14:57:00,23.5,1015.9,82,186,4.5,1.0,1159.1
54497,2019-10-12 14:57:00,4.7,1018.2,18,326,13.4,1.0,1417.7
54563,2019-10-12 14:57:00,5.4,1022.3,40,325,13.3,0.6,1495.3
54579,2019-10-12 14:57:00,12.0,1001.3,19,127,10.3,0.9,1439.6
54584,2019-10-12 14:57:00,8.5,1012.8,38,77,5.7,0.3,1215.7
54660,2019-10-12 14:57:00,11.3,1023.8,55,221,7.0,0.8,1321.2
54662,2019-10-12 14:57:00,19.1,1006.4,76,306,12.2,0.2,1354.8
50425,2019-10-12 14:57:00,19.9,1002.2,44,337,11.5,1.3,1296.7
50434,2019-10-12 14:57:00,18.9,1013.9,6,76,8.2,1.5,1252.1
50514,2019-10-12 14:57:00,13.5,1017.6,93,167,4.9,1.5,1365.8
50527,2019-10-12 14:57:00,15.7,1024.1,40,31,10.5,1.0,1172.1
50548,2019-10-12 14:57:00,20.1,1006.2,93,76,13.4,1.5,1406.2
50603,2019-10-12 14:57:00,31.2,1008.9,94,249,13.8,1.4,1398.6
50618,2019-10-12 14:57:00,0.1,1020.5,3,134,11.1,0.6,1487.9
50632,2019-10-12 14:57:00,12.9,1019.3,42,167,1.6,0.8,1450.3
50639,2019-10-12 14:57:00,14.3,1021.6,88,2,12.8,1.5,1188.5
50727,2019-10-12 14:57:00,28.6,1008.2,88,83,1.6,0.8,1054.0
50834,2019-10-12 14:57:00,10.0,1001.1,82,126,7.8,1.5,1108.6
50838,2019-10-12 14:57:00,30.7,1023.7,55,155,12.7,0.4,1099.7
50915,2019-10-12 14:57:00,1.5,1008.0,13,77,12.7,1.5,1001.8
50924,2019-10-12 14:57:00,5.8,1000.7,15,352,4.9,0.2,1171.9
52267,2019-10-12 14:57:00,1.8,1025.9,73,233,1.7,0.9,1229.5
52495,2019-10-12 14:57:00,17.4,1000.6,94,218,7.3,1.5,1072.4
52576,2019-10-12 14:57:00,32.3,1013.7,36,66,7.8,1.5,1236.4
53068,2019-10-12 14:57:00,25.0,1010.8,89,324,8.2,0.6,1391.7
53083,2019-10-12 14:57:00,14.7,1017.4,77,91,9.1,0.8,1377.5
53149,2019-10-12 14:57:00,34.8,1026.1,78,234,14.2,1.0,1337.7
53192,2019-10-12 14:57:00,3.6,1022.9,38,340,6.7,0.0,1465.5
53195,2019-10-12 14:57:00,9.1,1006.6,83,132,2.1,1.4,1191.5
53276,2019-10-12 14:57:00,10.1,1011.5,58,228,7.9,0.5,1108.4
53336,2019-10-12 14:57:00,2.9,1013.3,65,61,3.4,0.1,1044.2
53352,2019-10-12 14:57:00,22.9,1023.3,81,218,13.3,0.5,1193.3
53362,2019-10-12 14:57:00,15.3,1019.7,90,359,1.3,0.3,1308.1
53367,2019-10-12 14:57:00,33.6,1009.1,72,221,7.1,0.8,1038.3
53391,2019-10-12 14:57:00,0.9,1002.0,21,253,4.8,1.3,1189.2
53446,2019-10-12 14:57:00,12.0,1003.3,42,34,9.4,1.3,1055.6
53463,2019-10-12 14:57:00,6.3,1022.8,36,81,3.5,0.8,1164.7
53480,2019-10-12 14:57:00,25.3,1018.9,36,337,4.5,1.4,1432.1
53502,2019-10-12 14:57:00,23.0,1016.4,12,49,5.4,0.8,1423.0
53513,2019-10-12 14:57:00,6.1,1011.9,49,208,9.9,0.1,1093.0
53529,2019-10-12 14:57:00,1.6,1020.2,71,52,1.0,0.9,1423.8
53543,2019-10-12 14:57:00,0.0,1009.3,38,145,3.3,0.8,1090.4
53547,2019-10-12 14:57:00,27.0,1022.1,66,247,7.2,0.9,1259.4
53602,2019-10-12 14:57:00,17.2,1007.1,11,33,13.0,1.4,1234.2
54012,2019-10-12 14:57:00,34.6,1019.8,80,55,2.0,0.2,1101.3
54026,2019-10-12 14:57:00,5.1,1024.2,54,195,4.3,1.4,1211.8
54027,2019-10-12 14:57:00,24.5,1018.5,9,236,9.8,0.9,1436.6
54102,2019-10-12 14:57:00,28.7,1004.7,72,70,1.3,0.1,1120.2
54115,2019-10-12 14:57:00,23.7,1025.3,58,267,9.7,1.3,1152.2
54134,2019-10-12 14:57:00,11.7,1023.7,50,230,9.6,1.4,1331.7
54135,2019-10-12 14:57:00,34.1,1012.7,51,289,6.2,1.4,1128.3
54208,2019-10-12 14:57:00,28.0,1009.4,34,142,13.8,0.5,1181.7
54213,2019-10-12 14:57:00,27.8,1005.3,17,279,13.4,0.6,1323.7
54218,2019-10-12 14:57:00,20.5,1006.3,29,122,10.2,0.2,1029.5
54226,2019-10-12 14:57:00,1.6,1025.1,31,52,13.3,0.8,1002.9
53519,2019-10-12 14:57:00,7.2,1022.6,40,107,12.5,0.5,1025.2
53612,2019-10-12 14:57:00,15.5,1001.0,75,287,12.0,1.0,1338.7
53614,2019-10-12 14:57:00,15.0,1020.8,46,139,3.1,1.4,1153.1
53615,2019-10-12 14:57:00,31.6,1020.3,47,234,14.4,0.8,1184.0
53704,2019-10-12 14:57:00,19.7,1015.4,40,15,5.0,0.7,1230.4
53705,2019-10-12 14:57:00,6.2,1007.4,25,152,8.6,0.2,1240.5
53723,2019-10-12 14:57:00,19.7,1013.3,80,85,1.1,0.0,1174.8
53806,2019-10-12 14:57:00,31.3,1009.7,99,78,11.0,0.5,1052.2
53810,2019-10-12 14:57:00,16.6,1017.3,91,165,8.4,1.0,1031.0
53817,2019-10-12 14:57:00,25.2,1026.3,48,53,11.7,0.4,1306.5
53903,2019-10-12 14:57:00,13.5,1002.7,19,33,6.5,1.3,1013.3
53910,2019-10-12 14:57:00,19.5,1016.3,84,202,7.8,0.5,1212.8
51886,2019-10-12 14:57:00,11.6,1013.5,66,345,10.6,1.5,1125.8
52602,2019-10-12 14:57:00,8.8,1009.9,48,197,0.2,0.2,1285.2
52633,2019-10-12 14:57:00,4.8,1006.6,49,298,9.1,1.4,1407.6
52645,2019-10-12 14:57:00,25.6,1004.5,71,217,14.1,0.9,1249.0
52657,2019-10-12 14:57:00,32.1,1001.4,65,39,6.9,1.3,1092.3
52707,2019-10-12 14:57:00,6.2,1022.0,40,88,8.0,0.2,1162.1
52713,2019-10-12 14:57:00,11.3,1006.8,40,88,10.1,0.8,1260.6
52737,2019-10-12 14:57:00,19.8,1017.6,79,273,7.4,0.1,1217.7
52754,2019-10-12 14:57:00,2.0,1019.6,7,224,14.7,1.0,1428.3
52765,2019-10-12 14:57:00,28.7,1023.8,1,196,14.3,0.8,1473.7
52818,2019-10-12 14:57:00,32.3,1004.5,14,282,11.3,0.1,1069.1
52825,2019-10-12 14:57:00,7.1,1023.5,9,339,10.3,1.1,1238.0
52833,2019-10-12 14:57:00,23.7,1013.0,8,212,9.6,0.5,1455.0
52836,2019-10-12 14:57:00,17.8,1020.2,73,123,14.0,0.4,1019.4
52842,2019-10-12 14:57:00,14.9,1002.1,29,131,9.7,0.5,1366.0
52856,2019-10-12 14:57:00,19.9,1021.8,96,297,4.5,0.3,1035.5
52866,2019-10-12 14:57:00,6.9,1019.4,2,288,13.4,0.8,1232.3
52868,2019-10-12 14:57:00,34.6,1001.7,2,9,6.4,0.5,1291.4
52876,2019-10-12 14:57:00,23.8,1003.0,56,172,11.8,1.5,1376.6
52908,2019-10-12 14:57:00,4.5,1012.9,81,20,7.9,1.1,1453.3
52943,2019-10-12 14:57:00,7.1,1013.7,99,266,12.9,1.2,1418.2
52955,2019-10-12 14:57:00,5.9,1013.2,32,216,4.0,0.1,1049.3
52974,2019-10-12 14:57:00,2.1,1001.0,22,233,11.2,0.9,1037.3
56004,2019-10-12 14:57:00,3.4,1000.7,65,340,9.3,0.8,1492.6
56018,2019-10-12 14:57:00,21.2,1008.3,91,148,5.7,0.8,1249.7
56021,2019-10-12 14:57:00,7.2,1024.0,85,22,10.5,0.0,1299.6
56029,2019-10-12 14:57:00,25.1,1023.8,29,353,1.5,0.5,1047.6
56033,2019-10-12 14:57:00,10.2,1015.5,76,343,9.5,0.3,1207.2
56034,2019-10-12 14:57:00,32.6,1014.7,97,61,1.2,1.0,1050.4
56043,2019-10-12 14:57:00,25.1,1006.8,40,278,2.1,0.8,1085.6
56046,2019-10-12 14:57:00,20.4,1005.7,64,75,4.5,1.1,1155.7
56065,2019-10-12 14:57:00,9.4,1025.4,100,232,7.7,0.6,1279.5
56067,2019-10-12 14:57:00,19.0,1005.3,20,210,10.5,0.7,1132.9
56125,2019-10-12 14:57:00,22.0,1005.5,86,300,8.3,0.9,1246.6
56151,2019-10-12 14:57:00,22.4,1021.1,64,282,4.5,1.0,1256.8
54715,2019-10-12 14:57:00,20.7,1013.8,39,74,11.7,0.9,1011.5
54725,2019-10-12 14:57:00,23.4,1010.0,3,298,3.3,1.3,1346.2
54727,2019-10-12 14:57:00,27.1,1004.7,6,219,14.7,0.6,1260.4
54744,2019-10-12 14:57:00,23.5,1025.4,50,259,2.0,0.0,1086.6
54751,2019-10-12 14:57:00,20.9,1009.4,32,27,6.7,1.3,1302.2
54753,2019-10-12 14:57:00,7.5,1010.5,62,273,2.6,1.1,1005.6
54764,2019-10-12 14:57:00,29.7,1023.6,34,190,13.3,0.6,1055.0
54774,2019-10-12 14:57:00,3.2,1010.4,61,76,10.4,0.2,1359.6
54776,2019-10-12 14:57:00,29.6,1025.1,30,54,2.3,0.1,1000.4
54808,2019-10-12 14:57:00,25.5,1003.4,68,177,14.7,0.8,1295.6
54823,2019-10-12 14:57:00,27.8,1002.1,64,186,13.7,0.8,1498.8
54826,2019-10-12 14:57:00,9.0,1005.5,99,93,2.4,0.3,1096.7
54836,2019-10-12 14:57:00,29.1,1019.6,78,147,4.9,0.6,1498.7
54842,2019-10-12 14:57:00,26.4,1010.9,7,313,10.6,1.0,1026.9
54843,2019-10-12 14:57:00,7.3,1007.1,54,358,0.2,1.2,1161.5
54857,2019-10-12 14:57:00,5.3,1006.3,54,342,10.8,0.4,1098.1
54863,2019-10-12 14:57:00,24.2,1025.1,38,155,3.4,1.4,1322.8
54909,2019-10-12 14:57:00,19.1,1024.7,80,328,14.2,1.0,1225.9
54916,2019-10-12 14:57:00,10.5,1024.9,16,133,7.2,0.9,1359.6
54929,2019-10-12 14:57:00,30.3,1005.9,48,176,0.8,1.3,1392.4
54936,2019-10-12 14:57:00,23.4,1025.8,99,105,11.6,1.5,1291.3
54945,2019-10-12 14:57:00,25.5,1010.4,48,255,7.1,0.3,1342.7
58034,2019-10-12 14:57:00,25.9,1019.0,17,175,13.1,0.4,1240.9
53478,2019-10-12 14:57:00,8.9,1011.8,4,300,14.2,0.3,1026.2
53487,2019-10-12 14:57:00,2.5,1010.2,80,161,5.7,1.3,1364.1
53490,2019-10-12 14:57:00,0.8,1006.4,100,173,1.3,0.3,1302.0
53564,2019-10-12 14:57:00,25.7,1019.8,5,64,14.5,1.2,1331.3
53578,2019-10-12 14:57:00,17.7,1005.9,93,291,5.9,0.4,1353.8
53579,2019-10-12 14:57:00,21.7,1018.2,62,276,0.1,0.8,1302.9
53588,2019-10-12 14:57:00,4.9,1014.7,57,201,3.6,0.7,1392.7
53594,2019-10-12 14:57:00,4.8,1001.6,67,231,8.4,0.6,1156.1
53663,2019-10-12 14:57:00,32.2,1009.3,68,47,4.9,1.2,1225.9
53664,2019-10-12 14:57:00,18.7,1024.3,52,33,0.5,0.8,1388.8
53673,2019-10-12 14:57:00,3.1,1012.8,100,206,3.0,1.1,1499.8
53687,2019-10-12 14:57:00,3.5,1010.4,58,101,12.3,0.7,1013.1
53764,2019-10-12 14:57:00,0.0,1026.1,60,249,9.1,0.3,1015.9
53772,2019-10-12 14:57:00,6.8,1014.1,88,181,14.9,1.4,1290.5
53775,2019-10-12 14:57:00,24.2,1008.1,37,84,6.5,0.7,1363.0
53787,2019-10-12 14:57:00,0.0,1003.2,34,206,0.6,0.6,1197.0
53853,2019-10-12 14:57:00,34.9,1003.0,52,231,11.1,0.3,1206.4
53859,2019-10-12 14:57:00,2.6,1004.2,81,57,13.3,0.4,1083.8
53863,2019-10-12 14:57:00,19.9,1015.5,66,90,6.7,0.1,1085.6
53868,2019-10-12 14:57:00,27.7,1016.8,89,61,8.2,0.9,1001.1
53877,2019-10-12 14:57:00,9.5,1024.3,40,112,7.8,0.7,1051.7
53882,2019-10-12 14:57:00,3.5,1009.6,96,196,9.8,0.7,1414.5
53884,2019-10-12 14:57:00,6.7,1025.5,97,257,0.6,0.9,1492.9
53959,2019-10-12 14:57:00,31.7,1006.6,66,151,10.6,0.9,1207.0
53963,2019-10-12 14:57:00,12.8,1019.8,45,178,4.1,0.8,1063.9
53968,2019-10-12 14:57:00,6.6,1023.9,66,173,3.5,0.8,1437.6
53975,2019-10-12 14:57:00,33.5,1021.8,60,78,8.3,1.1,1124.5
57052,2019-10-12 14:57:00,34.8,1018.3,47,168,3.6,1.1,1227.2
53646,2019-10-12 14:57:00,14.5,1009.8,25,300,4.8,0.4,1244.8
53651,2019-10-12 14:57:00,27.9,1021.4,14,12,3.3,1.1,1028.6
53725,2019-10-12 14:57:00,23.1,1009.6,93,125,8.1,0.3,1281.7
53735,2019-10-12 14:57:00,18.6,1018.9,15,208,12.9,1.2,1109.7
53738,2019-10-12 14:57:00,25.9,1014.3,57,98,9.3,1.2,1292.0
53740,2019-10-12 14:57:00,29.1,1020.6,55,192,0.5,0.7,1015.7
53754,2019-10-12 14:57:00,7.3,1012.8,76,293,14.2,1.1,1155.4
53845,2019-10-12 14:57:00,1.3,1001.8,99,80,2.9,0.9,1226.3
53854,2019-10-12 14:57:00,28.8,1005.3,79,115,9.9,1.0,1487.0
53929,2019-10-12 14:57:00,8.7,1004.2,29,154,11.8,1.0,1082.0
53942,2019-10-12 14:57:00,24.1,1001.2,64,78,5.0,0.6,1146.4
53948,2019-10-12 14:57:00,14.2,1014.5,4,228,7.6,1.3,1431.4
53955,2019-10-12 14:57:00,25.6,1016.1,62,166,4.0,0.7,1354.9
57003,2019-10-12 14:57:00,9.5,1012.4,80,353,9.1,1.1,1253.3
57025,2019-10-12 14:57:00,20.7,1024.9,39,286,4.6,1.3,1067.1
57028,2019-10-12 14:57:00,14.8,1010.2,38,183,14.9,0.8,1287.5
57030,2019-10-12 14:57:00,18.7,1025.5,24,75,6.2,0.5,1231.1
57034,2019-10-12 14:57:00,34.6,1016.1,96,225,10.0,1.0,1076.8
57037,2019-10-12 14:57:00,16.8,1012.2,51,24,3.1,1.2,1223.7
57046,2019-10-12 14:57:00,8.3,1001.1,97,16,8.3,0.5,1442.4
57048,2019-10-12 14:57:00,27.5,1024.9,35,120,12.4,0.9,1322.2
57049,2019-10-12 14:57:00,11.5,1007.6,50,182,7.3,0.0,1214.2
57106,2019-10-12 14:57:00,10.2,1022.7,71,289,11.1,0.8,1306.4
57124,2019-10-12 14:57:00,20.9,1010.3,17,182,14.9,1.2,1132.6
57127,2019-10-12 14:57:00,28.8,1016.9,22,158,13.0,0.7,1214.5
57131,2019-10-12 14:57:00,15.0,1007.2,79,103,1.5,1.5,1469.7
57134,2019-10-12 14:57:00,25.9,1017.3,78,164,4.7,0.7,1307.0
57140,2019-10-12 14:57:00,19.1,1011.9,59,83,12.7,0.7,1035.0
57143,2019-10-12 14:57:00,26.6,1013.1,77,156,14.3,0.6,1211.1
57144,2019-10-12 14:57:00,11.7,1012.0,17,220,7.2,0.2,1250.5
57154,2019-10-12 14:57:00,19.1,1013.1,15,288,4.6,0.7,1157.2
57211,2019-10-12 14:57:00,3.4,1002.6,30,26,11.0,0.0,1265.9
57232,2019-10-12 14:57:00,31.4,1014.2,36,11,1.0,0.8,1427.1
57238,2019-10-12 14:57:00,33.3,1010.2,74,179,1.7,0.9,1012.3
57245,2019-10-12 14:57:00,5.5,1023.9,36,192,0.7,0.5,1242.8
57343,2019-10-12 14:57:00,7.6,1002.8,10,191,8.4,1.4,1496.1
58362,2019-10-12 14:57:00,8.0,1002.5,20,356,9.9,0.6,1087.7
56038,2019-10-12 14:57:00,31.2,1023.0,95,15,13.4,0.7,1387.9
56079,2019-10-12 14:57:00,10.1,1004.7,7,226,14.3,0.5,1455.6
56144,2019-10-12 14:57:00,4.6,1002.8,95,248,13.6,0.7,1339.0
56146,2019-10-12 14:57:00,8.0,1015.9,22,158,7.4,0.8,1263.6
56152,2019-10-12 14:57:00,17.2,1024.9,63,178,2.1,0.9,1118.1
56167,2019-10-12 14:57:00,27.6,1020.1,53,330,8.5,0.6,1452.3
56172,2019-10-12 14:57:00,29.5,1024.1,39,25,14.4,0.8,1394.5
56173,2019-10-12 14:57:00,16.7,1012.1,58,274,13.2,1.1,1279.7
56178,2019-10-12 14:57:00,14.1,1020.1,29,124,2.2,0.6,1357.9
56182,2019-10-12 14:57:00,11.0,1017.1,33,42,3.0,0.4,1232.2
56187,2019-10-12 14:57:00,28.4,1010.6,73,200,4.7,1.4,1020.1
56188,2019-10-12 14:57:00,25.6,1001.4,31,178,13.2,1.2,1390.6
56196,2019-10-12 14:57:00,10.8,1025.4,7,223,4.0,1.0,1084.0
56247,2019-10-12 14:57:00,16.0,1022.0,35,189,8.4,0.2,1487.0
56251,2019-10-12 14:57:00,17.7,1005.2,28,153,9.8,0.3,1121.4
56257,2019-10-12 14:57:00,10.1,1006.4,71,321,0.5,0.5,1305.3
56287,2019-10-12 14:57:00,1.5,1012.6,6,274,11.0,0.7,1459.2
56357,2019-10-12 14:57:00,23.5,1025.6,90,287,8.1,0.7,1198.6
56374,2019-10-12 14:57:00,14.7,1016.1,92,241,9.3,0.6,1103.4
56385,2019-10-12 14:57:00,2.1,1005.2,1,140,7.8,1.5,1069.1
56386,2019-10-12 14:57:00,6.3,1011.4,7,184,6.7,1.1,1259.4
56459,2019-10-12 14:57:00,24.3,1013.9,9,199,2.7,0.9,1240.1
56462,2019-10-12 14:57:00,7.8,1018.7,28,334,6.3,1.5,1156.6
56475,2019-10-12 14:57:00,13.3,1009.9,23,271,10.7,1.5,1347.4
56479,2019-10-12 14:57:00,26.4,1004.0,78,163,12.6,0.3,1231.3
56485,2019-10-12 14:57:00,15.7,1009.1,79,220,7.2,0.2,1398.7
56492,2019-10-12 14:57:00,27.6,1011.7,99,328,1.1,1.4,1231.0
56565,2019-10-12 14:57:00,19.1,1013.7,42,124,8.6,0.0,1365.3
56571,2019-10-12 14:57:00,7.1,1003.3,79,3,4.3,0.0,1192.8
56666,2019-10-12 14:57:00,13.6,1001.6,59,302,8.8,0.8,1317.1
56671,2019-10-12 14:57:00,16.6,1021.8,34,110,1.5,0.0,1125.8
57206,2019-10-12 14:57:00,3.2,1022.7,5,212,11.1,0.1,1264.9
57237,2019-10-12 14:57:00,21.5,1013.8,24,15,5.6,0.1,1333.7
57306,2019-10-12 14:57:00,25.9,1024.9,89,260,10.3,0.2,1329.8
57313,2019-10-12 14:57:00,20.3,1006.1,17,313,1.4,1.0,1395.2
57314,2019-10-12 14:57:00,29.6,1018.3,86,137,0.2,0.9,1146.9
57328,2019-10-12 14:57:00,3.8,1005.4,50,152,10.4,0.0,1348.5
57405,2019-10-12 14:57:00,6.0,1022.6,38,274,3.7,1.0,1498.1
57411,2019-10-12 14:57:00,11.3,1016.4,70,143,1.1,0.6,1230.8
57503,2019-10-12 14:57:00,8.2,1008.2,53,197,8.0,0.6,1149.3
57604,2019-10-12 14:57:00,0.8,1022.1,81,37,7.2,0.9,1436.8
57608,2019-10-12 14:57:00,7.2,1003.2,70,60,7.8,1.4,1211.1
54525,2019-10-12 14:57:00,7.6,1016.9,42,8,6.1,1.5,1295.6
54527,2019-10-12 14:57:00,6.1,1006.3,81,359,14.5,0.9,1252.2
54623,2019-10-12 14:57:00,32.5,1026.0,28,81,10.8,0.7,1464.6
55228,2019-10-12 14:57:00,2.2,1018.1,20,328,14.0,0.0,1185.6
55248,2019-10-12 14:57:00,22.4,1002.7,7,326,13.3,0.8,1350.9
55279,2019-10-12 14:57:00,32.9,1004.8,38,48,11.8,0.6,1144.1
55294,2019-10-12 14:57:00,18.5,1005.0,81,112,13.0,0.7,1224.2
55299,2019-10-12 14:57:00,2.5,1011.1,64,29,5.5,0.2,1057.7
55437,2019-10-12 14:57:00,28.8,1024.0,30,16,2.4,1.2,1077.8
55472,2019-10-12 14:57:00,20.5,1002.8,1,22,10.1,0.9,1153.2
55493,2019-10-12 14:57:00,22.3,1020.4,43,264,11.4,1.1,1435.2
55569,2019-10-12 14:57:00,17.6,1000.2,82,137,10.1,0.0,1182.3
55578,2019-10-12 14:57:00,27.6,1015.7,41,321,0.7,1.3,1166.0
55585,2019-10-12 14:57:00,28.0,1007.7,72,9,9.5,0.3,1143.9
55591,2019-10-12 14:57:00,0.5,1024.8,66,39,2.4,0.4,1304.0
55598,2019-10-12 14:57:00,10.1,1019.8,84,239,6.7,0.8,1410.8
55655,2019-10-12 14:57:00,21.6,1023.4,88,114,14.7,0.3,1473.6
55664,2019-10-12 14:57:00,33.1,1018.1,46,88,10.6,0.5,1491.0
55680,2019-10-12 14:57:00,12.4,1016.4,73,112,0.7,0.5,1028.1
55681,2019-10-12 14:57:00,31.2,1012.4,32,125,8.4,0.6,1403.6
55690,2019-10-12 14:57:00,2.9,1021.3,94,252,4.7,0.4,1201.5
55696,2019-10-12 14:57:00,28.7,1008.2,28,131,0.5,0.0,1308.5
55773,2019-10-12 14:57:00,17.5,1019.5,21,57,4.0,0.4,1033.8
56106,2019-10-12 14:57:00,4.7,1020.0,97,213,8.5,1.5,1112.2
56116,2019-10-12 14:57:00,4.6,1016.4,28,253,12.7,1.2,1202.7
56137,2019-10-12 14:57:00,33.4,1022.7,46,271,6.1,1.2,1316.3
56202,2019-10-12 14:57:00,7.3,1001.3,66,312,9.4,0.1,1491.2
56223,2019-10-12 14:57:00,11.3,1023.3,23,203,1.8,1.0,1418.6
56227,2019-10-12 14:57:00,4.9,1018.3,80,85,14.2,0.2,1055.4
56312,2019-10-12 14:57:00,30.0,1010.8,97,209,8.0,0.5,1007.3
56331,2019-10-12 14:57:00,16.0,1008.7,47,252,6.8,1.5,1304.6
56434,2019-10-12 14:57:00,33.6,1004.0,98,168,8.3,1.5,1058.2
51053,2019-10-12 14:57:00,10.0,1005.8,53,309,14.1,0.8,1402.7
51059,2019-10-12 14:57:00,27.2,1011.8,86,48,6.9,0.9,1206.1
51060,2019-10-12 14:57:00,0.5,1009.2,31,245,9.6,1.3,1486.2
51068,2019-10-12 14:57:00,5.3,1011.2,6,198,9.5,0.2,1442.6
51076,2019-10-12 14:57:00,23.9,1013.7,63,294,12.0,1.4,1198.7
51087,2019-10-12 14:57:00,11.5,1018.8,79,169,13.9,0.3,1440.0
51133,2019-10-12 14:57:00,16.3,1025.9,17,49,12.6,1.4,1305.4
51156,2019-10-12 14:57:00,30.7,1005.2,64,19,2.0,0.4,1315.2
51186,2019-10-12 14:57:00,9.5,1007.7,49,127,10.1,1.0,1226.1
51232,2019-10-12 14:57:00,22.2,1005.8,27,184,12.7,0.8,1316.2
51238,2019-10-12 14:57:00,9.0,1001.4,44,98,12.3,1.5,1025.0
51241,2019-10-12 14:57:00,1.0,1012.7,47,65,8.9,0.9,1115.0
51243,2019-10-12 14:57:00,26.6,1024.0,87,118,5.4,1.4,1233.4
51288,2019-10-12 14:57:00,12.3,1020.8,61,318,12.6,0.6,1269.0
51330,2019-10-12 14:57:00,16.7,1026.1,100,23,12.0,1.1,1411.5
51334,2019-10-12 14:57:00,34.6,1001.1,94,176,2.0,1.5,1187.5
51346,2019-10-12 14:57:00,4.1,1007.0,91,323,8.0,1.2,1184.6
51358,2019-10-12 14:57:00,20.1,1010.9,81,351,11.2,0.4,1471.7
51365,2019-10-12 14:57:00,15.8,1023.3,36,154,7.4,0.2,1058.7
51367,2019-10-12 14:57:00,24.1,1004.1,76,182,4.0,0.0,1041.1
51379,2019-10-12 14:57:00,7.8,1024.6,66,290,1.2,1.5,1212.4
51431,2019-10-12 14:57:00,32.0,1007.6,49,249,0.0,0.8,1331.6
51433,2019-10-12 14:57:00,24.9,1011.7,94,164,10.0,0.8,1148.6
51437,2019-10-12 14:57:00,15.4,1000.7,73,233,14.8,1.2,1232.8
51463,2019-10-12 14:57:00,10.7,1013.8,60,249,3.0,0.0,1219.3
51467,2019-10-12 14:57:00,7.6,1021.8,18,178,12.1,0.9,1089.0
51469,2019-10-12 14:57:00,11.4,1012.9,93,219,7.1,0.2,1457.2
51470,2019-10-12 14:57:00,20.4,1021.3,46,330,13.5,0.6,1275.7
51477,2019-10-12 14:57:00,19.1,1006.8,44,134,3.8,0.2,1456.5
51495,2019-10-12 14:57:00,18.0,1024.0,48,94,11.4,1.2,1468.3
51526,2019-10-12 14:57:00,24.7,1016.4,74,199,3.3,0.9,1028.9
51542,2019-10-12 14:57:00,5.7,1003.0,46,88,12.4,0.7,1111.1
51567,2019-10-12 14:57:00,33.4,1007.6,7,145,13.1,0.9,1103.0
51573,2019-10-12 14:57:00,8.0,1023.1,96,72,8.6,1.0,1447.5
51581,2019-10-12 14:57:00,16.7,1005.9,12,278,4.3,0.4,1391.5
51628,2019-10-12 14:57:00,30.7,1008.1,49,353,1.1,0.9,1012.1
51633,2019-10-12 14:57:00,8.2,1005.6,93,19,4.9,1.0,1354.5
51639,2019-10-12 14:57:00,25.2,1009.0,17,34,10.8,0.4,1487.0
51642,2019-10-12 14:57:00,20.3,1016.1,5,207,6.5,0.0,1425.3
51644,2019-10-12 14:57:00,1.3,1001.1,83,319,1.2,0.2,1310.5
51655,2019-10-12 14:57:00,22.5,1009.1,35,91,1.4,1.5,1495.2
51656,2019-10-12 14:57:00,25.3,1010.7,8,206,12.9,0.7,1375.3
51701,2019-10-12 14:57:00,12.4,1017.4,47,4,4.6,1.1,1434.2
51704,2019-10-12 14:57:00,6.1,1022.6,17,354,2.7,0.2,1115.6
51705,2019-10-12 14:57:00,32.6,1012.8,86,198,1.1,1.2,1394.4
51709,2019-10-12 14:57:00,22.0,1021.1,45,239,8.0,1.1,1274.1
51711,2019-10-12 14:57:00,15.7,1006.3,39,191,11.8,0.1,1132.1
51716,2019-10-12 14:57:00,15.9,1017.0,19,319,6.1,1.4,1069.2
51720,2019-10-12 14:57:00,26.3,1015.2,19,344,2.0,1.2,1099.2
51730,2019-10-12 14:57:00,4.4,1002.0,85,228,13.3,0.0,1471.9
51747,2019-10-12 14:57:00,18.1,1013.1,87,257,0.9,0.8,1087.6
51765,2019-10-12 14:57:00,25.9,1020.8,69,283,10.3,1.1,1120.4
51777,2019-10-12 14:57:00,12.9,1003.5,81,267,6.4,0.7,1032.3
51804,2019-10-12 14:57:00,8.8,1008.7,95,159,8.9,0.2,1441.1
51810,2019-10-12 14:57:00,21.6,1025.3,29,37,13.9,0.2,1201.2
51811,2019-10-12 14:57:00,26.5,1004.5,1,118,10.4,1.2,1383.4
51818,2019-10-12 14:57:00,22.3,1009.9,49,326,13.7,0.9,1438.8
51828,2019-10-12 14:57:00,3.9,1014.5,77,308,13.9,0.6,1131.3
51839,2019-10-12 14:57:00,17.7,1013.2,88,292,11.0,0.7,1443.0
51855,2019-10-12 14:57:00,2.5,1012.6,57,82,7.4,0.8,1191.0
51931,2019-10-12 14:57:00,21.2,1015.7,54,129,13.8,0.6,1323.0
52101,2019-10-12 14:57:00,18.2,1015.8,1,49,11.3,0.5,1292.8
52112,2019-10-12 14:57:00,19.0,1019.6,77,232,5.6,0.8,1214.7
52118,2019-10-12 14:57:00,31.4,1008.9,26,70,1.3,1.4,1103.7
52203,2019-10-12 14:57:00,16.5,1018.7,5,197,2.1,0.1,1222.5
52313,2019-10-12 14:57:00,9.1,1021.1,75,37,9.4,1.4,1333.2
56444,2019-10-12 14:57:00,6.4,1002.8,36,263,0.5,1.2,1105.1
56533,2019-10-12 14:57:00,7.0,1005.3,84,249,10.9,0.1,1133.4
56543,2019-10-12 14:57:00,19.4,1010.5,76,89,3.9,1.5,1441.8
56548,2019-10-12 14:57:00,3.1,1009.4,38,273,10.0,0.3,1136.7
56586,2019-10-12 14:57:00,6.4,1000.5,82,108,14.1,0.0,1439.0
56643,2019-10-12 14:57:00,25.5,1004.5,72,71,1.0,0.7,1406.2
56651,2019-10-12 14:57:00,32.5,1012.8,45,256,1.5,1.5,1334.1
56664,2019-10-12 14:57:00,23.7,1003.6,37,205,9.0,1.3,1070.1
56684,2019-10-12 14:57:00,29.9,1008.9,54,39,12.2,0.2,1451.3
56739,2019-10-12 14:57:00,7.7,1018.2,73,251,8.5,1.1,1129.4
56748,2019-10-12 14:57:00,18.0,1002.7,67,19,7.2,1.0,1341.1
56751,2019-10-12 14:57:00,27.6,1008.2,27,262,8.3,0.6,1396.6
56763,2019-10-12 14:57:00,3.2,1007.3,51,257,2.4,0.7,1321.6
56768,2019-10-12 14:57:00,28.1,1022.4,58,221,9.3,1.3,1232.1
56778,2019-10-12 14:57:00,9.5,1017.3,99,258,8.3,0.5,1467.0
56786,2019-10-12 14:57:00,29.3,1018.0,66,183,10.9,1.5,1214.1
56838,2019-10-12 14:57:00,23.7,1012.1,97,267,14.4,0.2,1433.5
56856,2019-10-12 14:57:00,4.8,1023.8,95,157,14.4,1.1,1310.2
56872,2019-10-12 14:57:00,7.3,1001.1,4,168,11.4,0.5,1257.4
56875,2019-10-12 14:57:00,22.7,1001.3,49,105,14.6,0.1,1079.5
56886,2019-10-12 14:57:00,30.6,1025.7,38,110,11.5,1.3,1011.9
56946,2019-10-12 14:57:00,26.6,1000.4,55,359,3.7,0.4,1484.8
56950,2019-10-12 14:57:00,1.4,1001.0,28,202,4.1,0.2,1366.4
56951,2019-10-12 14:57:00,30.0,1016.5,90,75,10.6,0.5,1055.8
56954,2019-10-12 14:57:00,1.5,1024.7,61,319,6.1,0.9,1298.8
56959,2019-10-12 14:57:00,22.5,1024.8,80,239,11.7,0.5,1107.3
56964,2019-10-12 14:57:00,26.8,1011.1,68,28,14.1,1.0,1447.5
56966,2019-10-12 14:57:00,25.5,1010.5,54,121,6.8,1.4,1216.1
56969,2019-10-12 14:57:00,31.2,1006.3,58,298,13.7,1.3,1149.6
56977,2019-10-12 14:57:00,13.3,1016.5,48,239,5.0,1.4,1061.4
56985,2019-10-12 14:57:00,19.4,1006.6,91,253,9.9,0.1,1378.1
56986,2019-10-12 14:57:00,7.3,1018.1,25,56,13.8,0.1,1273.0
56991,2019-10-12 14:57:00,18.2,1010.8,66,170,5.6,1.4,1497.5
59007,2019-10-12 14:57:00,26.4,1007.7,99,325,10.7,1.3,1024.7
58448,2019-10-12 14:57:00,20.6,1001.8,96,38,13.6,0.9,1265.0
58450,2019-10-12 14:57:00,13.5,1011.7,18,251,10.5,0.6,1003.7
58457,2019-10-12 14:57:00,23.4,1009.3,77,300,9.9,0.9,1387.0
58464,2019-10-12 14:57:00,8.4,1017.1,44,213,5.8,0.9,1304.1
58467,2019-10-12 14:57:00,6.7,1013.0,28,336,11.5,1.0,1107.3
58472,2019-10-12 14:57:00,13.4,1025.5,58,51,10.9,0.7,1488.3
58477,2019-10-12 14:57:00,24.7,1015.4,30,157,14.4,0.5,1002.6
58543,2019-10-12 14:57:00,6.9,1016.9,45,181,1.5,0.3,1002.9
58549,2019-10-12 14:57:00,20.8,1023.2,58,50,12.2,1.2,1329.1
58553,2019-10-12 14:57:00,33.0,1007.3,73,210,2.0,0.1,1154.3
58556,2019-10-12 14:57:00,20.1,1020.8,5,223,12.9,0.6,1088.0
58557,2019-10-12 14:57:00,8.5,1010.8,63,269,14.2,0.6,1076.6
58562,2019-10-12 14:57:00,7.7,1015.2,30,4,2.9,0.2,1363.0
58569,2019-10-12 14:57:00,21.5,1025.2,93,282,3.0,0.0,1333.8
58633,2019-10-12 14:57:00,23.5,1022.3,68,112,10.8,0.7,1421.0
58646,2019-10-12 14:57:00,19.6,1024.9,82,2,5.5,0.3,1423.8
58652,2019-10-12 14:57:00,13.8,1007.9,7,189,10.3,1.5,1087.7
58665,2019-10-12 14:57:00,6.8,1000.8,21,200,14.5,0.8,1412.2
58666,2019-10-12 14:57:00,30.5,1008.1,69,90,3.1,0.3,1497.4
58667,2019-10-12 14:57:00,31.0,1014.7,44,317,12.4,0.0,1480.2
58742,2019-10-12 14:57:00,30.8,1008.8,28,68,12.9,0.9,1354.9
58752,2019-10-12 14:57:00,10.7,1007.0,36,290,4.3,1.1,1450.4
58760,2019-10-12 14:57:00,22.2,1003.1,46,219,10.4,1.3,1266.0
57348,2019-10-12 14:57:00,4.2,1000.2,18,117,6.5,1.2,1182.7
57426,2019-10-12 14:57:00,15.3,1019.5,51,180,11.3,0.1,1003.0
57432,2019-10-12 14:57:00,20.8,1002.7,91,70,8.2,1.3,1246.3
57502,2019-10-12 14:57:00,6.0,1007.9,11,147,0.5,0.8,1061.0
57512,2019-10-12 14:57:00,13.1,1015.8,41,207,7.6,0.5,1341.8
57516,2019-10-12 14:57:00,13.3,1001.1,84,284,6.1,0.1,1152.3
57517,2019-10-12 14:57:00,28.4,1013.9,57,42,12.6,0.2,1211.3
57520,2019-10-12 14:57:00,8.8,1021.3,5,137,5.7,0.2,1213.6
57523,2019-10-12 14:57:00,34.3,1022.4,95,67,9.8,0.7,1471.7
57536,2019-10-12 14:57:00,28.3,1013.9,4,119,1.6,0.6,1083.0
57612,2019-10-12 14:57:00,17.1,1003.8,60,48,13.7,0.3,1354.4
57633,2019-10-12 14:57:00,32.9,1005.9,87,163,8.9,1.0,1425.8
