58015,2019-10-13 22:25:00,27.1,1013.0,92,183,3.2,1.1,1302.8
58102,2019-10-13 22:25:00,0.2,1006.1,77,230,9.1,0.1,1234.3
58118,2019-10-13 22:25:00,11.7,1006.3,1,303,6.5,1.1,1411.1
58122,2019-10-13 22:25:00,23.3,1008.0,45,325,10.4,0.1,1372.6
58203,2019-10-13 22:25:00,2.6,1022.6,58,224,1.8,0.8,1376.7
58215,2019-10-13 22:25:00,3.0,1009.6,69,204,6.8,1.2,1027.6
58221,2019-10-13 22:25:00,28.5,1007.5,75,328,3.5,0.3,1005.4
58225,2019-10-13 22:25:00,23.2,1013.2,60,310,4.8,1.5,1474.8
58236,2019-10-13 22:25:00,11.7,1023.3,57,250,7.6,1.0,1054.3
58311,2019-10-13 22:25:00,3.2,1002.2,34,339,1.6,1.3,1143.5
58314,2019-10-13 22:25:00,7.2,1010.0,14,265,12.3,0.4,1394.6
58319,2019-10-13 22:25:00,32.6,1011.2,91,341,4.1,0.5,1400.2
58321,2019-10-13 22:25:00,12.5,1018.7,60,286,13.0,1.1,1334.7
58326,2019-10-13 22:25:00,33.2,1019.4,71,353,4.4,0.3,1419.5
58336,2019-10-13 22:25:00,29.1,1020.9,21,136,5.1,1.4,1445.5
58338,2019-10-13 22:25:00,16.6,1012.6,20,167,4.5,1.3,1488.8
58414,2019-10-13 22:25:00,17.3,1019.3,52,18,7.0,0.6,1426.1
58419,2019-10-13 22:25:00,1.8,1025.6,41,8,10.7,1.0,1311.1
58424,2019-10-13 22:25:00,28.4,1008.7,20,53,7.3,0.3,1207.4
58429,2019-10-13 22:25:00,32.2,1008.7,56,343,5.3,1.0,1411.9
58436,2019-10-13 22:25:00,10.7,1020.8,91,155,5.1,0.1,1383.3
58437,2019-10-13 22:25:00,23.3,1022.4,90,305,13.2,0.5,1369.2
58520,2019-10-13 22:25:00,28.7,1024.3,100,345,11.0,1.0,1052.4
58531,2019-10-13 22:25:00,21.3,1017.0,21,119,8.7,1.1,1125.7
54406,2019-10-13 22:25:00,5.2,1023.6,5,231,9.1,1.4,1340.2
54416,2019-10-13 22:25:00,22.6,1002.1,44,315,14.0,1.2,1456.9
54511,2019-10-13 22:25:00,24.3,1020.3,79,323,5.6,0.9,1123.9
58725,2019-10-13 22:25:00,2.5,1014.6,20,229,10.8,0.7,1225.5
58730,2019-10-13 22:25:00,15.1,1018.3,24,140,7.1,0.0,1227.5
58731,2019-10-13 22:25:00,29.3,1015.2,15,357,1.0,0.6,1499.4
58734,2019-10-13 22:25:00,19.0,1013.5,18,136,0.6,1.1,1172.7
58737,2019-10-13 22:25:00,1.4,1026.0,53,281,7.3,0.3,1206.5
58744,2019-10-13 22:25:00,33.5,1015.1,44,180,13.6,0.7,1398.5
58754,2019-10-13 22:25:00,4.1,1010.7,10,145,12.1,0.3,1048.1
58818,2019-10-13 22:25:00,14.5,1025.1,60,146,7.4,0.5,1035.0
58820,2019-10-13 22:25:00,9.8,1012.1,60,164,10.1,1.5,1200.2
58834,2019-10-13 22:25:00,26.2,1000.2,9,129,0.3,0.7,1115.6
58837,2019-10-13 22:25:00,18.8,1014.2,16,182,1.9,1.2,1419.1
58843,2019-10-13 22:25:00,9.7,1005.2,62,159,2.9,1.3,1310.1
58846,2019-10-13 22:25:00,2.8,1024.0,33,205,2.6,1.1,1259.5
58847,2019-10-13 22:25:00,8.7,1009.0,8,286,14.2,1.1,1128.6
58911,2019-10-13 22:25:00,24.8,1000.5,59,29,14.3,1.3,1112.6
58918,2019-10-13 22:25:00,31.9,1008.4,19,9,4.6,0.8,1496.2
58921,2019-10-13 22:25:00,24.1,1026.3,7,222,5.5,0.6,1028.6
58926,2019-10-13 22:25:00,25.8,1024.7,50,73,3.7,0.4,1033.3
58927,2019-10-13 22:25:00,25.5,1016.8,89,278,14.5,1.4,1205.4
58931,2019-10-13 22:25:00,11.7,1020.6,60,345,2.0,1.0,1189.0
58933,2019-10-13 22:25:00,9.7,1017.7,4,6,6.5,0.5,1163.5
58936,2019-10-13 22:25:00,4.8,1000.9,97,223,8.1,0.5,1172.5
58944,2019-10-13 22:25:00,9.1,1013.5,90,101,3.0,0.9,1230.0
59113,2019-10-13 22:25:00,4.9,1000.5,1,156,14.8,0.7,1347.1
59126,2019-10-13 22:25:00,13.6,1010.1,36,98,5.3,1.0,1239.3
59133,2019-10-13 22:25:00,5.6,1010.4,66,192,5.1,0.5,1317.9
59134,2019-10-13 22:25:00,27.6,1018.5,66,123,6.5,1.0,1129.2
59321,2019-10-13 22:25:00,32.1,1013.5,85,172,6.2,1.2,1455.8
52323,2019-10-13 22:25:00,7.2,1007.8,62,242,8.9,0.5,1281.8
52418,2019-10-13 22:25:00,20.4,1008.4,58,35,14.1,1.0,1122.7
52424,2019-10-13 22:25:00,15.3,1005.0,57,346,14.7,0.5,1098.5
52436,2019-10-13 22:25:00,31.8,1023.4,35,351,11.6,0.2,1301.4
52446,2019-10-13 22:25:00,27.4,1023.9,77,200,10.7,0.1,1325.3
52447,2019-10-13 22:25:00,23.9,1006.1,95,353,2.8,0.3,1098.1
52533,2019-10-13 22:25:00,29.0,1015.5,22,263,6.2,1.3,1114.0
52546,2019-10-13 22:25:00,10.2,1006.5,72,105,8.1,0.5,1056.4
52652,2019-10-13 22:25:00,24.8,1024.7,73,135,8.6,0.0,1369.0
52661,2019-10-13 22:25:00,24.5,1020.2,42,314,2.6,1.5,1329.5
52674,2019-10-13 22:25:00,33.3,1024.4,49,155,1.6,0.9,1276.8
52679,2019-10-13 22:25:00,15.8,1004.3,32,242,10.0,1.0,1459.3
52681,2019-10-13 22:25:00,32.2,1025.1,57,100,9.1,0.0,1019.7
52787,2019-10-13 22:25:00,5.8,1011.3,75,295,11.8,0.3,1193.8
52797,2019-10-13 22:25:00,21.3,1011.6,9,40,9.2,0.5,1220.9
52884,2019-10-13 22:25:00,25.3,1025.5,70,51,7.9,0.0,1048.6
52895,2019-10-13 22:25:00,1.5,1006.7,55,23,11.8,0.6,1250.5
52983,2019-10-13 22:25:00,19.7,1017.6,52,319,12.1,0.1,1319.5
52984,2019-10-13 22:25:00,31.7,1024.8,88,195,4.6,1.1,1319.0
52986,2019-10-13 22:25:00,11.5,1010.6,15,260,8.7,0.3,1183.6
52996,2019-10-13 22:25:00,20.6,1008.6,27,329,14.3,0.8,1263.0
53821,2019-10-13 22:25:00,9.6,1018.2,61,283,3.3,1.1,1324.0
53915,2019-10-13 22:25:00,20.1,1003.0,81,318,3.5,1.5,1067.6
53923,2019-10-13 22:25:00,13.2,1022.4,22,31,7.3,1.2,1441.7
56074,2019-10-13 22:25:00,19.0,1011.6,17,70,0.7,0.2,1364.9
56080,2019-10-13 22:25:00,16.6,1018.4,97,36,1.8,0.4,1032.2
56093,2019-10-13 22:25:00,29.8,1024.9,54,11,6.1,0.1,1348.5
56096,2019-10-13 22:25:00,25.9,1012.4,44,110,7.0,0.1,1307.4
57014,2019-10-13 22:25:00,28.1,1025.5,27,55,12.8,1.4,1355.4
57996,2019-10-13 22:25:00,34.4,1023.3,18,330,1.4,0.5,1439.2
59072,2019-10-13 22:25:00,4.1,1020.6,46,256,14.2,0.6,1388.2
59082,2019-10-13 22:25:00,10.8,1012.0,58,232,3.9,0.8,1316.4
59087,2019-10-13 22:25:00,32.4,1022.4,90,335,2.6,1.5,1497.5
59088,2019-10-13 22:25:00,18.5,1015.6,49,43,14.9,0.1,1486.5
59096,2019-10-13 22:25:00,24.7,1016.5,93,225,5.3,0.9,1089.0
59097,2019-10-13 22:25:00,4.6,1018.7,30,83,2.7,0.2,1061.6
59107,2019-10-13 22:25:00,28.1,1018.6,43,281,1.2,0.7,1152.6
59116,2019-10-13 22:25:00,29.1,1017.8,52,6,5.9,0.4,1370.1
59117,2019-10-13 22:25:00,25.7,1021.2,79,63,10.0,1.0,1403.4
59271,2019-10-13 22:25:00,22.8,1006.2,56,3,0.4,0.0,1231.2
59278,2019-10-13 22:25:00,4.4,1026.0,66,314,11.6,1.2,1170.3
59280,2019-10-13 22:25:00,32.6,1010.6,77,309,4.2,0.3,1143.8
59287,2019-10-13 22:25:00,27.0,1001.9,61,294,4.7,0.3,1411.1
59289,2019-10-13 22:25:00,24.9,1002.6,63,52,7.3,0.1,1232.3
59293,2019-10-13 22:25:00,25.8,1025.9,14,265,12.9,1.5,1069.9
59294,2019-10-13 22:25:00,21.8,1000.4,8,245,3.2,1.1,1225.7
59298,2019-10-13 22:25:00,28.7,1020.7,15,70,9.2,1.1,1284.8
59303,2019-10-13 22:25:00,18.1,1005.6,86,68,12.7,0.0,1492.9
59304,2019-10-13 22:25:00,18.1,1001.5,49,194,11.9,1.3,1087.0
59306,2019-10-13 22:25:00,15.3,1014.4,20,27,8.5,0.6,1485.7
59310,2019-10-13 22:25:00,4.6,1003.1,73,214,12.5,0.2,1398.1
59316,2019-10-13 22:25:00,1.0,1014.3,73,288,3.1,0.2,1379.7
59317,2019-10-13 22:25:00,6.0,1000.3,90,52,2.3,1.3,1216.1
59324,2019-10-13 22:25:00,24.3,1014.2,99,7,9.9,0.9,1295.1
59456,2019-10-13 22:25:00,24.7,1019.0,21,84,5.8,0.0,1336.9
59462,2019-10-13 22:25:00,6.1,1025.8,28,333,4.4,0.0,1251.2
59478,2019-10-13 22:25:00,24.6,1025.0,63,106,11.8,0.7,1198.0
59485,2019-10-13 22:25:00,33.4,1013.7,50,350,14.6,0.7,1109.6
59488,2019-10-13 22:25:00,30.8,1010.6,34,340,11.3,0.5,1466.7
59493,2019-10-13 22:25:00,30.0,1016.5,88,278,7.5,0.3,1006.8
59501,2019-10-13 22:25:00,14.4,1022.7,78,299,7.7,0.3,1225.0
59658,2019-10-13 22:25:00,7.5,1012.9,37,328,3.6,0.9,1086.9
59663,2019-10-13 22:25:00,25.8,1020.9,70,90,10.0,0.6,1078.2
59664,2019-10-13 22:25:00,25.9,1019.9,99,278,0.4,1.0,1421.6
59673,2019-10-13 22:25:00,24.5,1023.8,61,55,12.0,0.1,1194.1
59754,2019-10-13 22:25:00,9.8,1013.3,92,54,7.2,0.3,1438.5
57947,2019-10-13 22:25:00,16.9,1025.4,66,184,0.0,1.0,1198.5
57957,2019-10-13 22:25:00,11.2,1011.5,89,27,14.9,1.5,1334.1
57958,2019-10-13 22:25:00,11.4,1017.3,3,187,12.6,0.6,1057.8
59021,2019-10-13 22:25:00,9.7,1019.4,49,195,12.7,1.1,1079.0
59023,2019-10-13 22:25:00,26.0,1016.4,76,13,8.3,0.5,1463.7
59027,2019-10-13 22:25:00,6.7,1013.2,85,348,6.8,0.8,1487.9
59037,2019-10-13 22:25:00,17.8,1014.6,62,183,3.6,1.5,1140.9
59046,2019-10-13 22:25:00,16.0,1014.5,57,212,7.4,0.0,1211.8
59058,2019-10-13 22:25:00,28.9,1002.8,1,16,11.4,0.8,1392.9
59065,2019-10-13 22:25:00,30.4,1002.9,80,326,14.8,1.1,1076.4
59209,2019-10-13 22:25:00,5.1,1015.7,31,336,14.9,1.2,1415.6
59211,2019-10-13 22:25:00,27.8,1008.5,74,122,3.1,0.5,1470.8
59218,2019-10-13 22:25:00,2.5,1018.3,75,133,12.8,0.6,1122.7
59228,2019-10-13 22:25:00,5.2,1023.4,92,185,2.5,1.4,1193.9
59242,2019-10-13 22:25:00,10.8,1022.0,6,292,12.4,0.4,1139.7
59254,2019-10-13 22:25:00,0.6,1007.5,92,211,3.5,0.4,1256.8
59265,2019-10-13 22:25:00,21.7,1011.8,80,178,2.8,0.9,1067.2
59417,2019-10-13 22:25:00,24.5,1010.7,65,234,13.8,1.5,1183.5
59431,2019-10-13 22:25:00,21.8,1004.2,31,90,1.4,1.1,1014.6
59446,2019-10-13 22:25:00,16.9,1015.5,16,202,10.5,1.4,1420.3
59453,2019-10-13 22:25:00,0.1,1014.6,91,63,6.6,0.6,1013.0
59626,2019-10-13 22:25:00,10.7,1015.2,85,26,11.1,0.5,1139.4
59631,2019-10-13 22:25:00,14.5,1007.6,60,136,3.6,0.9,1139.4
59632,2019-10-13 22:25:00,7.1,1019.0,93,339,10.8,0.3,1078.3
59644,2019-10-13 22:25:00,0.4,1008.4,32,158,3.7,0.6,1123.7
59647,2019-10-13 22:25:00,8.5,1012.1,16,100,7.3,0.8,1464.1
56691,2019-10-13 22:25:00,20.3,1011.0,19,337,1.3,0.9,1422.4
56693,2019-10-13 22:25:00,8.2,1006.2,64,332,10.3,1.1,1080.3
56792,2019-10-13 22:25:00,23.8,1022.5,98,78,8.1,0.1,1231.9
56793,2019-10-13 22:25:00,34.3,1022.0,64,183,0.1,1.0,1145.2
57606,2019-10-13 22:25:00,21.9,1018.7,83,33,8.9,0.5,1034.9
57614,2019-10-13 22:25:00,7.9,1012.7,8,332,5.5,1.4,1340.6
57625,2019-10-13 22:25:00,10.2,1009.3,49,203,14.3,0.5,1500.0
57647,2019-10-13 22:25:00,24.2,1001.1,91,304,8.1,0.1,1311.2
57707,2019-10-13 22:25:00,19.7,1003.9,44,111,11.8,0.6,1284.4
57710,2019-10-13 22:25:00,22.0,1016.6,28,191,11.5,1.4,1057.2
57712,2019-10-13 22:25:00,4.7,1000.5,21,50,13.3,1.2,1195.4
57718,2019-10-13 22:25:00,7.3,1022.7,8,162,14.6,0.5,1102.8
57722,2019-10-13 22:25:00,21.3,1010.6,66,294,13.7,1.3,1223.5
57729,2019-10-13 22:25:00,2.7,1021.1,50,103,7.2,0.8,1089.2
57731,2019-10-13 22:25:00,27.1,1003.8,43,290,6.8,0.6,1118.1
57741,2019-10-13 22:25:00,1.0,1019.9,99,11,10.1,0.1,1130.8
57803,2019-10-13 22:25:00,32.3,1019.2,84,249,10.5,0.0,1153.0
57805,2019-10-13 22:25:00,13.1,1024.8,69,258,10.4,0.9,1482.9
57806,2019-10-13 22:25:00,16.2,1004.8,41,198,6.1,0.2,1113.9
57816,2019-10-13 22:25:00,16.9,1022.8,21,224,8.2,0.6,1253.1
57825,2019-10-13 22:25:00,14.5,1007.5,53,145,7.8,0.7,1334.4
57827,2019-10-13 22:25:00,16.2,1024.9,10,148,5.3,1.3,1329.5
57832,2019-10-13 22:25:00,34.3,1023.8,92,108,9.8,1.5,1323.1
57839,2019-10-13 22:25:00,25.2,1010.5,35,302,1.5,1.4,1481.6
57840,2019-10-13 22:25:00,2.5,1012.7,94,25,0.2,0.1,1239.4
57902,2019-10-13 22:25:00,18.9,1004.1,89,46,7.6,0.5,1449.9
57906,2019-10-13 22:25:00,25.2,1002.3,73,98,12.6,1.5,1314.9
57907,2019-10-13 22:25:00,4.3,1010.2,33,338,11.4,1.0,1015.5
57910,2019-10-13 22:25:00,18.4,1003.7,8,189,10.4,0.1,1476.8
57912,2019-10-13 22:25:00,23.6,1024.7,89,21,13.9,1.2,1069.2
57916,2019-10-13 22:25:00,16.8,1006.2,6,96,10.5,1.3,1280.5
57922,2019-10-13 22:25:00,0.8,1019.2,66,141,9.1,0.1,1496.4
57926,2019-10-13 22:25:00,16.4,1015.8,81,238,9.7,0.8,1368.5
57932,2019-10-13 22:25:00,17.7,1025.5,35,141,4.9,1.0,1148.2
59758,2019-10-13 22:25:00,14.3,1001.8,62,185,8.0,1.0,1099.9
59838,2019-10-13 22:25:00,1.5,1005.5,93,320,4.0,0.5,1362.6
59845,2019-10-13 22:25:00,17.6,1023.6,33,59,7.4,0.5,1311.1
59849,2019-10-13 22:25:00,12.6,1010.5,46,274,5.0,0.7,1088.4
59855,2019-10-13 22:25:00,30.0,1015.3,91,280,5.6,0.8,1269.8
59948,2019-10-13 22:25:00,23.1,1010.0,4,165,1.8,0.7,1161.6
59954,2019-10-13 22:25:00,20.5,1004.7,79,181,1.0,1.4,1048.1
59981,2019-10-13 22:25:00,1.4,1024.5,11,68,8.0,1.5,1177.8
53399,2019-10-13 22:25:00,29.9,1026.1,24,184,9.2,0.9,1123.6
53593,2019-10-13 22:25:00,1.1,1026.2,74,89,4.0,0.4,1030.0
53698,2019-10-13 22:25:00,12.7,1013.8,12,348,12.7,1.3,1182.6
53798,2019-10-13 22:25:00,20.7,1007.9,43,95,2.9,1.3,1259.1
54308,2019-10-13 22:25:00,31.8,1002.5,23,14,9.9,0.1,1280.6
54311,2019-10-13 22:25:00,19.4,1024.6,7,203,3.0,0.8,1494.9
54401,2019-10-13 22:25:00,20.5,1015.0,100,150,3.6,1.5,1043.5
54405,2019-10-13 22:25:00,32.5,1015.1,13,233,11.0,0.6,1106.4
54423,2019-10-13 22:25:00,0.5,1021.6,69,152,7.2,0.6,1219.2
54429,2019-10-13 22:25:00,23.4,1015.8,30,174,10.1,1.1,1020.3
54436,2019-10-13 22:25:00,6.9,1012.4,43,104,8.0,0.2,1086.6
54449,2019-10-13 22:25:00,2.3,1019.2,86,31,6.3,1.3,1323.9
54518,2019-10-13 22:25:00,26.1,1009.3,70,246,6.5,1.3,1311.6
54534,2019-10-13 22:25:00,24.6,1000.5,69,82,12.0,0.1,1341.9
54535,2019-10-13 22:25:00,13.5,1003.5,86,6,0.6,0.8,1356.0
54539,2019-10-13 22:25:00,32.9,1004.2,98,224,7.9,0.6,1155.3
54602,2019-10-13 22:25:00,30.2,1003.3,78,158,8.8,1.0,1143.0
54606,2019-10-13 22:25:00,28.0,1018.1,55,236,11.6,0.7,1227.7
54618,2019-10-13 22:25:00,5.0,1018.7,87,239,5.9,0.8,1199.4
54624,2019-10-13 22:25:00,7.8,1022.9,29,54,2.6,0.1,1380.5
54705,2019-10-13 22:25:00,10.6,1010.6,100,21,9.6,0.0,1268.9
53898,2019-10-13 22:25:00,6.1,1010.9,9,142,6.0,1.1,1237.3
53986,2019-10-13 22:25:00,6.5,1022.3,98,14,6.2,0.7,1121.7
57051,2019-10-13 22:25:00,24.3,1008.9,44,150,1.3,0.7,1008.2
57067,2019-10-13 22:25:00,34.9,1000.0,8,158,6.3,1.0,1207.4
57071,2019-10-13 22:25:00,9.6,1015.1,77,65,1.1,0.0,1355.2
57077,2019-10-13 22:25:00,15.6,1022.4,79,22,8.9,1.1,1291.4
57083,2019-10-13 22:25:00,31.4,1005.2,95,168,12.4,1.3,1112.3
57084,2019-10-13 22:25:00,0.2,1022.2,67,251,6.2,0.6,1051.2
57089,2019-10-13 22:25:00,5.9,1015.9,34,36,2.3,1.3,1420.6
57091,2019-10-13 22:25:00,34.1,1009.1,22,119,9.7,1.5,1341.4
57156,2019-10-13 22:25:00,10.9,1004.8,83,151,4.0,0.4,1080.8
57178,2019-10-13 22:25:00,18.6,1013.2,90,16,7.9,1.5,1059.1
57181,2019-10-13 22:25:00,9.1,1005.3,69,220,7.0,1.0,1082.3
57193,2019-10-13 22:25:00,12.3,1017.0,90,201,6.3,0.2,1442.1
57285,2019-10-13 22:25:00,3.2,1016.0,55,310,4.3,0.0,1453.0
57290,2019-10-13 22:25:00,18.4,1005.4,13,262,3.1,0.1,1347.9
57297,2019-10-13 22:25:00,26.7,1024.2,98,115,9.8,0.6,1300.5
58005,2019-10-13 22:25:00,20.7,1012.5,32,13,13.5,0.4,1351.7
58111,2019-10-13 22:25:00,7.7,1013.7,87,172,10.2,1.2,1400.7
58208,2019-10-13 22:25:00,13.2,1016.8,8,244,4.4,0.3,1369.8
50136,2019-10-13 22:25:00,2.8,1010.9,98,79,13.6,1.0,1137.9
50246,2019-10-13 22:25:00,24.0,1004.7,70,94,3.2,0.8,1470.9
50247,2019-10-13 22:25:00,15.7,1026.2,14,261,11.6,0.8,1056.0
50349,2019-10-13 22:25:00,26.0,1014.4,100,176,12.3,1.0,1345.1
50353,2019-10-13 22:25:00,30.0,1011.7,92,167,0.1,0.8,1120.9
50442,2019-10-13 22:25:00,18.9,1007.9,82,176,4.7,0.2,1010.5
50468,2019-10-13 22:25:00,10.4,1016.7,51,43,8.4,1.1,1175.6
50557,2019-10-13 22:25:00,8.6,1014.5,62,200,1.2,0.4,1343.8
50564,2019-10-13 22:25:00,16.9,1005.3,42,226,14.5,0.4,1418.8
50656,2019-10-13 22:25:00,22.1,1000.2,93,58,0.7,0.9,1380.4
50658,2019-10-13 22:25:00,7.0,1017.9,45,237,3.6,0.2,1447.2
50674,2019-10-13 22:25:00,11.8,1004.5,18,42,2.7,0.3,1384.4
50739,2019-10-13 22:25:00,31.8,1006.6,85,226,11.0,0.1,1046.3
50742,2019-10-13 22:25:00,1.6,1002.8,91,94,3.0,0.6,1403.8
50745,2019-10-13 22:25:00,34.1,1023.9,59,195,3.9,1.0,1302.0
50756,2019-10-13 22:25:00,30.3,1014.4,79,8,11.1,1.1,1311.4
50758,2019-10-13 22:25:00,18.3,1007.8,18,230,7.0,0.9,1175.6
50774,2019-10-13 22:25:00,6.4,1005.2,94,269,8.7,0.4,1316.3
50778,2019-10-13 22:25:00,24.9,1023.8,40,229,2.8,1.3,1358.6
50788,2019-10-13 22:25:00,32.8,1002.2,90,134,10.3,1.1,1117.7
50844,2019-10-13 22:25:00,4.6,1002.5,18,164,9.3,1.4,1138.2
50853,2019-10-13 22:25:00,22.7,1005.8,96,199,1.7,0.0,1268.6
50854,2019-10-13 22:25:00,34.1,1011.9,37,183,4.5,1.2,1482.5
50862,2019-10-13 22:25:00,25.6,1014.5,90,222,2.9,0.6,1150.5
50873,2019-10-13 22:25:00,24.3,1020.8,32,278,11.5,1.2,1170.6
50877,2019-10-13 22:25:00,7.0,1002.7,90,26,7.2,0.0,1122.1
50888,2019-10-13 22:25:00,27.2,1022.0,67,73,10.1,0.7,1314.7
50950,2019-10-13 22:25:00,24.2,1014.1,54,181,0.8,0.2,1214.3
50953,2019-10-13 22:25:00,3.9,1005.6,1,12,7.1,1.1,1006.0
50955,2019-10-13 22:25:00,16.8,1007.4,27,146,6.3,0.3,1140.5
50963,2019-10-13 22:25:00,15.1,1008.7,51,225,7.9,0.4,1416.4
50968,2019-10-13 22:25:00,21.4,1013.1,93,311,0.4,0.1,1385.8
50973,2019-10-13 22:25:00,10.4,1016.3,17,305,6.1,0.8,1180.8
50978,2019-10-13 22:25:00,34.2,1008.4,1,220,13.0,0.6,1001.5
50983,2019-10-13 22:25:00,10.7,1000.4,92,103,14.6,0.9,1202.1
54094,2019-10-13 22:25:00,15.0,1009.9,33,29,8.3,0.0,1441.1
54096,2019-10-13 22:25:00,11.5,1019.6,94,354,0.9,0.1,1009.8
57251,2019-10-13 22:25:00,15.2,1002.9,90,186,2.8,0.1,1264.4
57256,2019-10-13 22:25:00,1.8,1004.3,46,305,6.2,0.0,1146.8
57259,2019-10-13 22:25:00,16.6,1023.6,51,35,4.2,0.6,1148.9
57265,2019-10-13 22:25:00,9.5,1010.0,38,175,8.1,0.6,1308.6
57278,2019-10-13 22:25:00,7.4,1008.6,82,55,2.0,1.4,1361.7
57279,2019-10-13 22:25:00,26.8,1025.6,1,250,8.1,0.5,1151.9
57355,2019-10-13 22:25:00,32.9,1025.3,9,313,11.6,1.4,1262.3
57358,2019-10-13 22:25:00,25.8,1019.4,38,164,0.6,1.0,1289.3
57359,2019-10-13 22:25:00,5.6,1008.9,26,103,4.7,1.0,1009.9
57363,2019-10-13 22:25:00,5.8,1008.3,73,99,4.1,0.9,1494.0
57378,2019-10-13 22:25:00,29.7,1006.5,1,48,10.6,1.3,1488.6
57381,2019-10-13 22:25:00,1.5,1018.6,63,111,1.6,1.1,1497.8
57395,2019-10-13 22:25:00,10.4,1023.5,72,124,3.1,1.2,1025.4
57399,2019-10-13 22:25:00,22.5,1006.4,99,227,8.4,0.2,1072.0
57439,2019-10-13 22:25:00,2.7,1003.2,100,61,7.0,0.4,1203.2
57445,2019-10-13 22:25:00,6.6,1009.6,44,0,13.2,1.4,1284.9
57447,2019-10-13 22:25:00,29.6,1013.9,5,327,8.5,1.1,1061.0
57458,2019-10-13 22:25:00,27.0,1002.4,92,89,13.0,0.9,1456.8
57461,2019-10-13 22:25:00,10.1,1014.0,68,243,1.3,0.6,1338.8
57476,2019-10-13 22:25:00,12.0,1021.0,66,303,13.3,0.5,1371.2
57482,2019-10-13 22:25:00,6.6,1002.7,52,180,7.6,1.1,1353.7
57483,2019-10-13 22:25:00,3.3,1007.0,92,104,11.1,1.4,1200.5
57493,2019-10-13 22:25:00,9.4,1021.8,34,58,13.8,0.0,1018.7
57494,2019-10-13 22:25:00,17.0,1004.6,98,218,9.3,1.1,1211.5
57545,2019-10-13 22:25:00,12.3,1026.2,70,117,8.9,0.0,1377.4
57573,2019-10-13 22:25:00,7.3,1008.8,18,251,1.3,0.4,1299.5
57581,2019-10-13 22:25:00,25.3,1019.2,1,327,1.7,0.1,1126.8
57583,2019-10-13 22:25:00,15.5,1015.1,28,261,0.7,1.3,1007.5
57595,2019-10-13 22:25:00,34.7,1021.8,6,191,1.2,0.2,1056.9
58402,2019-10-13 22:25:00,29.4,1024.3,99,250,2.8,1.1,1260.4
58407,2019-10-13 22:25:00,6.6,1013.5,69,299,1.7,1.2,1053.7
58500,2019-10-13 22:25:00,29.9,1018.4,66,173,9.0,0.4,1378.8
57554,2019-10-13 22:25:00,30.7,1010.9,59,211,5.9,0.3,1462.1
57562,2019-10-13 22:25:00,34.7,1021.6,12,164,9.1,1.3,1157.4
57574,2019-10-13 22:25:00,13.5,1013.8,49,55,5.5,1.3,1493.3
57584,2019-10-13 22:25:00,2.5,1023.9,75,90,14.3,1.1,1097.8
57642,2019-10-13 22:25:00,29.6,1019.1,11,232,0.3,1.2,1080.4
57649,2019-10-13 22:25:00,13.1,1013.8,20,36,7.4,0.6,1298.2
57655,2019-10-13 22:25:00,13.6,1011.9,60,98,12.4,1.2,1015.0
57662,2019-10-13 22:25:00,1.8,1021.1,89,356,7.0,0.2,1203.7
57669,2019-10-13 22:25:00,30.7,1000.1,24,169,13.5,0.9,1252.4
57671,2019-10-13 22:25:00,23.2,1001.2,71,64,8.5,0.5,1289.6
57673,2019-10-13 22:25:00,12.8,1001.1,6,190,1.7,1.2,1449.1
57679,2019-10-13 22:25:00,24.4,1017.6,74,224,0.7,0.6,1082.3
57682,2019-10-13 22:25:00,11.2,1019.1,100,246,8.0,0.2,1052.6
57687,2019-10-13 22:25:00,9.9,1007.3,82,97,11.2,0.7,1349.2
57745,2019-10-13 22:25:00,20.4,1013.2,7,161,11.4,1.1,1442.2
57749,2019-10-13 22:25:00,31.4,1021.7,12,115,5.6,0.1,1234.7
57752,2019-10-13 22:25:00,25.6,1006.9,33,125,2.7,1.1,1248.3
57758,2019-10-13 22:25:00,8.0,1013.8,40,96,1.8,0.4,1404.3
57761,2019-10-13 22:25:00,6.1,1025.9,100,11,1.6,0.1,1075.2
57766,2019-10-13 22:25:00,8.6,1011.8,37,336,14.5,1.2,1464.8
57774,2019-10-13 22:25:00,23.8,1012.5,44,189,3.4,1.5,1250.5
57776,2019-10-13 22:25:00,30.7,1017.2,11,161,7.0,0.1,1380.4
57779,2019-10-13 22:25:00,20.3,1006.6,36,262,9.7,1.4,1013.6
57780,2019-10-13 22:25:00,18.7,1018.6,100,138,5.9,0.3,1396.9
57841,2019-10-13 22:25:00,1.3,1015.0,59,90,12.2,1.3,1077.2
57845,2019-10-13 22:25:00,11.1,1014.5,98,300,14.2,1.5,1419.7
57853,2019-10-13 22:25:00,17.5,1004.3,95,97,3.2,0.9,1056.4
57857,2019-10-13 22:25:00,14.8,1008.2,87,137,11.0,0.9,1335.5
57860,2019-10-13 22:25:00,10.7,1021.2,15,328,5.8,1.2,1206.3
57866,2019-10-13 22:25:00,12.0,1014.5,74,329,5.7,1.0,1422.7
57872,2019-10-13 22:25:00,30.0,1025.5,7,59,13.8,0.8,1378.6
57874,2019-10-13 22:25:00,33.6,1012.2,9,224,14.9,1.4,1271.9
57889,2019-10-13 22:25:00,14.4,1016.9,2,233,10.2,0.4,1240.3
57965,2019-10-13 22:25:00,20.6,1020.0,4,144,6.8,1.2,1177.9
57972,2019-10-13 22:25:00,32.6,1023.4,47,219,2.9,0.8,1451.4
57974,2019-10-13 22:25:00,33.2,1022.0,28,172,8.9,1.5,1284.1
50936,2019-10-13 22:25:00,32.3,1017.5,50,332,0.9,0.3,1493.4
50945,2019-10-13 22:25:00,19.3,1009.7,100,345,10.9,0.3,1439.3
50948,2019-10-13 22:25:00,30.0,1001.1,8,265,8.0,0.2,1318.5
50949,2019-10-13 22:25:00,17.2,1000.5,36,179,11.7,0.6,1193.2
54041,2019-10-13 22:25:00,21.8,1002.4,68,227,12.9,0.0,1393.8
54049,2019-10-13 22:25:00,21.5,1015.9,38,354,8.8,0.5,1145.7
54063,2019-10-13 22:25:00,17.7,1015.2,55,187,7.3,0.1,1033.5
54064,2019-10-13 22:25:00,12.7,1021.7,70,173,12.8,0.4,1399.8
54142,2019-10-13 22:25:00,0.6,1021.0,16,144,12.1,1.0,1093.9
54157,2019-10-13 22:25:00,23.7,1013.1,7,36,2.2,0.0,1059.1
54161,2019-10-13 22:25:00,17.1,1014.3,35,339,12.7,0.8,1016.9
54165,2019-10-13 22:25:00,6.8,1001.2,72,346,1.9,0.4,1301.9
54171,2019-10-13 22:25:00,19.6,1021.3,17,77,2.0,0.8,1268.5
54181,2019-10-13 22:25:00,13.3,1022.6,9,316,11.9,1.0,1029.5
54186,2019-10-13 22:25:00,32.5,1002.8,96,125,9.3,0.9,1283.7
54195,2019-10-13 22:25:00,26.5,1009.5,3,233,12.4,0.1,1256.8
54260,2019-10-13 22:25:00,3.8,1004.2,52,125,11.5,1.2,1092.3
54263,2019-10-13 22:25:00,29.2,1002.7,48,201,2.0,0.7,1444.5
54266,2019-10-13 22:25:00,24.5,1018.4,75,64,3.0,0.5,1041.1
54273,2019-10-13 22:25:00,34.2,1012.7,6,336,2.2,0.3,1363.8
54276,2019-10-13 22:25:00,23.4,1007.5,49,102,5.2,0.8,1309.9
54284,2019-10-13 22:25:00,25.3,1014.0,34,167,2.2,1.2,1152.1
54285,2019-10-13 22:25:00,4.5,1025.7,23,234,0.6,0.4,1075.5
54286,2019-10-13 22:25:00,20.8,1001.7,12,324,1.9,1.2,1333.3
54292,2019-10-13 22:25:00,32.2,1026.3,82,52,11.3,0.9,1309.2
54363,2019-10-13 22:25:00,10.9,1012.8,78,47,0.5,1.0,1492.3
54374,2019-10-13 22:25:00,17.1,1002.7,88,332,12.9,0.5,1374.7
54377,2019-10-13 22:25:00,10.1,1001.9,30,246,2.8,0.8,1450.6
54386,2019-10-13 22:25:00,14.7,1010.6,3,314,4.1,1.1,1400.6
58026,2019-10-13 22:25:00,18.2,1012.0,78,273,0.0,0.6,1266.7
58027,2019-10-13 22:25:00,29.7,1005.7,9,25,10.9,0.7,1345.1
58038,2019-10-13 22:25:00,35.0,1018.9,69,359,2.0,0.5,1274.7
58040,2019-10-13 22:25:00,25.9,1014.8,49,179,10.4,0.6,1487.0
58047,2019-10-13 22:25:00,15.2,1017.1,84,73,5.3,1.2,1152.3
58130,2019-10-13 22:25:00,29.9,1001.2,41,81,8.4,1.2,1120.2
58135,2019-10-13 22:25:00,17.6,1013.7,57,4,0.6,1.2,1208.0
58138,2019-10-13 22:25:00,0.7,1010.5,74,248,6.9,0.1,1442.0
58141,2019-10-13 22:25:00,3.6,1017.3,73,153,5.9,0.3,1155.0
58143,2019-10-13 22:25:00,32.2,1007.8,6,278,13.7,0.1,1341.9
58150,2019-10-13 22:25:00,14.9,1014.5,27,226,14.3,0.3,1145.0
58158,2019-10-13 22:25:00,2.7,1005.6,71,160,8.9,0.3,1429.9
58238,2019-10-13 22:25:00,26.7,1021.4,88,337,13.8,0.3,1163.6
58241,2019-10-13 22:25:00,26.4,1009.7,90,54,3.5,1.0,1219.2
58251,2019-10-13 22:25:00,18.2,1016.4,64,25,8.9,0.6,1037.2
58252,2019-10-13 22:25:00,8.6,1003.2,19,276,9.0,1.3,1113.3
58255,2019-10-13 22:25:00,17.6,1015.7,30,81,9.9,0.8,1028.1
58259,2019-10-13 22:25:00,4.9,1015.3,90,358,9.5,1.0,1207.7
58265,2019-10-13 22:25:00,27.2,1007.9,37,76,12.5,1.2,1278.7
58343,2019-10-13 22:25:00,28.9,1013.7,69,221,11.9,1.1,1055.8
58345,2019-10-13 22:25:00,15.9,1017.3,58,21,1.0,0.2,1381.3
58354,2019-10-13 22:25:00,2.9,1017.0,62,150,8.5,0.7,1086.7
58356,2019-10-13 22:25:00,2.4,1006.0,94,332,6.6,0.2,1255.1
58358,2019-10-13 22:25:00,6.2,1026.2,74,98,12.6,0.5,1161.8
57598,2019-10-13 22:25:00,29.7,1023.0,49,78,10.8,1.3,1108.1
57696,2019-10-13 22:25:00,22.2,1017.1,35,62,0.3,0.3,1471.7
57789,2019-10-13 22:25:00,15.4,1024.2,27,140,4.0,0.3,1461.6
57793,2019-10-13 22:25:00,6.7,1016.3,5,58,13.5,0.5,1347.7
57799,2019-10-13 22:25:00,34.3,1012.0,68,190,10.3,1.1,1349.1
57894,2019-10-13 22:25:00,16.0,1009.9,21,292,7.2,1.0,1362.6
57896,2019-10-13 22:25:00,12.0,1018.6,53,245,6.0,0.2,1321.1
57993,2019-10-13 22:25:00,24.1,1012.4,70,199,5.5,0.9,1258.8
58506,2019-10-13 22:25:00,14.9,1025.9,66,106,2.7,0.0,1172.4
58507,2019-10-13 22:25:00,34.6,1015.9,38,191,7.5,0.6,1121.1
58519,2019-10-13 22:25:00,25.3,1007.1,96,335,12.2,1.5,1074.3
58527,2019-10-13 22:25:00,9.7,1008.2,79,275,7.8,0.8,1235.8
58600,2019-10-13 22:25:00,3.1,1008.5,4,136,8.0,0.0,1448.7
58606,2019-10-13 22:25:00,14.0,1023.2,99,349,10.3,0.0,1088.2
58608,2019-10-13 22:25:00,32.9,1023.6,9,267,6.4,1.5,1174.8
58622,2019-10-13 22:25:00,5.6,1012.2,96,324,12.9,0.6,1352.8
58626,2019-10-13 22:25:00,27.7,1010.6,59,63,5.1,1.3,1030.7
58634,2019-10-13 22:25:00,1.5,1022.7,2,72,8.6,1.2,1436.0
58637,2019-10-13 22:25:00,27.4,1021.7,15,241,3.8,1.0,1305.9
58705,2019-10-13 22:25:00,13.8,1003.8,3,221,3.0,1.4,1007.5
58715,2019-10-13 22:25:00,23.5,1026.1,30,150,10.2,1.1,1293.4
58718,2019-10-13 22:25:00,28.6,1023.0,34,329,8.2,0.6,1324.9
58806,2019-10-13 22:25:00,6.8,1007.0,68,223,8.2,0.9,1384.8
58813,2019-10-13 22:25:00,34.0,1008.0,85,297,8.3,1.0,1148.5
59092,2019-10-13 22:25:00,8.1,1018.8,89,206,11.4,0.1,1027.2
59102,2019-10-13 22:25:00,26.8,1004.1,62,24,0.6,1.4,1282.9
54236,2019-10-13 22:25:00,14.4,1015.0,99,264,7.5,0.9,1086.5
54237,2019-10-13 22:25:00,10.8,1016.5,12,14,0.8,0.3,1159.9
54243,2019-10-13 22:25:00,29.8,1017.0,35,17,12.6,0.6,1413.0
54254,2019-10-13 22:25:00,14.4,1005.8,32,89,0.1,0.5,1141.6
54259,2019-10-13 22:25:00,0.5,1003.6,51,282,2.6,1.2,1098.4
54324,2019-10-13 22:25:00,2.8,1000.3,46,206,6.8,0.8,1019.9
54326,2019-10-13 22:25:00,24.2,1014.5,65,242,9.3,0.2,1174.4
54333,2019-10-13 22:25:00,29.4,1000.4,68,121,11.9,0.6,1028.3
54334,2019-10-13 22:25:00,28.3,1022.0,8,313,13.7,0.5,1023.6
54335,2019-10-13 22:25:00,33.1,1022.8,55,287,2.8,0.0,1416.3
54337,2019-10-13 22:25:00,24.1,1007.3,87,7,11.4,0.6,1449.4
54339,2019-10-13 22:25:00,10.3,1009.2,81,28,2.8,1.5,1253.7
54342,2019-10-13 22:25:00,7.9,1012.8,65,153,4.3,0.3,1279.7
54346,2019-10-13 22:25:00,26.7,1021.1,95,336,9.1,0.5,1056.1
54349,2019-10-13 22:25:00,7.7,1011.1,2,147,0.9,0.7,1014.0
54351,2019-10-13 22:25:00,16.6,1012.1,96,6,4.5,0.0,1149.2
54353,2019-10-13 22:25:00,28.7,1006.0,57,204,7.3,0.8,1480.9
54365,2019-10-13 22:25:00,15.0,1015.8,4,199,7.4,0.6,1163.7
54452,2019-10-13 22:25:00,17.1,1020.4,16,66,5.2,1.2,1194.0
54454,2019-10-13 22:25:00,3.5,1007.2,53,191,14.8,1.2,1140.9
54455,2019-10-13 22:25:00,32.0,1017.8,93,130,0.3,0.0,1474.7
54470,2019-10-13 22:25:00,19.2,1018.7,44,216,6.5,0.2,1476.6
54471,2019-10-13 22:25:00,9.9,1015.3,48,79,9.9,1.4,1271.8
54472,2019-10-13 22:25:00,17.5,1014.5,5,265,3.7,0.8,1173.7
54476,2019-10-13 22:25:00,15.3,1008.5,86,122,13.8,0.5,1483.6
54486,2019-10-13 22:25:00,29.3,1009.9,99,53,10.3,1.3,1140.6
54493,2019-10-13 22:25:00,23.2,1002.6,69,113,9.0,0.3,1249.0
54497,2019-10-13 22:25:00,21.0,1012.4,71,303,10.9,1.0,1448.9
54563,2019-10-13 22:25:00,13.2,1026.0,17,285,4.5,1.3,1331.2
54579,2019-10-13 22:25:00,9.8,1020.3,72,220,6.4,1.3,1294.6
54584,2019-10-13 22:25:00,12.6,1024.4,75,239,0.6,1.0,1392.8
54660,2019-10-13 22:25:00,7.2,1023.0,77,37,4.1,1.1,1368.5
54662,2019-10-13 22:25:00,11.9,1000.8,41,251,6.0,1.2,1209.7
50425,2019-10-13 22:25:00,12.2,1024.2,57,184,14.5,0.4,1430.1
50434,2019-10-13 22:25:00,15.6,1006.3,78,219,1.8,0.3,1235.1
50514,2019-10-13 22:25:00,2.7,1007.0,23,232,5.7,0.3,1131.9
50527,2019-10-13 22:25:00,28.5,1017.8,43,62,7.1,1.4,1145.1
50548,2019-10-13 22:25:00,10.3,1008.1,95,252,0.5,0.3,1212.9
50603,2019-10-13 22:25:00,31.6,1004.8,13,103,3.8,1.3,1297.8
50618,2019-10-13 22:25:00,32.3,1006.9,14,42,9.1,0.8,1477.4
50632,2019-10-13 22:25:00,6.0,1009.2,17,300,3.5,1.0,1086.7
50639,2019-10-13 22:25:00,21.2,1015.2,12,72,13.3,0.6,1004.3
50727,2019-10-13 22:25:00,25.9,1008.4,25,242,14.2,0.8,1277.6
50834,2019-10-13 22:25:00,18.7,1001.6,2,349,12.5,1.0,1471.4
50838,2019-10-13 22:25:00,16.4,1025.9,79,260,4.3,0.2,1184.8
50915,2019-10-13 22:25:00,23.1,1012.9,79,147,9.6,1.3,1372.4
50924,2019-10-13 22:25:00,0.3,1002.0,21,352,10.4,0.8,1412.9
52267,2019-10-13 22:25:00,34.6,1007.7,74,21,11.8,0.2,1183.7
52495,2019-10-13 22:25:00,29.6,1012.2,94,55,14.9,0.3,1066.1
52576,2019-10-13 22:25:00,4.5,1007.7,60,331,12.1,0.5,1315.2
53068,2019-10-13 22:25:00,26.9,1023.1,94,110,7.2,0.1,1363.7
53083,2019-10-13 22:25:00,18.6,1003.7,90,47,9.9,0.6,1369.6
53149,2019-10-13 22:25:00,29.2,1009.3,83,325,3.3,1.5,1236.6
53192,2019-10-13 22:25:00,32.0,1003.4,68,104,6.8,0.2,1316.6
53195,2019-10-13 22:25:00,21.4,1007.0,10,40,14.4,1.1,1339.7
53276,2019-10-13 22:25:00,27.0,1014.8,37,346,3.0,0.6,1202.9
53336,2019-10-13 22:25:00,21.7,1008.2,86,339,3.3,1.1,1364.7
53352,2019-10-13 22:25:00,8.1,1005.0,98,30,4.6,0.4,1219.2
53362,2019-10-13 22:25:00,9.0,1005.0,75,176,6.2,1.1,1210.4
53367,2019-10-13 22:25:00,32.3,1015.6,31,24,10.7,1.1,1451.4
53391,2019-10-13 22:25:00,28.8,1004.7,97,11,9.1,0.2,1463.5
53446,2019-10-13 22:25:00,0.7,1020.1,39,212,4.6,1.1,1128.9
53463,2019-10-13 22:25:00,14.0,1008.1,70,229,0.1,1.1,1052.8
53480,2019-10-13 22:25:00,22.3,1024.8,35,142,1.7,1.2,1395.8
53502,2019-10-13 22:25:00,30.1,1026.0,18,193,8.4,1.4,1217.6
53513,2019-10-13 22:25:00,20.6,1008.0,59,112,10.1,0.1,1060.1
53529,2019-10-13 22:25:00,16.7,1009.6,40,172,9.2,0.8,1008.0
53543,2019-10-13 22:25:00,16.3,1019.5,20,81,8.4,0.5,1202.3
53547,2019-10-13 22:25:00,19.7,1023.1,82,255,5.7,1.5,1071.0
53602,2019-10-13 22:25:00,24.4,1019.7,78,151,11.7,0.7,1060.0
54012,2019-10-13 22:25:00,11.9,1010.6,70,320,12.5,0.4,1280.9
54026,2019-10-13 22:25:00,7.0,1020.6,67,205,2.6,1.3,1495.1
54027,2019-10-13 22:25:00,34.7,1001.2,62,353,1.4,0.2,1230.1
54102,2019-10-13 22:25:00,27.9,1025.8,82,46,11.2,1.4,1164.4
54115,2019-10-13 22:25:00,31.3,1011.4,15,350,3.6,1.1,1493.3
54134,2019-10-13 22:25:00,25.2,1011.5,36,340,6.6,1.0,1176.3
54135,2019-10-13 22:25:00,3.1,1020.1,24,7,13.4,1.2,1470.5
54208,2019-10-13 22:25:00,5.6,1025.9,62,315,12.2,1.0,1086.0
54213,2019-10-13 22:25:00,31.6,1020.6,84,186,0.6,0.5,1263.7
54218,2019-10-13 22:25:00,23.8,1015.2,92,247,3.0,1.0,1221.7
54226,2019-10-13 22:25:00,20.5,1018.5,38,353,7.4,0.4,1154.3
53519,2019-10-13 22:25:00,7.7,1000.7,23,340,2.6,1.1,1007.7
53612,2019-10-13 22:25:00,15.2,1016.2,81,7,8.8,0.8,1313.1
53614,2019-10-13 22:25:00,7.1,1002.6,75,120,9.6,0.1,1140.6
53615,2019-10-13 22:25:00,24.6,1017.7,40,154,7.4,0.8,1120.4
53704,2019-10-13 22:25:00,16.4,1015.8,70,250,13.5,1.5,1068.7
53705,2019-10-13 22:25:00,16.8,1023.5,10,294,1.2,1.4,1422.8
53723,2019-10-13 22:25:00,11.4,1005.4,8,59,6.7,0.2,1187.5
53806,2019-10-13 22:25:00,6.7,1009.4,92,79,14.3,0.6,1200.1
53810,2019-10-13 22:25:00,32.6,1025.8,83,20,9.7,0.3,1436.3
53817,2019-10-13 22:25:00,29.3,1006.8,54,318,3.0,1.1,1166.8
53903,2019-10-13 22:25:00,1.9,1013.0,66,196,6.1,0.9,1321.7
53910,2019-10-13 22:25:00,2.3,1012.4,88,172,0.8,0.7,1042.8
51886,2019-10-13 22:25:00,8.6,1011.6,46,302,12.0,1.1,1260.5
52602,2019-10-13 22:25:00,10.4,1002.2,26,343,8.2,1.5,1488.0
52633,2019-10-13 22:25:00,6.8,1019.4,18,58,10.1,1.1,1001.2
52645,2019-10-13 22:25:00,9.9,1003.8,54,140,6.7,0.9,1216.0
52657,2019-10-13 22:25:00,11.8,1017.4,65,339,8.5,0.9,1188.1
52707,2019-10-13 22:25:00,2.6,1007.1,97,128,12.5,1.3,1318.2
52713,2019-10-13 22:25:00,19.7,1022.7,38,193,14.8,1.5,1433.2
52737,2019-10-13 22:25:00,19.5,1006.5,90,283,0.0,1.4,1382.0
52754,2019-10-13 22:25:00,20.6,1018.5,89,306,0.9,0.4,1125.9
52765,2019-10-13 22:25:00,27.9,1001.1,32,6,10.9,0.3,1108.0
52818,2019-10-13 22:25:00,24.3,1012.1,20,314,0.5,0.4,1009.4
52825,2019-10-13 22:25:00,22.6,1010.8,3,5,5.5,0.7,1142.3
52833,2019-10-13 22:25:00,17.2,1019.1,26,144,7.3,0.1,1112.7
52836,2019-10-13 22:25:00,5.6,1017.0,2,162,13.8,0.8,1424.5
52842,2019-10-13 22:25:00,26.5,1021.4,76,301,6.7,0.6,1245.9
52856,2019-10-13 22:25:00,11.7,1018.5,100,278,7.0,1.0,1497.9
52866,2019-10-13 22:25:00,7.5,1003.5,6,263,8.1,1.4,1025.6
52868,2019-10-13 22:25:00,7.4,1004.2,84,290,1.9,1.2,1444.9
52876,2019-10-13 22:25:00,32.8,1009.0,13,224,3.4,0.4,1077.9
52908,2019-10-13 22:25:00,20.6,1009.1,19,144,9.1,0.9,1164.9
52943,2019-10-13 22:25:00,5.7,1009.4,39,40,1.5,0.7,1095.7
52955,2019-10-13 22:25:00,2.5,1005.9,84,25,2.9,1.0,1195.0
52974,2019-10-13 22:25:00,6.0,1023.2,20,236,12.5,1.2,1393.2
56004,2019-10-13 22:25:00,28.8,1002.4,51,81,11.2,0.8,1122.2
56018,2019-10-13 22:25:00,11.1,1023.8,92,148,10.7,1.0,1245.6
56021,2019-10-13 22:25:00,23.7,1014.9,32,135,0.9,0.3,1030.4
56029,2019-10-13 22:25:00,3.8,1014.3,77,78,3.8,0.3,1470.7
56033,2019-10-13 22:25:00,23.2,1007.8,60,322,10.7,0.1,1029.9
56034,2019-10-13 22:25:00,26.5,1001.7,73,266,2.2,1.2,1136.2
56043,2019-10-13 22:25:00,11.7,1009.3,3,236,2.7,1.3,1186.2
56046,2019-10-13 22:25:00,15.4,1011.0,64,298,8.6,1.5,1293.9
56065,2019-10-13 22:25:00,34.6,1020.4,64,9,12.2,1.0,1214.1
56067,2019-10-13 22:25:00,12.3,1019.3,100,44,7.2,0.3,1326.2
56125,2019-10-13 22:25:00,1.0,1001.6,77,35,3.9,0.6,1060.5
56151,2019-10-13 22:25:00,34.1,1012.8,67,27,11.6,1.4,1071.6
54715,2019-10-13 22:25:00,34.4,1011.1,56,220,1.0,0.2,1330.1
54725,2019-10-13 22:25:00,30.2,1022.2,33,317,3.5,1.5,1080.2
54727,2019-10-13 22:25:00,15.6,1007.9,4,193,5.2,1.1,1391.0
54744,2019-10-13 22:25:00,16.1,1008.9,65,293,7.4,0.6,1126.8
54751,2019-10-13 22:25:00,4.0,1003.2,59,346,3.6,1.3,1289.7
54753,2019-10-13 22:25:00,17.9,1003.4,96,13,13.1,0.4,1036.1
54764,2019-10-13 22:25:00,29.0,1005.5,76,77,12.6,0.2,1128.2
54774,2019-10-13 22:25:00,33.2,1009.4,63,113,11.8,1.4,1079.3
54776,2019-10-13 22:25:00,16.3,1008.6,59,75,2.3,1.3,1270.5
54808,2019-10-13 22:25:00,9.6,1000.7,9,150,6.8,0.8,1309.4
54823,2019-10-13 22:25:00,20.3,1024.6,47,221,10.1,0.9,1386.5
54826,2019-10-13 22:25:00,34.3,1010.2,33,279,1.1,0.3,1142.1
54836,2019-10-13 22:25:00,18.8,1002.0,71,315,13.8,1.2,1161.5
54842,2019-10-13 22:25:00,25.9,1005.7,45,355,13.2,0.1,1112.6
54843,2019-10-13 22:25:00,0.6,1019.6,82,174,4.7,1.1,1238.1
54857,2019-10-13 22:25:00,33.2,1011.5,27,90,10.4,1.4,1298.9
54863,2019-10-13 22:25:00,15.6,1003.2,74,290,3.5,1.5,1001.5
54909,2019-10-13 22:25:00,21.9,1007.4,40,289,7.3,0.0,1214.0
54916,2019-10-13 22:25:00,30.7,1005.9,3,8,5.0,1.1,1245.4
54929,2019-10-13 22:25:00,7.4,1014.7,42,251,1.5,0.7,1110.2
54936,2019-10-13 22:25:00,16.5,1017.5,76,69,3.9,0.1,1034.7
54945,2019-10-13 22:25:00,12.6,1022.1,17,292,7.2,0.8,1295.5
58034,2019-10-13 22:25:00,7.1,1015.2,11,43,13.3,0.1,1338.5
53478,2019-10-13 22:25:00,10.2,1009.8,78,354,6.3,0.3,1095.0
53487,2019-10-13 22:25:00,8.7,1016.0,20,241,12.2,1.1,1237.2
53490,2019-10-13 22:25:00,33.4,1023.8,83,242,9.6,1.1,1102.1
53564,2019-10-13 22:25:00,1.9,1022.4,41,315,5.1,0.6,1341.2
53578,2019-10-13 22:25:00,20.5,1024.0,35,359,6.6,1.1,1450.8
53579,2019-10-13 22:25:00,10.2,1002.9,91,349,7.7,0.2,1200.0
53588,2019-10-13 22:25:00,14.6,1002.7,54,345,0.7,0.4,1035.4
53594,2019-10-13 22:25:00,19.9,1017.7,55,182,4.6,1.4,1412.2
53663,2019-10-13 22:25:00,17.0,1019.9,61,33,6.6,1.0,1426.3
53664,2019-10-13 22:25:00,12.3,1020.7,58,223,9.2,1.5,1072.9
53673,2019-10-13 22:25:00,1.0,1022.4,36,30,11.8,0.8,1099.2
53687,2019-10-13 22:25:00,21.6,1008.1,49,101,6.5,0.6,1297.5
53764,2019-10-13 22:25:00,27.7,1016.6,98,42,0.2,0.5,1034.3
53772,2019-10-13 22:25:00,26.9,1026.3,52,231,1.0,0.4,1288.2
53775,2019-10-13 22:25:00,30.4,1000.0,92,285,12.1,0.6,1141.8
53787,2019-10-13 22:25:00,11.4,1013.3,37,267,14.5,0.0,1253.5
53853,2019-10-13 22:25:00,0.7,1013.7,9,276,9.3,0.9,1253.8
53859,2019-10-13 22:25:00,17.7,1001.9,39,276,6.7,1.3,1443.5
53863,2019-10-13 22:25:00,31.7,1010.7,86,314,11.4,1.2,1206.6
53868,2019-10-13 22:25:00,5.2,1018.9,60,175,12.3,1.5,1136.8
53877,2019-10-13 22:25:00,7.7,1023.8,96,282,12.6,0.7,1000.6
53882,2019-10-13 22:25:00,9.1,1008.0,50,359,7.4,1.5,1411.6
53884,2019-10-13 22:25:00,32.7,1023.5,7,301,13.2,0.7,1039.7
53959,2019-10-13 22:25:00,3.6,1004.5,67,24,12.4,0.2,1104.8
53963,2019-10-13 22:25:00,1.4,1011.0,7,19,0.9,1.4,1007.1
53968,2019-10-13 22:25:00,3.1,1004.9,13,120,2.0,0.1,1016.5
53975,2019-10-13 22:25:00,11.0,1000.2,19,168,3.3,0.8,1377.3
57052,2019-10-13 22:25:00,29.5,1009.8,69,96,8.8,1.0,1236.1
53646,2019-10-13 22:25:00,6.3,1003.9,12,114,4.2,1.0,1108.1
53651,2019-10-13 22:25:00,16.9,1021.2,88,110,13.3,0.8,1173.3
53725,2019-10-13 22:25:00,21.6,1023.5,83,352,2.0,0.0,1154.1
53735,2019-10-13 22:25:00,2.6,1000.9,54,202,4.7,0.9,1136.0
53738,2019-10-13 22:25:00,8.8,1017.6,91,151,12.8,0.2,1036.8
53740,2019-10-13 22:25:00,5.3,1003.2,52,213,9.6,1.0,1441.6
53754,2019-10-13 22:25:00,33.4,1003.7,18,45,11.0,1.5,1191.8
53845,2019-10-13 22:25:00,19.0,1011.9,30,205,13.3,1.0,1327.3
53854,2019-10-13 22:25:00,15.7,1021.4,51,119,12.0,0.4,1247.0
53929,2019-10-13 22:25:00,10.7,1001.9,41,140,1.6,1.5,1249.0
53942,2019-10-13 22:25:00,5.5,1017.3,61,192,12.8,0.6,1308.4
53948,2019-10-13 22:25:00,26.2,1005.6,67,270,3.7,1.5,1019.1
53955,2019-10-13 22:25:00,9.8,1001.1,67,64,4.0,1.2,1262.2
57003,2019-10-13 22:25:00,1.6,1017.9,47,41,5.3,0.6,1104.2
57025,2019-10-13 22:25:00,20.9,1020.1,80,136,6.4,0.3,1220.7
57028,2019-10-13 22:25:00,2.1,1016.4,10,2,10.3,1.5,1030.3
57030,2019-10-13 22:25:00,8.3,1003.7,12,243,10.3,0.6,1341.2
57034,2019-10-13 22:25:00,29.0,1001.3,44,206,5.7,0.9,1389.8
57037,2019-10-13 22:25:00,9.1,1004.9,1,37,11.0,1.1,1498.5
57046,2019-10-13 22:25:00,32.8,1019.6,55,141,9.2,0.3,1074.6
57048,2019-10-13 22:25:00,30.6,1021.1,61,28,11.3,1.1,1421.1
57049,2019-10-13 22:25:00,19.1,1014.3,23,292,0.2,0.5,1300.7
57106,2019-10-13 22:25:00,31.8,1023.8,38,274,8.7,1.4,1071.4
57124,2019-10-13 22:25:00,18.9,1009.9,38,356,9.0,1.1,1461.6
57127,2019-10-13 22:25:00,0.0,1024.8,53,160,0.1,0.0,1163.5
57131,2019-10-13 22:25:00,34.4,1001.6,24,76,9.1,0.6,1420.6
57134,2019-10-13 22:25:00,27.1,1018.3,72,257,7.2,1.2,1011.5
57140,2019-10-13 22:25:00,31.6,1013.5,48,281,2.0,0.0,1059.6
57143,2019-10-13 22:25:00,25.2,1016.4,87,45,8.7,1.4,1108.9
57144,2019-10-13 22:25:00,12.8,1008.0,99,38,9.3,1.4,1360.6
57154,2019-10-13 22:25:00,15.7,1002.0,95,330,8.3,1.3,1455.1
57211,2019-10-13 22:25:00,26.1,1011.3,23,209,7.8,0.1,1377.3
57232,2019-10-13 22:25:00,0.3,1023.0,72,13,8.4,0.5,1053.5
57238,2019-10-13 22:25:00,13.1,1023.9,89,185,0.4,0.3,1297.4
57245,2019-10-13 22:25:00,19.1,1006.6,18,86,8.1,1.1,1404.6
57343,2019-10-13 22:25:00,11.4,1021.8,8,214,6.1,0.1,1351.9
58362,2019-10-13 22:25:00,32.3,1022.4,26,192,0.6,0.0,1233.8
56038,2019-10-13 22:25:00,22.3,1020.5,16,127,5.6,0.0,1238.2
56079,2019-10-13 22:25:00,19.4,1018.8,56,232,10.4,0.0,1023.1
56144,2019-10-13 22:25:00,23.0,1008.7,67,101,12.0,0.1,1262.5
56146,2019-10-13 22:25:00,19.1,1022.0,71,335,0.6,0.3,1306.5
56152,2019-10-13 22:25:00,32.4,1002.3,73,275,5.0,1.1,1076.2
56167,2019-10-13 22:25:00,24.9,1023.3,55,92,8.6,0.1,1108.7
56172,2019-10-13 22:25:00,1.3,1023.5,88,187,7.5,0.1,1178.1
56173,2019-10-13 22:25:00,23.2,1026.1,9,1,3.6,1.5,1405.4
56178,2019-10-13 22:25:00,25.0,1023.6,76,286,7.2,1.1,1009.1
56182,2019-10-13 22:25:00,4.2,1011.8,85,183,13.4,1.5,1022.2
56187,2019-10-13 22:25:00,27.1,1021.7,45,283,3.8,0.3,1137.9
56188,2019-10-13 22:25:00,17.6,1002.3,24,120,7.1,1.2,1176.0
56196,2019-10-13 22:25:00,21.9,1013.8,2,73,3.9,0.8,1128.7
56247,2019-10-13 22:25:00,29.8,1002.9,75,98,1.8,0.6,1437.1
56251,2019-10-13 22:25:00,17.3,1007.6,82,244,0.4,1.3,1085.4
56257,2019-10-13 22:25:00,11.2,1013.5,31,207,0.0,0.5,1402.7
56287,2019-10-13 22:25:00,4.2,1006.5,66,313,9.8,0.2,1036.0
56357,2019-10-13 22:25:00,32.8,1009.4,100,165,7.8,0.5,1203.1
56374,2019-10-13 22:25:00,13.9,1005.3,70,292,3.7,1.4,1180.3
56385,2019-10-13 22:25:00,22.2,1008.4,17,127,14.1,1.4,1176.3
56386,2019-10-13 22:25:00,15.4,1003.0,18,347,8.7,1.4,1368.5
56459,2019-10-13 22:25:00,4.0,1017.3,89,60,0.2,1.1,1480.6
56462,2019-10-13 22:25:00,17.6,1017.7,34,251,4.7,1.0,1072.3
56475,2019-10-13 22:25:00,20.1,1019.6,13,27,3.5,0.9,1024.2
56479,2019-10-13 22:25:00,31.2,1006.2,13,61,7.9,0.6,1472.3
56485,2019-10-13 22:25:00,9.6,1019.4,91,307,11.7,0.6,1066.8
56492,2019-10-13 22:25:00,28.7,1009.4,25,12,3.1,0.1,1220.7
56565,2019-10-13 22:25:00,4.3,1010.6,19,297,11.7,1.5,1305.5
56571,2019-10-13 22:25:00,4.5,1018.4,64,4,14.1,0.7,1164.7
56666,2019-10-13 22:25:00,1.2,1003.7,48,252,12.2,0.9,1014.0
56671,2019-10-13 22:25:00,9.0,1000.4,91,81,8.8,0.6,1161.2
57206,2019-10-13 22:25:00,4.8,1000.9,1,181,8.7,1.0,1468.1
57237,2019-10-13 22:25:00,23.9,1007.3,68,93,1.7,0.2,1121.1
57306,2019-10-13 22:25:00,4.3,1024.7,57,244,1.5,1.5,1218.9
57313,2019-10-13 22:25:00,20.1,1024.2,80,120,6.1,0.5,1448.0
57314,2019-10-13 22:25:00,5.9,1020.0,59,80,6.1,0.2,1111.3
57328,2019-10-13 22:25:00,3.0,1021.6,93,278,8.4,1.5,1480.9
57405,2019-10-13 22:25:00,5.8,1001.6,22,65,4.8,0.1,1235.6
57411,2019-10-13 22:25:00,7.0,1023.7,30,26,2.4,0.4,1228.6
57503,2019-10-13 22:25:00,30.7,1015.4,33,166,11.6,0.3,1146.1
57604,2019-10-13 22:25:00,9.7,1020.3,81,71,13.4,0.0,1422.0
57608,2019-10-13 22:25:00,34.6,1000.0,65,305,12.6,0.6,1119.5
54525,2019-10-13 22:25:00,23.8,1007.2,44,244,0.0,1.2,1458.4
54527,2019-10-13 22:25:00,18.3,1025.7,90,320,1.3,0.6,1239.4
54623,2019-10-13 22:25:00,31.2,1021.5,6,29,6.8,0.9,1235.9
55228,2019-10-13 22:25:00,18.9,1010.1,82,346,4.6,1.0,1103.5
55248,2019-10-13 22:25:00,20.2,1025.1,94,330,10.3,0.4,1083.5
55279,2019-10-13 22:25:00,23.2,1026.0,98,0,9.2,0.6,1320.4
55294,2019-10-13 22:25:00,24.9,1008.0,91,46,2.5,1.1,1023.2
55299,2019-10-13 22:25:00,27.8,1024.2,89,213,9.5,0.2,1029.2
55437,2019-10-13 22:25:00,4.8,1018.2,83,5,0.8,1.5,1241.2
55472,2019-10-13 22:25:00,21.1,1013.8,63,19,7.3,0.3,1277.3
55493,2019-10-13 22:25:00,1.6,1018.6,92,164,10.6,0.9,1341.7
55569,2019-10-13 22:25:00,1.0,1000.9,59,232,1.3,1.5,1352.3
55578,2019-10-13 22:25:00,12.4,1026.1,65,332,4.3,1.4,1220.4
55585,2019-10-13 22:25:00,33.7,1007.0,87,348,3.8,0.8,1341.8
55591,2019-10-13 22:25:00,7.6,1002.3,39,110,5.4,0.5,1298.7
55598,2019-10-13 22:25:00,17.0,1007.5,69,88,14.6,0.3,1258.2
55655,2019-10-13 22:25:00,20.7,1023.8,66,140,5.1,0.1,1212.0
55664,2019-10-13 22:25:00,9.2,1025.4,44,249,10.6,0.5,1498.7
55680,2019-10-13 22:25:00,23.8,1021.7,58,359,3.7,0.7,1006.8
55681,2019-10-13 22:25:00,30.4,1013.7,100,356,4.2,1.2,1026.4
55690,2019-10-13 22:25:00,17.9,1015.0,86,69,7.5,1.0,1146.5
55696,2019-10-13 22:25:00,18.6,1009.1,48,332,11.7,1.4,1096.3
55773,2019-10-13 22:25:00,20.9,1017.6,43,60,5.0,0.7,1124.9
56106,2019-10-13 22:25:00,23.2,1015.2,26,201,7.6,0.1,1363.8
56116,2019-10-13 22:25:00,24.5,1000.3,95,208,14.0,0.7,1452.3
56137,2019-10-13 22:25:00,20.9,1024.8,84,161,6.9,1.0,1316.3
56202,2019-10-13 22:25:00,29.2,1015.7,87,193,14.5,0.4,1100.6
56223,2019-10-13 22:25:00,3.7,1004.5,18,134,12.9,0.3,1222.9
56227,2019-10-13 22:25:00,29.8,1008.5,6,255,11.3,1.5,1372.5
56312,2019-10-13 22:25:00,27.4,1024.2,45,130,1.7,0.4,1345.6
56331,2019-10-13 22:25:00,31.3,1002.0,77,198,3.5,0.2,1147.4
56434,2019-10-13 22:25:00,5.7,1012.9,77,166,7.6,1.4,1184.0
51053,2019-10-13 22:25:00,1.3,1010.9,81,140,5.9,0.9,1080.3
51059,2019-10-13 22:25:00,19.1,1015.8,23,139,2.2,0.7,1190.1
51060,2019-10-13 22:25:00,12.3,1017.9,13,58,0.9,0.8,1127.9
51068,2019-10-13 22:25:00,15.6,1017.7,100,187,9.8,1.2,1460.5
51076,2019-10-13 22:25:00,33.7,1021.7,19,80,11.3,1.0,1214.8
51087,2019-10-13 22:25:00,13.4,1010.7,81,118,7.7,0.3,1248.6
51133,2019-10-13 22:25:00,7.3,1006.7,79,70,7.1,1.4,1310.3
51156,2019-10-13 22:25:00,11.4,1018.3,30,199,3.2,0.9,1086.0
51186,2019-10-13 22:25:00,12.5,1018.7,64,19,12.9,0.9,1110.3
51232,2019-10-13 22:25:00,7.4,1000.3,86,226,12.2,0.1,1329.7
51238,2019-10-13 22:25:00,17.8,1012.0,94,170,9.2,1.5,1423.2
51241,2019-10-13 22:25:00,26.6,1022.8,67,138,9.3,0.3,1360.8
51243,2019-10-13 22:25:00,22.5,1020.1,88,179,3.3,0.6,1340.6
51288,2019-10-13 22:25:00,7.5,1017.7,12,66,1.7,0.4,1490.7
51330,2019-10-13 22:25:00,29.0,1019.5,41,331,13.6,1.3,1076.4
51334,2019-10-13 22:25:00,28.3,1006.8,88,316,12.3,0.1,1314.8
51346,2019-10-13 22:25:00,24.6,1013.5,76,55,7.7,0.2,1298.4
51358,2019-10-13 22:25:00,28.4,1007.7,27,115,9.4,0.5,1014.3
51365,2019-10-13 22:25:00,30.2,1018.9,59,214,10.4,0.6,1075.2
51367,2019-10-13 22:25:00,8.5,1006.6,40,153,14.4,0.6,1341.6
51379,2019-10-13 22:25:00,14.9,1025.3,68,206,13.4,1.0,1052.4
51431,2019-10-13 22:25:00,11.9,1024.4,42,95,1.6,0.3,1129.0
51433,2019-10-13 22:25:00,23.5,1020.5,85,177,9.9,0.2,1034.6
51437,2019-10-13 22:25:00,17.1,1018.7,29,120,13.0,0.8,1339.0
51463,2019-10-13 22:25:00,26.4,1005.8,47,287,3.2,0.1,1267.8
51467,2019-10-13 22:25:00,30.2,1011.0,20,151,5.9,1.2,1338.7
51469,2019-10-13 22:25:00,24.4,1003.4,10,200,8.9,0.1,1036.8
51470,2019-10-13 22:25:00,25.5,1012.4,1,256,8.3,0.1,1165.8
51477,2019-10-13 22:25:00,13.6,1016.4,22,301,4.7,1.5,1005.2
51495,2019-10-13 22:25:00,12.4,1018.2,26,327,3.7,1.3,1400.1
51526,2019-10-13 22:25:00,0.7,1013.2,38,125,8.9,1.4,1175.7
51542,2019-10-13 22:25:00,34.0,1015.6,36,81,8.0,0.8,1096.5
51567,2019-10-13 22:25:00,19.7,1023.4,18,189,11.8,1.0,1135.2
51573,2019-10-13 22:25:00,9.9,1002.9,63,87,4.1,0.0,1152.5
51581,2019-10-13 22:25:00,9.1,1003.0,78,278,4.2,0.2,1168.8
51628,2019-10-13 22:25:00,28.1,1021.7,74,152,5.5,0.1,1149.9
51633,2019-10-13 22:25:00,12.1,1001.4,3,102,6.8,1.1,1452.2
51639,2019-10-13 22:25:00,26.4,1006.1,55,253,2.0,0.5,1384.8
51642,2019-10-13 22:25:00,8.0,1002.2,52,243,14.2,0.0,1149.1
51644,2019-10-13 22:25:00,31.9,1021.9,29,248,5.8,1.4,1228.1
51655,2019-10-13 22:25:00,3.0,1025.3,14,322,11.2,1.1,1103.3
51656,2019-10-13 22:25:00,24.4,1013.8,89,238,0.1,0.3,1118.2
51701,2019-10-13 22:25:00,29.5,1017.4,77,96,12.1,1.1,1323.2
51704,2019-10-13 22:25:00,22.4,1001.7,57,199,0.3,0.0,1293.7
51705,2019-10-13 22:25:00,13.4,1009.5,100,128,0.5,0.8,1409.5
51709,2019-10-13 22:25:00,25.9,1005.3,87,71,7.1,0.7,1468.4
51711,2019-10-13 22:25:00,24.7,1025.0,46,317,8.4,0.9,1200.7
51716,2019-10-13 22:25:00,2.3,1001.7,17,310,6.1,0.4,1119.1
51720,2019-10-13 22:25:00,16.9,1001.1,42,267,5.1,1.2,1484.7
51730,2019-10-13 22:25:00,33.1,1005.2,38,158,9.0,1.5,1420.2
51747,2019-10-13 22:25:00,5.1,1004.8,52,278,2.0,1.2,1172.1
51765,2019-10-13 22:25:00,28.5,1008.8,22,353,7.7,1.0,1274.9
51777,2019-10-13 22:25:00,9.3,1014.9,58,44,2.5,1.0,1007.2
51804,2019-10-13 22:25:00,9.6,1013.0,91,328,14.7,0.7,1039.1
51810,2019-10-13 22:25:00,0.7,1024.6,49,182,5.1,0.8,1258.7
51811,2019-10-13 22:25:00,10.6,1021.7,29,40,2.6,0.2,1040.0
51818,2019-10-13 22:25:00,14.3,1021.0,30,84,10.6,0.6,1034.4
51828,2019-10-13 22:25:00,2.7,1013.3,85,13,8.1,1.0,1475.5
51839,2019-10-13 22:25:00,20.2,1008.7,72,270,10.5,0.0,1207.9
51855,2019-10-13 22:25:00,12.7,1021.1,18,332,7.8,0.9,1299.2
51931,2019-10-13 22:25:00,27.6,1018.2,60,42,8.7,0.8,1422.2
52101,2019-10-13 22:25:00,31.1,1012.4,59,48,11.9,0.6,1302.9
52112,2019-10-13 22:25:00,2.4,1019.7,47,353,12.1,1.3,1227.7
52118,2019-10-13 22:25:00,29.8,1021.6,81,306,6.7,0.5,1373.8
52203,2019-10-13 22:25:00,30.9,1015.9,85,16,14.2,0.3,1497.3
52313,2019-10-13 22:25:00,23.3,1026.0,81,355,11.4,1.5,1280.4
56444,2019-10-13 22:25:00,29.8,1011.8,49,88,10.0,1.0,1123.1
56533,2019-10-13 22:25:00,12.6,1011.9,30,109,10.5,0.5,1384.8
56543,2019-10-13 22:25:00,14.7,1008.0,8,85,5.4,1.1,1167.3
56548,2019-10-13 22:25:00,20.5,1001.1,53,268,7.1,0.0,1210.3
56586,2019-10-13 22:25:00,25.3,1017.3,12,254,10.7,0.3,1276.7
56643,2019-10-13 22:25:00,25.0,1025.6,89,53,7.2,0.1,1415.3
56651,2019-10-13 22:25:00,17.5,1025.7,23,214,9.2,0.1,1159.8
56664,2019-10-13 22:25:00,10.8,1009.2,14,35,10.8,0.1,1170.2
56684,2019-10-13 22:25:00,11.8,1007.1,83,200,7.5,0.1,1024.2
56739,2019-10-13 22:25:00,2.7,1006.7,61,313,11.5,1.2,1004.3
56748,2019-10-13 22:25:00,27.5,1016.6,14,108,10.3,0.3,1017.7
56751,2019-10-13 22:25:00,32.2,1014.0,55,116,3.7,0.7,1479.3
56763,2019-10-13 22:25:00,26.7,1008.1,19,160,3.8,1.2,1103.0
56768,2019-10-13 22:25:00,8.1,1020.8,99,241,10.7,0.2,1231.6
56778,2019-10-13 22:25:00,2.7,1015.3,26,311,8.4,1.0,1152.7
56786,2019-10-13 22:25:00,6.3,1011.5,7,59,9.2,1.3,1330.4
56838,2019-10-13 22:25:00,5.9,1021.2,79,72,11.9,1.2,1086.5
56856,2019-10-13 22:25:00,8.0,1014.1,65,186,9.9,0.6,1345.4
56872,2019-10-13 22:25:00,21.2,1005.4,74,120,3.9,1.4,1126.3
56875,2019-10-13 22:25:00,20.3,1008.0,75,356,11.8,0.1,1424.4
56886,2019-10-13 22:25:00,6.6,1018.9,44,204,12.6,1.3,1269.4
56946,2019-10-13 22:25:00,19.8,1024.2,41,206,2.5,0.4,1177.8
56950,2019-10-13 22:25:00,6.5,1018.5,12,284,4.7,0.1,1101.3
56951,2019-10-13 22:25:00,28.7,1002.7,8,22,8.0,0.5,1422.8
56954,2019-10-13 22:25:00,25.8,1013.4,39,70,10.8,0.1,1454.1
56959,2019-10-13 22:25:00,8.9,1012.6,84,134,7.8,1.2,1483.6
56964,2019-10-13 22:25:00,33.2,1001.0,26,181,10.1,0.1,1437.1
56966,2019-10-13 22:25:00,18.7,1025.6,30,24,1.5,0.0,1397.8
56969,2019-10-13 22:25:00,2.0,1017.7,30,143,3.8,0.3,1263.9
56977,2019-10-13 22:25:00,23.2,1020.7,62,96,0.9,0.0,1380.7
56985,2019-10-13 22:25:00,17.8,1015.8,16,295,4.9,0.1,1363.2
56986,2019-10-13 22:25:00,23.5,1004.2,43,350,1.0,0.3,1417.9
56991,2019-10-13 22:25:00,12.7,1003.4,86,31,3.8,1.5,1346.9
59007,2019-10-13 22:25:00,11.2,1023.1,73,335,13.9,0.5,1413.1
58448,2019-10-13 22:25:00,21.1,1006.0,87,189,0.0,0.9,1359.8
58450,2019-10-13 22:25:00,19.1,1004.4,62,55,7.8,1.5,1216.9
58457,2019-10-13 22:25:00,19.0,1014.5,45,46,9.4,0.1,1428.0
58464,2019-10-13 22:25:00,20.4,1014.8,56,351,8.5,0.0,1086.9
58467,2019-10-13 22:25:00,14.0,1011.8,3,124,4.5,1.2,1352.6
58472,2019-10-13 22:25:00,24.5,1009.1,99,229,3.8,1.5,1049.2
58477,2019-10-13 22:25:00,18.8,1019.8,63,197,9.8,1.4,1039.3
58543,2019-10-13 22:25:00,21.5,1009.3,13,39,13.6,0.3,1316.2
58549,2019-10-13 22:25:00,27.0,1014.5,30,77,11.1,1.1,1314.7
58553,2019-10-13 22:25:00,27.0,1004.6,88,74,1.2,0.1,1124.1
58556,2019-10-13 22:25:00,26.4,1023.5,14,129,1.8,0.7,1084.9
58557,2019-10-13 22:25:00,0.6,1018.1,2,165,12.6,0.1,1129.4
58562,2019-10-13 22:25:00,0.8,1023.2,88,18,13.0,0.8,1367.4
58569,2019-10-13 22:25:00,27.4,1018.4,10,29,7.2,0.4,1042.3
58633,2019-10-13 22:25:00,25.0,1009.0,65,179,13.7,1.3,1430.8
58646,2019-10-13 22:25:00,25.8,1024.6,39,345,14.2,1.1,1444.8
58652,2019-10-13 22:25:00,3.7,1018.1,41,215,14.1,1.5,1118.1
58665,2019-10-13 22:25:00,17.5,1006.4,61,242,9.5,0.1,1304.4
58666,2019-10-13 22:25:00,15.0,1001.9,20,245,10.6,1.5,1005.2
58667,2019-10-13 22:25:00,4.8,1008.9,6,90,7.1,1.5,1086.9
58742,2019-10-13 22:25:00,11.8,1005.7,72,316,9.5,1.5,1443.4
58752,2019-10-13 22:25:00,19.1,1005.3,45,49,3.4,1.2,1470.5
58760,2019-10-13 22:25:00,25.7,1025.1,88,200,4.5,0.2,1222.5
57348,2019-10-13 22:25:00,3.2,1020.9,2,125,10.8,0.2,1358.0
57426,2019-10-13 22:25:00,14.3,1002.4,77,107,4.3,1.5,1449.7
57432,2019-10-13 22:25:00,17.5,1003.3,55,149,4.8,1.4,1254.1
57502,2019-10-13 22:25:00,17.4,1024.9,63,197,13.0,0.5,1066.2
57512,2019-10-13 22:25:00,17.1,1016.4,27,282,10.3,0.7,1174.6
57516,2019-10-13 22:25:00,34.2,1024.8,28,15,4.4,1.1,1181.7
57517,2019-10-13 22:25:00,0.7,1005.0,26,261,6.0,0.3,1339.2
57520,2019-10-13 22:25:00,30.8,1017.4,50,176,3.4,0.3,1031.1
57523,2019-10-13 22:25:00,15.0,1007.4,35,24,12.3,1.2,1253.0
57536,2019-10-13 22:25:00,2.7,1002.6,59,153,8.1,0.9,1298.9
57612,2019-10-13 22:25:00,20.1,1006.6,84,98,4.1,0.4,1497.4
57633,2019-10-13 22:25:00,2.5,1020.0,11,45,12.1,0.3,1284.7
